육아하면서 가장 많이 사용하는 기저귀뭔 기저귀를 써야하나
 다른 분들이 엄청 고민하길래같이 덩달아 고민했었다능다행히 저희 아가는 무슨 기저귀를 써도발진은 안일어나는 것 같더라구요발진유무는 빼고 적는 개인적인 기저귀비교 후기 
 조리원 나와서 가장 먼저 사용해본 킨도 올데이킨도브랜드에도 라인이 여러 종류임소변표시줄이 없다고 하던데 올데이는 있어요조리원에서 사용하던 신생아 기저귀가 르소메였는데르소메에서 킨도로 갈아탔을땐 뭣도 모르고아 확실히 퀄리티가 별로네 뭐 이러냐 싶을 정도로넘나 부드러운거 근데 좀 저렴한 느낌의 부드러움엠보도 뭐도 없었던 기억근데 르소메가 진짜 진짜 좋은거였음ㅋㅋㅋㅋㅋㅋㅋㅋㅋㅋㅋㅋㅋㅋㅋㅋㅋㅋ지금에서야 생각해보면 킨도 정도면가성비가 정말 괜찮은 브랜드구나 싶어요흡수력도 나쁘지 않았음개월차 때라서 밤에도 서너시간마다 깨니이게 밤귀저귀로 괜찮은 제품인지 아닌지는판단을 할 수 없었지만다른 엄마들은 밤기저귀로 킨도도 많이이용하시는 것 같아요
 귀애랑 기저귀이거 매 팩짜리를 팩에 
 원에 팔길래장당 원 꼴오로지 가격 때문에 혹해서 구매함엘지 생건에서 나온 한방라인이니 뭐믿고 사는거 아니겠어? 하고 샀다가 날벼락ㅋㅋㅋㅋㅋㅋㅋㅋㅋㅋㅋㅋㅋㅋㅋㅋㅋㅋㅋ나도 생리대 귀애랑 쓰는데요... 엘지님이렇게 뒷통수 치기 있기 없기완전 뭔가 별로였다기저귀에 대한 경험치가 부족했던 탓이었을까?정말 이건 가격 아니었으면 절대 안샀을걸왜 싸다고 사가지고 다른 더 좋은걸 못썼을까 싶음킨도 한팩 쓸때는 별로 느끼지 못했는데귀애랑 쓰고나서 아
밤기저귀를 따로 사야겠구나하고... 밤기저귀를 장만함ㅋㅋㅋㅋㅋㅋ남은걸 다시 팔아야하나 고민도 했는데그게 더 귀찮아서 낮에 막 쓰고 버릴 생각으로사용한게 지금 벌써 팩 사용하고 마지막 팩째 시작이거 다 쓰면 윗단계로 넘어가면 되게땅 히히지금 와서 생각해보면 어차피 낮에는 자주 갈아주는데가격면에서 부담없이 막 쓰기 나쁘지 않은 것 같음 소형이인데
거의 정사이즈인듯 싶고실제로는까지 무난하게 사용할 수 있을듯 해요저희 아가 일 쯔음에 .였고지금 대략 . 정도 예상되는데 딱 정사이즈 느낌아기가 꿀벅지는 아닌듯 싶음. ㅋㅋㅋㅋ그나저나 많이 컸다. 처음 사용했을 땐기저귀가 너무 커서 달랑?거리는 느낌이었는데 ㅋㅋ지금은 이쁘게 딱 맞아 
 귀애랑보다 더 별로인 기저귀는 없을꺼야
 라고 생각하며 다음으로 구매해 본베피스 엑스트라 드라이팩 매입 팩 
 원. 장당 원꼴.와우 넘나 씐나는거구매했다 귀애랑에 대한 실망이 넘 컸던건지
 처음엔 그래
이게 낫구나. 싶었는데쓰면 쓸수록...넘나 별로인거....기저귀가 왜 이렇게 빳빳해요. ㅋㅋㅋㅋ밴드부분이 최고로 뻣뻣함기저귀 갈때 새 기저귀 밑에 깔고사용한 기저귀를 아기 다리 사이로 빼내면밴드가 안쪽 허벅지를 쓸고 올라오면서아기가 짜증을 낼 때가 있어요.소형인데
사실상 키로 까지 절대 못쓸듯사이즈가 많이 작게 나왔어요쓰다보면 허벅지가 조금씩 붉게 올라옴이거 먼저 쓰자 하고 제일 먼저 써버림...귀애랑은 가격보고 한번 더 사볼 의향은 있지만베피스는 절대 안살꺼야......... 
 오늘의 마지막
케이맘 처음 기저귀마더케이에서 나오는 기저귀 브랜드
케이맘인데요다른 기타 육아용품 준비하면서마더케이를 많이 이용해보기도 했고
 국산브랜드라 더욱 맘에 들었어요.그리고 디자인도 넘 아기자기한게 귀엽고 이뻐기저귀가 그렇게 저렴한 편은 아니던데
 핫딜로 팩 
 원에 가끔 뜹니다. ㅋㅋㅋ사이즈는 장당 원 꼴소량 들은거 있고
점보팩이 있음소량팩은 어디 외출할 때나 박일로 가볍게 여행갈때 들고 다니기 넘 편해요 
 디자인이 두가지임. 넘나 귀여워 ㅠㅠㅠㅠㅠㅠㅠ사이즈별로 다른 동물 디자인이라고 하는데아기여우 너무 이쁜거 아니니ㅋㅋ일단 촉감이 넘나 좋아요. 개취 바깥도 부드럽고
안쪽 엠보도 부드럽고뭔가 여태껏 사용해 본 기저귀랑은 다르다..흡수도 짱 조아 ㅎㅎ 밤기저귀로 낙찰 근데 아기가 서서히 통잠을 자기 시작하면서살짝 새더라구요. 큰사이즈로 해주면 나으려나??ㅠ발버둥 겁나 치다가 일어나서 보면 기저귀가내려가있기도 함.......이건 딸랑구 니 탓이다 ㅋㅋ시간 정도 까진 괜찮은데
 시간 넘어가면 좀 새요근데 이건 다른 기저귀도 마찬가지일거라는육아선배 친구님의 말씀 ㅋㅋㅋㅋ그렇다고 중간에 갈아주다가는 무조건 깨고...그냥 새면 옷을 갈아입혀주는걸로....ㅠ시간 통잠이 어디냐...감지덕지사이즈도 적당해요.인데 저희 아가 아직까지 무난하게 사용 중키로 들어서면 다음 단계로 한치수 업하시는 것도 좋을 것 같아요.케이맘 기저귀는 핫딜 뜨면 무조건 사는걸로최고당퀄리티 대비 인지도가 너무 없어서 슬프네 엉엉기저귀 비교 커밍순 .?신생아기저귀신생아기저귀.?기저귀추천기저귀추천 .?밤기저귀추천밤기저귀추천.?킨도올데이킨도올데이 .?귀애랑기저귀귀애랑기저귀.?베피스베피스.?마더케이기저귀마더케이기저귀 .?케이맘기저귀케이맘기저귀.?케이맘처음기저귀케이맘처음기저귀 .?밴드기저귀밴드기저귀 
.개월동안.아기 키우며 여러가지귀저기 를 거치고있다.처음 조리원쓰던 군 에서 시작해서 샘플로온 팸퍼스 까지 다양하게 써보았다.지금까지 다행히 발진은 없었다.군기저귀는 평타치는것같음 팸퍼스도 저녁귀저기로 괜찮은것같고 .군 계속쓰다가 선물받은게 있어서 갈아타봄.일본거라 찝찝 한게어느정도 있기도해꾸요.사용하는동안 발진도없고 별문제는 없슴미당ㅎ..우리아기는 발진은 없고.그냥 엉덩이 빨개진정도 .발진이 없어서 너무감사했다.암것도 모를때.엉덩이발진을 걱정하며물로씻기리라 천기저귀하겠다고 다짐했지만.쓸대없는걱정이었다..케이스바이케이스 겠지만.물티슈와 기저귀 잘갈아주고 엉덩이피부 관리만잘해줘도 발진이 없는것같다.지극히 내애기준으로ㅋㅋ..여기부터 기저귀 리뷰시작..가격.가격 순위는 저렴한 순으로 .베피스소프트앤핏 중형 매 최저가원.하기스매직핏남아용 단계만원중반.네이쳐메이드 남아용 단계 만원중반. 순이다. 길이및 샘방지선 비교베피스네이쳐메이드매직핏
 .베피스가젤 길고네이처가 젤 짧다사진상 잘나오진 않았지만 샘방지선과 뒷부분을잡아주는 선들이 베피스아주 깡깡해보인다특히베피스는 배꼽위까지올라와서갠적으로는 길게올라오는게 좋은것같음 
 .내부 흡수면 비교베피스네이쳐메이드매직핏
 .맨아래 찍힌 매직핏이 가장두꺼움 베피스가 가장얇음 흡수율면에서는 매직핏이 가장 난것같음.. .각각장단점 . 베피스.장점얇고 길고옆 밴드 도 탄탄해서 잘안샘앞뒤라고 써있어서 밴드보고 앞인지 뒤인지 안찾아도됨베뤼 굿.단점흡수력이 아무래도 얇다보니 다른기저귀에비해 자주갈아주면 상관없음. 
 .네이쳐 메이드.장점 개인적으로 디자인 좋음.기저귀닿는부분들이 좀 부드러운것 같음 특히 공용은 날개처럼 돼있던것 같음 밤부재질이라함 ..단점밤귀저기론 비추 이유는 가끔 샘 상대적 짧아서 그런것 같음 오줌많이 싸면 기저귀 무거움 
 . 매직핏..장점대체적으로 위 제품들의 단점을 커버 함 .단점약간 닿는면들이 뻑뻑하다고 느껴짐.나의생각.....위에설명했듯이.나는 발진예방을위해.최대한 피부자극 안하고 물티슈 로 닦은뒤.로션 발라주고 기저귀도 자주 갈아주고있음.종종.방수요나 속싸개 깔아주고 기저귀없이 있게하기도함좋다고 소문난기저귀들은.가격이 사악하다 보니 가격이저렴하고 가성비좋은 .베피스로 활동많은 낮에 사용하고.땀많은날엔 부드러운 내이쳐메이드 .잘땐 매직핏 착용하고있음..오늘도 소중한 울아기 뽀송뽀송 엉덩이를 위해 화이팅하세용♡♡.. .?기저귀기저귀.?기저귀사용후기기저귀사용후기기저귀추천.?매직핏매직핏하기스네이쳐메이드베피스. 
 베피스 써본 적 있는 맘들 기저귀 어떤가요? 무형광이래서 한번 써보려고하는데 어떤지 궁금해서요사용후기 부탁해요
베피스 드라이핏 팬티 기저귀 후기 
 아기가 돌이 지나니 신기하게도 아장아장 걷기 시작했다.추가로 밤에 자면서 몸부림은 덤그래서인지 낮에도 밤에도.. 새는 기저귀와의 전쟁이 시작되었다.낮에도 활발하게 놀고 나면 어느새 젖어 있는 바지특히나 밤에 바지가 젖어서 깨면 아기도 짜증
옷을 갈아 입히는 나도 짜증이 났다.국민 기저귀 브랜드를 쓰다가 주변 지인들에게 물어봐서 베피스를 구매해보았다. 
 특징밴드가 다르다기존 밴드는 기저귀 재질이 이어져 있어서 잘 늘어나지 않아 아기의 허리에 맞추기 위해 많이 늘려야 했고
 팬티 기저귀의 특성 상 위치를 잘 잡아주기 어려웠다.하지만 베피스를 처음 꺼내보고는 어머 이건 그믈 형태로 되어 있어 쑥 올라가고 아기 허리에도 착 붙는 것이 아닌가남편도 입히기 편하고 아기 허리가 땀도 안차고 좋아 보인다며 이걸로 바꾸자고 칭찬했다.
 특징옆샘 방지가 튼튼요즘 대부분의 기저귀는 옆샘 방지가 되어 있다지만 활달한 돌쟁이의 활동량을 잡아 주지 못했다 ㅠㅠ하지만 베피스는 옆 샘 방지선이 두꺼워서 아기가 마구뛰어 몸부림을 쳐도 아주 소량 새거나 새지 않는다내가 손으로 벌려 보아도 허벅지에 찰싹 붙어 있음특징무형광 제품으로 보송 보송기저귀가 다른 회사 보다 얇다는 느낌이 있다.그래서 금방 불어날 것 같지만 노노긴 외출 중에도 새지 않고 잘 버텨주고흡수량이 어마어마 하다시간 동안 잔뜩 싸도 새지 않고 모두 흡수해서 무거워질 정도특징다양한 디자인 아기는 모르지만 엄마에게는 중요한 부분기저귀를 매일 만지는 엄마에게 귀여운 디자인은 소소한 재미를 준다.덤으로 사진 찍기도 좋다 
뒤처리는 뒤에 붙은 테이프로 쓱 붙이고 휴지통으로 쏙 버리면 된다.
 아기도 편안해하고
갈아주는 엄마 아빠도 편안한 팬티 기저귀베피스 드라이핏 기저귀 
베피스 홈페이지 이벤트를 통해 제공받은 제품을 사용한 후 남기는 후기 입니다. 
 .뽀뽀가 생기기 전엔이벤트 같은 건 관심이 없었다..어쩌다 참여했어도 물론 당첨되어본 적도 없다ㅋㅋ.그런데 뽀뽀를 위해 참여해보는 이벤트는. 우리 복덩이 덕분인지 빵빵 당첨.덕분에 택배가 끊이지 않는 우리집ㅋㅋ.오빠가 퇴근 후 빈 박스를 보며 오늘은 또 뭐냐고...오늘은 뭐냐면 여기다 써볼게ㅎㅎ... 
 ..마더스베이비 수유브라. 
 ..마더스베이비 모유수유 응원 이벤트.나는 수유브라가 갖고 싶어서 소문내기 이벤트만.참여했는데 운 좋게 당첨됐다.😚. 
 ..바비즈몰에서 온 택배
수유브라가 들어있겠지.박스를 열면 예쁜 글이 쓰여있는 카드가 나온다..태어날 아가를 보고 하는 말인가?💕..살면서 첫눈에 사랑에 빠지는 일이 이렇게 또 생기네. 
 ..색이 아이보리다 블랙일 줄 알았는데.사이즈는 보통 두 컵 정도 크게 주문한다길래.타고난 내 덩치붓기 때문에 혹시 안 맞을까 봐.제일 큰 로 시켰는데..많이크다ㅋㅋ.살이 더더더 쪄도 여유 있게 입을 수 있겠다.🤣. 
 ..수유하기 편한 랩 스타일 어깨 끈도 편해 보인다. 
 ..넘넘 시원해 보이는 디자인
 .노 와이어라 더 편하고 단계 후크가 있어서 더 좋다..세탁해서 출산 가방에 넣어놔야지 잘 입을게요. 
 ..베피스 오버액션토끼 기저귀. 
 ..베피스 예비맘 모여라 이벤트.초음파 사진을 간단한 태그 몇 개랑 업로드 당첨. 
 ..택배 택배😆.뽁뽁이 밑에 귀여운 기저귀랑 물티슈가 들어있다.. 
 ..토끼 앞태 뒤태ㅋㅋ 너무 귀엽다ㅋㅋ.소형 매
유통기한도 빵빵해요.뽀뽀 좀 크면 쓸 수 있겠지💕. 
 ..오아 물티슈는 매 짜리.성분 좋고
유통기한도 넉넉하군요ㅎㅎ.기저귀랑 물티슈 잘 쓸게요
베피스. 
 ..마미포코 리프가닉 기저귀 . 
 ..온니유어리프가닉 캡쳐 이벤트.홈페이지에서 가족사진이나 아기사진을 담은.기저귀 디자인을 미리보기 한 후 캡쳐해서 업로드. 
 ..나는 뽀뽀 초음파 사진으로 응모했는데 당첨. 
 ..리프가닉 기저귀는 비닐에 왔어용. 
 ..우아 매 엄청 많이 들어있다.뒤쪽엔 안심하고 쓰라고 쓰여있다
안심 또 안심.유통기한 넉넉하고 이것도 소형이라 나중에 써야지.잘 쓸게요
마미포코..후기 쓰다 알았는데 마미포코가 일본.. 음...받은 건 잘 쓸게요.😅. 
 ..이상
당첨돼서 기분좋은 뽀뽀엄마 였습니다.😍. 
 .. .?이벤트이벤트.?이벤트당첨이벤트당첨.?출산준비출산준비.?임신주임신주.?임산부임산부. .?황금돼지띠아기황금돼지띠아기.?황금돼지띠예비맘황금돼지띠예비맘.?좋아요좋아요 . .?마더스베이비마더스베이비.?수유브라수유브라.?베피스베피스.?오버액션토끼오버액션토끼. .?신생아기저귀신생아기저귀.?마미포코마미포코.?리프가닉기저귀리프가닉기저귀 
 하기스
보솜이
마미포코 이런 종류의 기저귀만 쓰다가 밑에 글에베피스라는 기저귀가 있네요.기저귀를 한번 바꿔 볼까 해서요.사용하신 분들 후기 부탁드립니다.
 베피스 기저귀 밴드 쓰시는 맘님개월 남자아기 기저귀로 어떤지 혹시 제품 추천이나 후기좀 부탁드려요 
 베피스 기저귀 써보신분들 어떠셧어용?후기 좀 알려주세영 ㅎ
 개월 에너자이저 여아 맘 입니다..키로 꿀벅지구요.하기스만 쭉 써오다가아가가 하기스 테이프를 쭈욱 뜯어버리는 일 자주 발생꿀벅지 아가라 허벅지에 쬐는지 자국이 생기고뛰어다니면서 허벅지에 테이프가 쓸려 자꾸만 상처가 생겼어요.하기스에 테이프 마감을 둥글게 해달라고소비자 의견을 개진했지만 회신도 없고.. ㅎㅎ절이 싫으면 중이 떠나야지요. 과감히 하기스와 안녕을 고하고새로운 기저귀를 찾아 떠나기로 합니다. 인터넷에서 무료 샘플링을 구해볼까조동이나 문센 엄마들에게 두어개씩 빌려볼까하는데써봄이라는 사이트가 있더라구요. 여러 종류와 단계로개씩 구매를 할 수 있어요. 테스트해보고 결정하면 되겠다 싶어 빌려서 써봤을 때 좋았던 기저귀와좋다고 주워들은 기저귀들 주문개씩 비닐포장에 네이밍 잘 붙어 왔구요.사진 안 찍은게 아쉽네요.깔끔하게 왔어요구입한거 중에서 슈베스 빼고 하나씩 모아 찍어봤어요. 제가 젤 맘에 든 건비교할 수 있게 표도 만들어져 왔어요. ....... .......? 본문 이미지....... .......? 본문 이미지위에 사진은 함께온 비교표예요.제가 주문한 것들로 저렇게 오더라구요.생각나는대로 쓴거라 너저분해서 내용은 가렸어요.정리해서 후기 쓸게요. 저렇게 있으니 헷갈리지 않고 정확히 비교할 수 있었어요.주문한 기저귀는 모두 팬티형으로페넬로페 씬씬씬 단계여아슈베스 슈퍼슬림 단계공용펨퍼스 드라이 단계공용킨도 프리미엄 단계공용베피스 엑스트라소프트 단계여아입니다. .키로는 주로 단계 쓰는데주문할 때부터 크기가 작다는 평이 있는펨퍼스는 단계로 페넬로페와 킨도는 단계를 써봐서 꿀벅지 아가를 위해 크기 비교를 위해 단계를베피스와 슈베스는 정사이즈를 주문했어요. 기저귀 모두 흡수력 좋고 발진 없고 새지 않았어요.그래서 착용감이나 느낌으로 비교할게요.단점만 먼저 비교하자면팸퍼스는 기저귀 안 알갱이가 만져지고 냄새가 나요. 슈베스는 엉덩이쪽 기저귀 폭이 좁아요.페넬로페는 뜯을 때 힘이 들어요. 뜯다가 빡칠뻔.킨도랑 베피스는 다른 애들에 비해 뻣뻣하고 두꺼운 느낌.그래서 저는 슈베스를 한사이즈 업해서 단계로 구입했어요.부드러움과 얇음도 만족하고페넬로페에 비해 조금 저렴하고 잘 뜯겨서요.밤기저귀로 따로 하지 않아도 새지 않고 잘 잡아주네요. 무엇보다 땡땡이가 귀여워요. 기저귀만 입고 쏘다녀도 귀욤터지네요.기저귀 고민 중이 분들은 써봄이라는 사이트에서테스트해보세요. 좀 더 일찍 알았더라면 아가 허벅지 상처도 덜 생겼을텐데 미안해지더라구요. 
 천연코튼쓰는데 가격이절계속배신하구있네요ㅠ후기보면베피스괜찮던데쓰시는분들 밤기저귀로어떻나요?
.쾌적흡수더마테스트 인증.베피스 젠틀온 기저귀 체험단 명 모집. . .● 이벤트 안내. 응모기간월 일 월 일. 당첨자 발표월 일. 당첨상품베피스 신제품 젠틀온 기저귀 . 당첨인원명. . 체험제품 자세히보기.. ..● 덧글 신청방법 안내.. 이벤트 게시글을 본인 블로그와 로 스크랩 한 .. 베피스 젠틀온 기저귀가 필요한 이유.. 아기 성별개월 수기저귀 사용 단계. 사이즈대형특대형점보..● 후기작성 미션 안내. 맘스홀릭베이비 카페건블로그건. 후기 작성기간 목 까지. 후기 작성 시
아래 공정위 지시 문구는꼭 눈에 잘보이게 강조해서 삽입해주세요.. 예시 업체명 로부터 제품을 무상으로 지원받아 작성된 후기입니다.. 쾌적흡수로 아기 피부가 보송보송한 기저귀 내용 필수. 독일 더마테스트 최고등급 인증 받은 부드러운 쾌적한 팬티기저귀라는 내용 필수. 기저귀를 입은 아이의 모습 필수. 필수 태그 .?베피스베피스.?젠틀온젠틀온.?베피스젠틀온베피스젠틀온.?쾌적흡수쾌적흡수.?기저귀추천기저귀추천.?팬티기저귀팬티기저귀 그 외
기저귀 관련 태그..● 우수후기 당첨 안내. 우수후기 당첨 상품오닉피노유기농 순면커버 생리대 종 명. 우수후기 당첨자 발표수.. .?베피스베피스. .?기저귀기저귀. .?베피스기저귀베피스기저귀. .?기저귀체험단기저귀체험단. .?신상기저귀신상기저귀. .?베피스신상기저귀베피스신상기저귀. .?베피스젠틀온베피스젠틀온. .?젠틀온젠틀온. .?젠틀온기저귀젠틀온기저귀. .?더마테스트더마테스트. .?쾌적흡수력쾌적흡수력. .?흡수력좋은기저귀흡수력좋은기저귀. .?흡수기저귀흡수기저귀. .?독일더마테스트독일더마테스트. .?최고등급최고등급. .?부러움부러움. .?기저귀추천기저귀추천. .?기저귀체험단기저귀체험단. .?맘스클럽맘스클럽. .?체험단체험단. .?이벤트이벤트 
.베피스 기저귀 팬티형
밴드형 리뷰.. 
 발진이 잘 나는 아기라서여러가지 바꿔 써봤는데이건 무난히 잘 사용중이다.라서 권장사이즈대로 을 입혀보니작아서 꽉 껴서.... 로 써야한다.소변흡수 잘되고
새는것도 없지만밴드형보다는 소변이 금방 차올라 뭉툭해지고 무거워져서낮에는 팬티형을 쓰고
밤에는 밴드형을 쓴다.개인적으로 페넬로 팬티형과 비슷한 퀄리티 같고가격대비 좋아서 베피스를 계속 사서 쓴다. 
 이것도 권장사이즈 보고 사니 좀 작다.막 움직이다가 붙여놓은 밴드가 떨어져버림딸이 덩치가 좀 있는데몸무게가찍은 후부터는 사이즈로 입혔다.돌무렵 부터인듯.소변을 흡수하는 양도 많고
새지도 않아서외출할때랑 밤기저귀로 유용하다.자주 안갈아줘도 발진이 안나서편하다ㅋㅋㅋ엉덩이부분을 타이트하게 붙이지 않으면엉덩이부위가 떠서 소변이 새버린다.이건 다른 밴드형기저귀도 마찬가지일듯... 
 소형기저귀 때부터 쭉 써온 기저귀다.처음에는 저렴해서 구매했었고이후에 다른 기저귀도 이것저것 써봤는데엉덩이 발진 문제로 베피스로 정착.가격
흡수력
밴드늘림등여러가지 부분도 만족이다.다만 권장사이즈보다는 더 큰 사이즈를 주문해야한다. 주의하기내돈주고 사서 써본 후기.?베피스기저귀베피스기저귀.?.?팬티형팬티형.?밴드형밴드형.?발진없는기저귀발진없는기저귀 
 베피스 맞나요?밴드가 마미포코가 맘에 들어서 첫째 둘째 팬티부터는 계속 쓰고 있는데
이번여름 새로나온 쿨웨이브주위에서 베피스?가 마미포코 밴드랑 비슷하고 괜츈하다하길래..혹시 써보신분 계시면 후기좀 부탁드려요그리구.. 소프트? 뭐 그런 라인별로 있는것 같던데..그것도 알려주심 더욱 감사용
베피스 모션 핏 팬티형 기저귀 남여공용 특대형 단계 총 
 개 상품평의 평균 별점★★★★☆ 
.▼ 후기 및 제품정보 열기 ▼ 
품명 및 모델명
일회용 기저귀
 인증 필 유무
유★★★★
흰색 외
안감부직포
흡수층분쇄펄프
고분자흡수체
방수층폴리에틸렌필름
테이프재접착테이프
사용연령 또는 체중범위
동일모델의 출시년월
년 월
제조자수입자
주서림
제조국
대한민국
취급방법 및 취급시 주의사항
안전표시
제품은 아기의 손이 닿지 않는곳에 보관해주세요. 벌레나 이물질 등이 들어가지 않도록 밀봉하여 보관하여 주세요. 직사광선을 피해 서늘한곳에 보관해주세요.
품질보증기준
공정거래위원회 고시소비자분쟁해결기준에 의거하여 보상해 드립니다.
 제조년월일 ▷ 제조국 ▷ 대한민국개당 수량 ▷ 매수량 ▷ 팩단계 ▷ 특대 
상품평
최고 ★★★★★★☆
좋음 ★★
보통 ☆
별로 ☆
나쁨 ☆
사이즈
예상보다 작아요 ★
정사이즈예요 ★★★★★★★★
예상보다 커요 ☆
두꺼워요 ☆
보통이에요 ★★★★★★★★
얇아요 ★
 단계모션 핏 베피스 팬티형 특대형 남여공용 기저귀 
 예쁜 공주님에서는 여러 물건들을 지속적으로 소개해드립니다
물건 구매하시기 전에 공식 사이트에서 한번 더 정보를 확인해주세요. 
쾌적흡수더마테스트 인증베피스 젠틀온 기저귀 체험단 명 모집● 이벤트 안내 응모기간월 일 월 일 당첨자 발표월 일 당첨상품베피스 신제품 젠틀온 기저귀당첨인원명체험제품 자세히보기.. ● 덧글 신청방법 안내. 이벤트 게시글을 본인 블로그와 로 스크랩 한 . 베피스 젠틀온 기저귀가 필요한 이유. 아기 성별개월 수기저귀 사용 단계 사이즈대형특대형점보● 후기작성 미션 안내 맘스홀릭베이비 카페 건 블로그 건 후기 작성기간 목 까지 후기 작성 시
아래 공정위 지시 문구는꼭 눈에 잘보이게 강조해서 삽입해주세요. 예시 업체명 로부터 제품을 무상으로 지원받아 작성된 후기입니다. 쾌적흡수로 아기 피부가 보송보송한 기저귀 내용 필수 독일 더마테스트 최고등급 인증 받은 부드러운 쾌적한 팬티기저귀라는 내용 필수 기저귀를 입은 아이의 모습 필수 필수 태그 .?베피스베피스.?젠틀온젠틀온.?베피스젠틀온베피스젠틀온.?쾌적흡수쾌적흡수.?기저귀추천기저귀추천.?팬티기저귀팬티기저귀 그 외
기저귀 관련 태그● 우수후기 당첨 안내 우수후기 당첨 상품오닉피노유기농 순면커버 생리대 종 명 우수후기 당첨자 발표수 
 택배가 올일이 없는데 택배가 왔다는 거예요알고보니 베피스 오리엔탈 허브종에 당첨써보고 후기를 쓸까합니다....... .......? 본문 이미지....... .......? 본문 이미지베피스 오리엔탈 허브 워시거품이 잘 나요.향도 물론 좋구요부드럽고 보습이 오래가서 좋았어요워시는 머리부터 발끝까지 샴푸로도 쓰셔도 되요♡....... .......? 본문 이미지....... .......? 본문 이미지베피스 오리엔탈 허브 마일드 샴푸이건 레몬향같은데 제 스타일손에 문질면 거품나기가 조금 힘든데머리결에하면 두번만 돌려도 거품이 짱짱짱....... .......? 본문 이미지....... .......? 본문 이미지베피스 오리엔탈 허브 로션이 아이도 부드러우면서 잘 스며들었어요가벼운느낌인줄 알았는데오랫동안 머물고있어서 좋더라구요 굿굿....... .......? 본문 이미지....... .......? 본문 이미지베피스 오리엔탈 허브 수딩미스트전 미스트를 사용안해요있다하여도 그냥 방치?ㅋㅋ기저귀 발진용으로 쓰는데 쏘쏘 솔직히 금방날라가는 미스트는 전 잘 모르겠어요쓰는방법을 잘 몰라서 그런거일수도 있겠죠?....... .......? 본문 이미지....... .......? 본문 이미지베피스 오리엔탈 허브마사지오일이거 물건건조한부분에 썻는데 바로 스며들더라구요제손에도 바로스며들고 촉촉이건 재구매 의사가 있는 아이였어요....... .......? 본문 이미지체험단을 하면서 이아이 저아이 써보니 재구매의사도 있고 좋은 경험이였습니다감사합니다 
긍정이의 쾌적함을 위해 기저귀체험단 응모기저귀유목민 생활을 끝낼것인가?쾌적흡수더마테스트 인증베피스 젠틀온 기저귀 체험단 명 모집● 이벤트 안내 응모기간월 일 월 일 당첨자 발표월 일 당첨상품베피스 신제품 젠틀온 기저귀당첨인원명체험제품 자세히보기.. ● 덧글 신청방법 안내. 이벤트 게시글을 본인 블로그와 로 스크랩 한 . 베피스 젠틀온 기저귀가 필요한 이유. 아기 성별개월 수기저귀 사용 단계 사이즈대형특대형점보● 후기작성 미션 안내 맘스홀릭베이비 카페 건 블로그 건 후기 작성기간 목 까지 후기 작성 시
아래 공정위 지시 문구는꼭 눈에 잘보이게 강조해서 삽입해주세요. 예시 업체명 로부터 제품을 무상으로 지원받아 작성된 후기입니다. 쾌적흡수로 아기 피부가 보송보송한 기저귀 내용 필수 독일 더마테스트 최고등급 인증 받은 부드러운 쾌적한 팬티기저귀라는 내용 필수 기저귀를 입은 아이의 모습 필수 필수 태그 .?베피스베피스.?젠틀온젠틀온.?베피스젠틀온베피스젠틀온.?쾌적흡수쾌적흡수.?기저귀추천기저귀추천.?팬티기저귀팬티기저귀 그 외
기저귀 관련 태그● 우수후기 당첨 안내 우수후기 당첨 상품오닉피노유기농 순면커버 생리대 종 명 우수후기 당첨자 발표수 
베피스 젠틀온 기저귀 체험단 명 모집쾌적흡수더마테스트 인증 기저귀 ...?...? 
 .쾌적흡수더마테스트 인증.베피스 젠틀온 기저귀 체험단 명 모집. . .● 이벤트 안내. 응모기간월 일 월 일. 당첨자 발표월 일. 당첨상품베피스 신제품 젠틀온 기저귀 . 당첨인원명. . 체험제품 자세히보기... ..● 덧글 신청방법 안내.. 이벤트 게시글을 본인 블로그와 로 스크랩 한 .. 베피스 젠틀온 기저귀가 필요한 이유.. 아기 성별개월 수기저귀 사용 단계. 사이즈대형특대형점보..● 후기작성 미션 안내. 맘스홀릭베이비 카페 건 블로그 건. 후기 작성기간 목 까지. 후기 작성 시
아래 공정위 지시 문구는꼭 눈에 잘보이게 강조해서 삽입해주세요.. 예시 업체명 로부터 제품을 무상으로 지원받아 작성된 후기입니다.. 쾌적흡수로 아기 피부가 보송보송한 기저귀 내용 필수. 독일 더마테스트 최고등급 인증 받은 부드러운 쾌적한 팬티기저귀라는 내용 필수. 기저귀를 입은 아이의 모습 필수. 필수 태그 .?베피스베피스.?젠틀온젠틀온.?베피스젠틀온베피스젠틀온.?쾌적흡수쾌적흡수.?기저귀추천기저귀추천.?팬티기저귀팬티기저귀 그 외
기저귀 관련 태그..● 우수후기 당첨 안내. 우수후기 당첨 상품오닉피노유기농 순면커버 생리대 종 명. 우수후기 당첨자 발표수. .
..쾌적흡수더마테스트 인증.베피스 젠틀온 기저귀 체험단 명 모집. . .● 이벤트 안내. 응모기간월 일 월 일. 당첨자 발표월 일. 당첨상품베피스 신제품 젠틀온 기저귀 . 당첨인원명. . 체험제품 자세히보기... ..● 덧글 신청방법 안내.. 이벤트 게시글을 본인 블로그와 로 스크랩 한 .. 베피스 젠틀온 기저귀가 필요한 이유.. 아기 성별개월 수기저귀 사용 단계. 사이즈대형특대형점보..● 후기작성 미션 안내. 맘스홀릭베이비 카페 건 블로그 건. 후기 작성기간 목 까지. 후기 작성 시
아래 공정위 지시 문구는꼭 눈에 잘보이게 강조해서 삽입해주세요.. 예시 업체명 로부터 제품을 무상으로 지원받아 작성된 후기입니다.. 쾌적흡수로 아기 피부가 보송보송한 기저귀 내용 필수. 독일 더마테스트 최고등급 인증 받은 부드러운 쾌적한 팬티기저귀라는 내용 필수. 기저귀를 입은 아이의 모습 필수. 필수 태그 .?베피스베피스.?젠틀온젠틀온.?베피스젠틀온베피스젠틀온.?쾌적흡수쾌적흡수.?기저귀추천기저귀추천.?팬티기저귀팬티기저귀 그 외
기저귀 관련 태그..● 우수후기 당첨 안내. 우수후기 당첨 상품오닉피노유기농 순면커버 생리대 종 명. 우수후기 당첨자 발표수. .
쾌적흡수더마테스트 인증베피스 젠틀온 기저귀 체험단 명 모집● 이벤트 안내 응모기간월 일 월 일 당첨자 발표월 일 당첨상품베피스 신제품 젠틀온 기저귀당첨인원명체험제품 자세히보기.. ● 덧글 신청방법 안내. 이벤트 게시글을 본인 블로그와 로 스크랩 한 . 베피스 젠틀온 기저귀가 필요한 이유. 아기 성별개월 수기저귀 사용 단계 사이즈대형특대형점보● 후기작성 미션 안내 맘스홀릭베이비 카페 건 블로그 건 후기 작성기간 목 까지 후기 작성 시
아래 공정위 지시 문구는꼭 눈에 잘보이게 강조해서 삽입해주세요. 예시 업체명 로부터 제품을 무상으로 지원받아 작성된 후기입니다. 쾌적흡수로 아기 피부가 보송보송한 기저귀 내용 필수 독일 더마테스트 최고등급 인증 받은 부드러운 쾌적한 팬티기저귀라는 내용 필수 기저귀를 입은 아이의 모습 필수 필수 태그 .?베피스베피스.?젠틀온젠틀온.?베피스젠틀온베피스젠틀온.?쾌적흡수쾌적흡수.?기저귀추천기저귀추천.?팬티기저귀팬티기저귀 그 외
기저귀 관련 태그● 우수후기 당첨 안내 우수후기 당첨 상품오닉피노유기농 순면커버 생리대 종 명 우수후기 당첨자 발표수 
세벨귀 오버액션토끼 기저귀 
 베피스기저귀 신제품 
 안녕하세요. 짱짱맘이예요가끔은 예쁜디자인의 기저귀를 입고싶을때 있잖아요.근데 디자인만 이쁜기저귀일지 몰라서 쓰던걸로 쓰게되던때가 종종있었는데요.또 여름이 돌아오니 예쁜 기저귀를 채우고 싶은 열망이 생기네요그치만 또 맘에 안드는 기저귀일까 쉽사리 기저귀를 바꾸지 못하고 있었는데 제가 애용하던 베피스에서 여름을 맞이해서?벌써여름인가??여름 신제품으로 제가 정말 좋아하는 오버액션토끼를 캐릭터로 기저귀를 출시했더라구요. 
 어쩜 너무 기여운 오버액션토끼가 떡하니 그려져있는것도 모자라서 엉덩이에는 세젤귀라고 적혀있는데 완전 심쿵했답니다. 
 일부로 바지도 안입혔어요.날도 덥기도 하고 엉덩이에 적힌 세젤귀라는 단어도 보고싶었구요.정말로 너무 이쁘다는 말만 생각했었는데 세젤귀라고 떡하니 적혀있으니까 마치 이름표를 달아준것같이 너무 잘어울렸답니다.볼때마다 궁둥이를 팡팡 해주고플 만큼 너무 기여운 디자인이예요. 
 귀엽기만 하면 베피스가 아니죠?디자인도 귀엽지만 정말 엄청난 흡수력을 자라아한답니다뛰어난 뽀송함으로소변을 빠르게 많은양을 흡수 해서 쾌적함을 유지해줘서 더운여름에 기저귀발진에 대비할수가 있어요. 
활동적인 우리 짱짱이에게 샘방지가 정말 중요한데 안심 이중 샘방지 시스템으로 많이 움직여도 큰동작에도 옆으로 샘없이 편안하답니다.소변알림마크는 적은양으로도 노란색에서 초록색으로 바뀌어서 제때 우리 짱짱이의 기저귀를 갈아줄수가 있어요.
 신축성이 뛰어난 입체핏으로 엄청나게 움직이고 뛰어다니고 다리찍기도 하는 우리 짱짱이의 움직임에 있어서 편안하고 자유롭게 해준답니다. 
 정말 세젤귀 뒷모습이예요 
 예쁜디자인에도 뛰어난 기능성까지 더해서 제가 원하던 기저귀예요자주 이용하던 베피스라서 더 안심하고 이용할수가 있답니다. 
 예쁘기만하면 베피스가 아니잖아요.오버액션 캐릭터가 기저귀에 그려져 있어서 입을때마 너무 귀염터지고 통기성 소재를 이용해서 공기가 잘 통하도록 만들었답니다.기저귀 안까지 언제나 쾌적하게 유지해준답니다.요즘처럼 덥고 습한날씨에는 정말 제격인것같아요.여름기저귀로 베피스 오버액션 기저귀로 여름나보려고해요.오버액션 쏙 패드로 밤에 양이 많은 아이들에게도 좋답니다. 
 친절한 오버액션토끼와 곰이 뜯는곳까지 알려주네요.뜯는곳 찾기 어려운 기저귀도 많은데이런 친절함에 세심한 감동도 느꼈답니다. 
 이미지와 맞게 뛰어난 깔끔함으로 기저귀봉투까지 포함되어있어요.요즘엔 날이 더워서 매직캔에 그냥 버려도 버릴때마다 고약한 냄새가 올라오곤하는데 버릴때 오버액션기저귀봉투를 사용하면 정말 좋을듯해요. 
 사이즈도 넉넉해서 기저귀가 두개나 들어간답니다.일반 위생봉투와는 다르게 얇고 부드러운 촉감에 잘 찢어지지 않는 제질이예요.덕분의 기저귀 냄새를 잘 잡아주더라구요. 
 집에서도 요렇게 쓰지만 외출해서는 더 요기나게 쓸수 있을듯해요.매번 사용후 그냥 버리기 일쑤였는데 오버액션 기저귀봉투를 사용하면 보다 외출해서도 보다 깔끔하게 뒤처리를 할수 있답니다. 
 요즘은 길게 외출하는일이 많치 않아서 쓰레기통옆에 배치해서 매번 기저귀버릴때마다 사용하고 있답니다.덕분에 쓰레기통을 열때도 다용도실 공기도 너무 깔끔하고 냄새도 사라졌어요이제 냄새끝 
 ▼▼▼베피스신제품 오버액션토끼 기저귀 보러가기▼▼▼ 
 본 포스팅은 제품만을 제공받아 이용후 솔직하게 작성된 후기입니다. 
베피스젠틀온 체험단모집 이벤트 
 👇베피스 젠틀온 체험단 모집 이벤트👇 .... 흡수력 좋은 기저귀를 찾고 계신 분 모두 손 향상된 쾌적흡수력으로 우리 아이의 피부를 보송보송하게⠀누구보다 빠르게 베피스의 신제품 기저귀 젠틀온’을체험해보고 싶다면
우리 아이에게 베피스 기저귀 젠틀온이필요한 이유를 적어 댓글로 남겨주세요.⠀추첨을 통해 분께 신제품 젠틀온을 체험할 수 있는 기회를 드립니다.⠀☑ 기간 화월☑ 당첨자 발표 화 개인 으로 발표☑ 당첨 지금 바로 베피스 인스타그램 팔로우하고 친구까지 소환하면 당첨확률 ☑ 제공 상품 유형대형 특대형점보 팬티기저귀☑ 체험단 선정 주의사항 체험단 선정 시
기저귀 신제품 베피스 젠틀온이 배송되며 이에 대한후기를 개인 에 꼭 올려주세요. 이에 대한 동의가 어려울 시
당첨은 취소됩니다. 
 사진 설명을 입력하세요.사진 설명을 입력하세요.사진 설명을 입력하세요. 
하...이건 너무 오래전에 받은 이벤트당첨선물무슨 이벵이었는지조차 기억이 나질 않는다ㅠㅠ뭐였더라 뭐했는데 이게 왔더라?에휴 이 망할 기억력 ㅋㅋㅋㅋㅋ베피스 기저귀팩베피스퓨어종을 받았어요.임신후부터 여기저기 다니며 받은 기저귀가 벌써 꽤 되는 것 같네요.기저귀는 많을수록 좋다는 선배맘들의 얘기를 귀담아 잘 쟁여두고 있는 중 ㅋㅋㅋㅋㅋ 
 베피스 기저귀남녀공용이구요 소형 장씩 들어있어요.한달 이후부터 까지 사용할 수 있다는 이야기겠죠?기저귀 잘 몰라요 
 뒷면에는 베피스 기저귀만의 특징이 상세히 적혀 있어요.엑스트라 소프트 패드 피부와 닿는 접촉면의 부드러운 감촉이 아기피부를 포근하게 감싸 줘요부드러운 접착 벨트 접착력이 좋아 착용감 우수하고 버릴때도 깔끔하게 정리가능해요안심 이중 샘방지 시스템 움직임이 많아도 샘 걱정없이 안심 사용가능해요배 길어진 허리밴드 신축성이 뛰어난 허리밴드가 허리를 감싸 더욱 편안해요엑스트라 드라이 시스템 많은 양의 소변을 빠르게 흡수해 아기엉덩이가 항상 보송보송우수한 통기성 통기성소재를 사용하여 기저귀 안까지 쾌적하게 해줘요편리한 소변알림마크 소변을 보면 소변 알림라인의 색이 노란색에서 초록색으로 바뀐대요. 
 기저귀 타입별로 사이즈 안내도 나와있어요.전 아직 뭐가뭔지 잘 감이 안오지만 출산하고 나면 그땐 이해가 확실히 쉬워질 듯 ㅎㅎ아기들은 폭풍성장하기 땜에 사이즈 사기에 살짝 애매할 때는 한사이즈 큰 걸 사서 채워줘도 좋대요. 
 요건 베피스 퓨어 베이비 모이스춰 로션과 헤어바디워시깜찍한 샘플이예용 샘플이라 어디 갈 때 유용하게 사용할 수 있을듯해요.내가 기저귀를 받게되다니....유서방도 신기한 듯 계속 이리보고 저리보고 ㅋㅋㅋㅋㅋ어떻게 생겼을지 뜯어보고싶은데 새거라 뜯지도 못하겠네요막달되면 그 때 기저귀함 하나사서 정리해야하니 그 때 오픈하는 걸로 ㅋㅋㅋㅋ베피스는 다양한 이벤트도 많고 아기들을 위한 용품도 많아서 참 좋아요.앞으로도 쭈욱 응원할게요.이벵당첨 기저귀 감사해요 잘 사용할게요 ♥ 
 군마미포코보솜이 써봤는데또 다른거 써보고싶어요 ㅋㅋㅋ리베로
 베피스
 수퍼대디
 데디베이비 기저귀 후기알려주세요
 베피스 기저귀가 저렴하길래 한번 써볼까하는데 사용해 보신 맘들 후기 좀 부탁 드려요. 흡수력은 괜찮은지. 새지는 안는지. 발진 등 아무거나 아시는데로 댓글 부탁 드려요
 국산 쌍용제지에서 만들었다는 기저귀인데요써보신분 계심 후기좀 알려주심 감사요가격이 엄청 저렴이라 네이처메이드사던 가격에 비함 거의 .배인데 왕창사놨다 안맞을까봐 걱정도되구별 쓸데없는 걱정부터 하고 있네요ㅎㅎ
 한번도 사용해본적없어서 사용해보신분들 혹시 후기좀 알려주심 안될까요?
 기저귀 사용후기 탄
기저귀 비교 및 장단점베피스
 나비잠
 ”네이쳐러브메레
 에코제네시스 
. 베피스 소프트핏 중형 
으로 사이즈를 제작하여 아기가 쯤 되었을 때
다른 기저귀 중형에 비해 허벅지 조임 없이 쓸 수 있는 기저귀. 다른 중형들 보다 조금 더 길고 직접 채웠을 때도 널널하다는 느낌이 들었다.형광물질이 들어가지 않은 기저귀라는 점이 제일 큰 장점이며 가격이 낮은편이라 가성비가 좋다. 앞
뒤 구분이 정확하여 할머니
할아버지들이 봐주실 때잠시 아기를 맡기는 경우ㅎㅎ 혼동 없이 유용할듯하다. 소변 흡수후 기저귀 안쪽 색이 노랗게 변하며 가끔 겉으로 보기에도 노랗게 변한게 희미하게 비침. 기저귀를 그냥 만졌을 때 알갱이 같은게 좀 만져지는편. 팩 매이며 팩에 원에 구입. 한 매당 원 정도.. 나비잠 매직 슬림 소프트 중형사이즈 
왼쪽부터 차례로 베피스
나비잠 매직 슬림 소프트
나비잠 프리미엄 울트라씬 
다른 기저귀들 보다 얇은편이며 겉과 안의 소재가 부드럽다. 나비잠 기저귀 자체의 특징이자 장점인듯 함. 흡수력도 괜찮은 편이며 소변 흡수 후 한쪽으로 쏠려 뭉침이 없다. 기저귀 발진이 적어 주변에서 많이들 사용하고 있었다. 매주 수요일 마미다닷컴나비잠 공식 홈페이지에서 시마다 댓글 이벤트를 실시한다. 명을 선정하여 무료 샘플 매를 랜덤으로 보내주니 직접 사용해보고 구입하는 것도 좋을 것 같다. 중형 팩에 매입이며
매당 약 원 정도에 구입 가능하다.마미다닷컴 홈페이지 정가. 나비잠 프리미엄 울트라씬 중형사이즈 
매우 매우 매우 얇은 초경량 기저귀. 위쪽의 매직 슬림도 얇은편인데 이것보다 더 얇다는게 만졌을 때도 느껴진다. 아마 얇아서 기저귀 발진이 없다는 말이 나오는 것 같다. 주변에서 인생기저귀
기저귀종착역이라고 칭찬이 자자하던데 그 이유가 얇지만 강한 흡수력이 아닐까 싶다. 약간의 단점이라면 패턴이 진한 기저귀라 소변선이 한눈에 확 들어오지 않았다는 점이며
재구매하여 사용하였다. 중형 팩에 매입이며
매당 약 원 정도이다.마미다닷컴 홈페이지 정가. 네이쳐러브메레 더 슬림 밴드 중형 
슬림형은 매우 슬림하다. 얇기는 나비잠 울트라슬림과 유사한? 혹은 더 얇은듯 싶을 정도로 매우 슬림한 기저귀. 흡수 좋고 소변 후 손으로 만져도 축축함이 없으며 역류가 없다. 촉감도 부드러워서 재구매 의사가 높았다. 여름 기저기로 완전 추천ㅎㅎㅎ 약간의 단점 아닌 단점이라고 한다면 양쪽이 붙어있어서 많이 울고 성격이 급한 아기가 사용하려면 미리 펼쳐놓을 필요는 있겠다. 사실... 단점이 별로 없어서 이거라도 적어보아요. 팩에 매입이며
매당 약 원 정도이다.티몬 꿀딜가. 에코 제네시스 인펀트 밴드형 사이즈 
영국제 친환경 기저귀로 옥수수 추출원료 인지오 원단으로 만들어져 개월 이내에지연분해 된다는 자연친화적 기저귀. 두께는 좀 있는편이며 흠수는 좋은편이나 기저귀에 무늬나 오줌선이 전혀 없다. 소변확인은 만져보아야 알 수 있어 불편함은 있었다. 바로바로 갈아주지 못한다는 단점. 곡물 추출 원단을 사용하여 기저귀 발진을 줄였다고 하지만 소변 후 만져보면 덜 흡수된 느낌이 있었다. 가격이 좀 사악하지만 좀 더 좋은걸 주고 싶은게 엄마 마음이니까. 그리고 환경을 생각한다면 더할나위 없다. 인펀트 팩에 매이며
장당 약 원 정도이다.홈페이지 정가 
 무료임신축하선물 베피스 기저귀 당첨 후기 
일등맘 카페 이벤트로 한달에명씩 
무료임신축하선물이 매달 랜덤추첨으로 베피스 기저귀팩을 무료로 보내주고 있습니다 .원래 경품운은 지지리도 없는 저이지만 
혹시나 해서 신청했더니 이렇게 당첨되었네요짝짝짝짝득템했다고 혼자 자축하고 있어요 . 경사났네아싸월에 당첨되서월월에 받았으니 배송도 당첨소식받고일주정도 걸린거 같아요 . 아직 첫아이 임신중이라 기저귀에 대해서 잘 몰라서 베피스 기저귀에 대해서 알아봤어요 .
아기에게 해로운 성분이 없고 
모든 제품에 전성분과 제조일자가 표기 . 피부자극 테스트 무자극 판정 . 인증 . 다이옥신 불검출. . 유해물질 테스트 검출 없음 . 위생적인 자동화 생산 시스템국내생산
베피스 소프트앤핏 만의 편안한 기저귀 . 소프트한 감촉 패드 . 소프트 시크릿 혹 . 와이드허리밴드 . 엣지 롱 벨트 . 안심이중 샘방지 시스템 . 편리한 소변 알림 마크 .입체 슬림핏 
우리아이 성장에 따라서 사이즈 맞게 선택해서 쓰면 될꺼 같아요 .제가 받은건 소프트앤핏 소형 으로 울 제제 태어나면 사용하게 될 첫 기저귀가 되겠네요 .
신생아때는 하루에개정도 기저귀를 갈아야 한다고 하던데 
일등맘 산모교실에서 무료임신축하선물로 받은 베피스 기저귀 너무너무 감사해요울 제제가 사용하게 될 날을 기다리며 ...신청은 일등맘 산모교실카페에서 가능하고 
예비맘분들 신청하셔서 이런 기회 놓치지 마시고 모두 당첨 되셔서 아이에게 좋은 선물이 될 수 있으면 좋겠네여 . 물론 랜덤 추첨이긴하지만 제가 당첨된거 보니깐 당첨 확률이 매우 높은거 같아요 . 
 팬티기저귀
하... 베피스 기저귀 대형 구매 후기 
하............ 
저는 지미니 기저귀를 에서 구매합니다.베피스 역시 에서 구매했구요.원 할인 쿠폰 뭐 이런거까지 해서 상당히 저렴하게 구매했는데...........싸긴 정말 싸요. 저렴해요. 
세일이고 겹쳐서 무려 박스나 구매했지뭡니까.팩박스 였던것 같아요.베피스 모션핏 타이틀이 좋아서 구매했는데....결론은 실패였어요. 
지미니 팬티기저귀는팸퍼스 팬티기저귀를 썼었어요.하지만 토마스 기저귀가 유해물질 발견이라는 보도가 뜬 뒤로마트에서 사라져버렸답니다.저 또한 그걸 더 이상 쓸 수 없었죠.그래서 팬티기저귀 정착을 위해 이것저것 써보는 중이에요.지미니에게 베피스는 실패에요.예전에 밴드기저귀로 쌍용 기저귀를 쓴 적이 있었는데 그 때 실패했었거든요.근데 거기랑 같은 쌍용이 만든 팬티기저귀랍니다. 
문제가 뭐냐면서있을 때는 팬티기저귀가 괜찮은데...눕거나앉거나주저 앉거나기대거나 하면 기저귀가 샙니다.우리지미니가 웬만한 팬티기저귀 흡수율을 못당해서팸퍼스 토마트 팬티기저귀만 쓴 것도 있는데..이건 너무 많이 새서ㅜㅜ 도저히 쓸 수가 없었어요.잠잘 때는 더더욱 안되구요.베피스 기저귀 너무 많이 새서 거의 매일 이불 빨래를 했었네요.이제 겨우 팬티기저귀 정착하려하는데최근에 정말 다양한 팬티기저귀를 사서 썼기 때문에 후기 공유 할게요
 ◆ 베피스기저귀 나눔이벤트기저귀 필요하세요? ◆ 
베피스기저귀 나눔이벤트 신제품 드라이핏 기저귀 나눔해요안녕하세요 이번 포스팅은 아기엄마
 아빠들이라면 좋아할 내용입니다 거두절미하고..
기저귀 나눔해요 
필요한 분들 무브무브 
제가 친구의 서포터즈 활동으로 알게되어베피스맘 기를 지원하고 당선되어활동을 하고 있어요.어느덧 해단식까지 마치고 아쉬운 마무리를 하게 되었답니다.지금까지 서포터즈를 여러개 해봤지만 정말 꿀서포라고 할만큼부담을 주지 않았던 이 곳.육아하느라 힘든데 굳이 컴이나 폰에 붙들려야 겠냐며정말 편안하게 해줬던 베피스맘.아기용품 뿐만 아니라 생활용품 이모저모를 체험하며제품에 대한 의견도 내고 제안을 하며함께 같이 즐거운 시간을 보냈던거 같네요.덕분에 여러 육아맘들과 여러 정보를 공유할 수 있게 되었고저에게는 참 의미있고 좋았던 개월이였습니다.보면 제품도 정말 좋았고 사용감도 좋은데홍보가 덜되서 잘 모른다는게 조금 아쉽더라고요..그래서 서포터즈를 떠나 엄마의 입장에서이 기저귀 진짜 괜찮았다 라고 입을 모아 칭찬했던기저귀
드라이핏을 나눔하려고 해요이번에 신제품으로 나온 아이기도 해요. 
움직임이 편한 기저귀로 
활동성을 고려한 아기들을 위한 드라이핏.편안한 
스포츠웨어 타입으로
좀 더 통기성이 좋고 편한 착용감이 특징인아기기저귀 입니다.저희 이번 기 오프모임을 통해서다양한 라인을 겸험해 봤는데이 제품에 대해서 평이 굉장히 좋았거든요 
제가 사용하고 강추하는 안심 무형광기저귀기도 합니다.사용 후기는 위에 참고해보아요 
베피스 드라이핏의 특징은 홈페이지로도잘 나와있는데요.아이에게 편안한 착용감을 주고게다가 성분도 안심할 수 있고
 흡수력이 좋기 때문에아마 이 기저귀를 사용해본다면만족도는 높을꺼라 예상합니다 
이 리뷰에 적힌 상황의 똥찬이는개월차
.킬로 약간 슬림한 타입이예요.
착용컷
이니 참고하시고요. 
나눔이벤트 공지. 
◆이벤트 기간 월 일 일수요일
첨자발표 월일 자정까지
◆나눔기저귀 드라이핏 팬티기저귀인당 팩 대형 특대형점보중 택
◆당첨인원 명 인스타도 올릴껀데 통합명참여방법
. 을 이웃추가.. 이런거 없어요. 전 소통을 여유있을때만 해서 굳이 안해도 상관없어요ㅋ저도 제대로 못하는걸 후기만 잘 써주세요뭐 제 블로그에 관심이 있다면야.....
.이벤트내용을 스크랩공유 해주세요.
.공유 과 베피스 기저귀를 사용하고 싶은 이유
댓글로 작성해주세요.
 비댓글로 싸이즈
받으실분 성함
연락처등
배송정
보를 알려주세요.
 주소취합기간이 딜레이되는걸 막기 위해
한번에 받으려 합니다. 이벤트 끝나면 정보삭제할께요
 나눔이벤트 당첨자 미션본인블로그베피스홈페이지 리뷰작성선정은 제가 임의로 할껀데성의 있는 써주실 분들을뽑으려 합니다. 
참고로 싸이즈 정보예요.저는 아들내미한테 넉넉하게 특대형으로 입힙니다.흘러내림없이 잘 맞아요. 
기저귀 필요한 분들 지원해주세요 
 페넬로페
하기스
토디앙핑크퐁
베피스
보솜이 여아 팬티기저귀 사용후기 
미니미는개월키로 넘는 몸무게로허벅지가 굵은 여아입니다 
한달전 찍은 사진으로 지금은 더 나 갈꺼예요 
우리 아이 다행히 기저기 발진 없어서엄마 취향대로 여러가지 종류 다 쓰는 중 
왼쪽 위에서 부터베피스 
보솜이 토디앙 핑크퐁 
페넬로페 
하기스
베피스 대형 보솜이 특대형 토디앙 핑크퐁 대형일어서거나 걸음마 걷는 아기페넬로페 대형 하기스 대형 걷기 시작하는 아기 
하기스와 네이처메이드 다들 많이 쓰시던데저는 흐느적 거린다는 느낌이라고 할까요?빳빳하지 않은 느낌이 싫더라구요개인적은 느낌이니 참고만 하세요올여름 페넬로페 많이 썻었어요페넬로페 밴드형 빳빳하니 괜찮았거든요그래서 여름에 쓰던거라 지금페넬로페 대형 는 우리 미니미에게 지금 작아요 
앞뒤 
밴드형이랑 팬티형 두 종류 번갈아 쓰고 있구요팬티형 밴드형 비율로활동이 많고 가만누워있지 않으므로 팬티형 기저귀를 많이 애용 하고 있어요 
소변줄 
안쪽면 
옆라인 
늘어남 
착용모습뒷처리 
페넬로페. 허리밴드잘늘어나고 부드러움. 소변줄선명하게 나타남. 흡수율밤새 기저기 갈아주지 않았는데 나름 흡수율도 좋음. 발진올여름 큰 발진 없이 잘 씀. 옆라인 샘방지이중 구조단점 기저기 뜯을때 너무 질겨서 뜯어내기 힘듦 
소변줄표시없음 
안감 
옆라인늘어남 
토디앙 핑크퐁. 허리밴드잘늘어남. 페넬로페에 비해 조금 거침뜯을때 쉽게 뜯어지는 편임. 소변줄표시가 없음 그래서 귀저기 갈아줄때 만져서 확인함. 흡수율귀저기 교체시기를 만져서 확인그만큼 흡수율은 조금 떨어짐. 발진큰 발진 없음. 옆라인 샘방지넓은 이중 구조라 착용후 재정리 안해서 편함단점 기저기 뜯을때 쉽게 뜯어지니 기저기 입힐때 뜯어지는 경우가 종종 있음 
소변줄 
안감 
옆라인 늘어남 
베피스. 허리밴드잘늘어나고 두번째로 부드러움. 소변줄선명하게 나타남. 흡수율보통. 발진없음. 옆라인 샘방지이중구조 
소변줄 
안감 
옆라인늘어남 
착용모습 
보솜이. 허리밴드허리밴드 뿐만이라 전체적인 촉감은 가장 부드러움. 소변줄선명하게 나타남. 흡수율좋음. 발진없음. 옆라인 샘방지이중 구조단점큰 단점은 그닥 못느낌
디자인 면에서 다른것과는 조금 흐리다고 해야할까? 
소변줄 
안감옆라인 
하기스. 허리밴드고무로만 되어있는 기저기와는 착용감은불편할수 있으나기저귀 교체시 뜯기엔 편함. 소변줄선명하게 나타남. 흡수율나쁘지 않음. 발진큰 발진 없음. 옆라인 샘방지이중 구조단점마지막 뒷처리시 붙이는 부분에서 약간 불안함 큰 단점은 아님 
베피스
페넬로페보솜이
토디앙 핑크퐁하기스 
피부 접촉 부위 촉감베피스보솜이하기스페넬로페토디앙 핑크퐁아주 지극히 개인적인 후기이므로 참고만 하세요협찬 없이 모두 사서 써본 후기입니다 
 무형광기저귀 베피스 새지않아서 좋다 
무형광기저귀 베피스 새지않아서 좋다 
 아이기저귀는 참 브랜드가 많은거같아요 체험단도 많이되서 사용도 해보곤 했지만 꿀벅지나 뱃살이 있는편인 아이들은 사실 하기스만한게 없더라구요 매직밴드가 배에 자국도 남지않고 기저귀 갈때도 편했거든요
밤기저귀는 하기스 오버나이트를 사용중이고 낮기저귀는 이 제품으로 정착한지 좀 됬어요 ㅎㅎ 
 일단 첫번째로 밤기저귀로 채워도 괜찮더라구요
새지않고 물론 물을 옴팡지게 많이 먹은날은 중간에 한번 갈아줘야하는데 이건 하기스 오버나이트도 마찬가지구요 ㅎㅎ 그리고 무엇보다 소프트밴드라서 정말 아이 배에 자국도 생기지 않고 부드러워요 이중 샘방지 때문인지 이 기저귀를 차고는 한번도 샌적이 없어요 ㅎㅎ 
 태오는 이제 막 갤 접어들었꼬 키가 에 몸무게는 키로 돌파해서 사이즈를 사용하고 있어요 ㅎㅎ 
 한달 전 제조된 제품이에요 그리고 무엇보다 오픈했을때 간혹 다른 기저귀들은 화학냄새가 나는 경우도 있는데 이제품은 화학냄새를 느껴본적이 한번도 없어요
그래도 전 늘 한팩씩 다 뜯어서 바구니에 보관하면서 사용중이랍니다. 
 맨첨에 이 기저귀 받고나서 뜯는곳을 한참 찾았더랬죠 ㅎㅎㅎ 보통 윗부분에 있는데 이건 밑에 절취선이 있더라구요 ㅎㅎ
 똑같은 사이즈인데 디자인은 가지에요 ㅎㅎ 근데 사실 디자인보다 기능에 더 충실한게 좋기때문에 디자인이 아무리 이뻐도 그냥 저냥이더라구요 ㅎㅎ 그리고 베피스의 좋은점은 기저귀를 돌돌 팔아서 고정하는 테잎 부분이 강한편이에요 ㅎㅎ 나비잠을 사용할때는 바지입힐때 뜯어지고 돌돌 말아서 고정하면 풀러지고 진짜...몇번 그러니까 승질나더라구요 ㅎㅎ 
 제가 말한 뒷면에 테잎 부분입니다. 정말 강한 편이에요 ㅎㅎ 옴팡지게 젖어서 묵직해서 빵빵해도 절대로 풀린적이 없어요 ㅎㅎ요즘 자기 기저귀는 자기가 버리고 있는데 가다가 떨궈도 안터지더라구요 ㅎㅎ 
 제가 낮기저귀도 하기스를 쓰다 갈아탄 이유는 바로 바로 너무 새서였어요 ㅠ ㅠ 이번에 리뉴얼된 제품 후기들도 보면 아시겠지만 개인적으로 사용한 후기들 보면 샌다는 의견들이 굉장히 많아요 ㅠ ㅠ 그 전 제품도 사실 자주 새는 편이어서 이불빨래를 거의 틀에 한번씩 했는데도 사용했떤 이유는 허리 매직밸트때문이었어여 ㅠㅠ 후기가 좋아서 저역시 베피스를 구매해서 사용해봤는데 정말 배부분이 쪼이지도 않고 새지도 않고 만졌을때 부들부들하고 발진도 없어요 ㅎ 그리고 무엇보다 무형광기저귀라는점그리고 가격도 아주 착해요 장당 원도 안되는 꼴이고 쿠팡에서 정기배송도 되서 더 할인 받으실 수 있답니다 ㅎㅎ 저도 이번에 박스를 주문햇네요새지않고 발진없고 허리나 허벅지 쪼이지않는 기저귀 찾으신다면 베피스 추천해드려요 
 베피스기저귀 바람아솔솔아 베피스 나눔이벤트 모집해요 
안녕하세요 진우맘이예요베피스기저귀 나눔이벤트 한다고 알려드렸는데 이제서야 포스팅 남기네요...ㅠㅠ아이들 없을 때 포스팅해야하니 작업할 시간이 충분치 않네요.....이제 날이 더워지니 슬림핏 기저귀 또는 여름기저귀 찾으시는 분들 많으실텐데 통기성 좋은 기저귀인 베피스기저귀 사용해볼 수 있는이벤트가 있어서 진행해보려해요관심있으신 분들은 참여방법 확인하시고 신청해주세요기한이 오늘까지라 최대한 빨리 해주시면 감사드려요.... 
체험해볼 수 있는 기저귀가 바로 베피스 바람아솔솔아 기저귀예요첫째둘째 사용중인데 얇고 흡수력도 괜찮아서 만족하는 기저귀랍니다통기성이 좋아서 땀이 좀 나도 엉덩이가 빨개지거나발진이 나지 않더라구요참고로 두 아들이 가만히도 안 있는 아가들이라 땀이 좀 많아요ㅎㅎㅎㅎ... 
베피스기저귀가 안심이 되는 건 바로
무형광기저귀 라는 것기저귀에 형광물질있다는 사실 아셨나요?? 전 베피스기저귀 접하면서처음 알았던 사실이였어요....ㅠㅠ그동안 타 브랜드 기저귀에서 발진이 있었던 이유가 다 있었더라구요....베피스는 안에는 물론이고 겉
테이프까지 다 형광증백제 불검출이라니믿고 사용할 만하죠 
베피스 나눔기저귀 이벤트 참여방법 
이벤트기간월 일 금요일당첨자발표월 일 토요일명참여방법진우맘 과이웃추가 해주세요 애정이웃 선호해요ㅎㅎ이벤트 페이지 스크랩공유해주세요공유한 과 베피스 기저귀 사용해보고 싶은 이유
사이즈 댓글로 남겨주세요 
당첨되신 분들은 본인 블로그 및 베피스 홈페이지에 후기 작성해주셔야해요기저귀만 받으시고 후기 안써주시면안되세요ㅠ.ㅠ월 일까지 베피스맘 베피스서포터즈 모집중에도 있으니참여하시고 베피스 제품들도 사용해보세요베피스맘 강추해드려요신청하실 때 진우건강이맘 추천 이라고 적어주시면 감사요♥♥♥ 
임신 축하박스
지금 신청하세요
앙쥬를 비롯해 각종 육아 관련 업체에서 임신부를 위한 임신출산 축하박스를 증정하는 이벤트가 진행되고 있다. 선물 구성도 실용적이고 정기적으로 진행되고 있어 당첨 확률도 높지만 몰라서 놓치는 경우도 많다. 임신을 축하하고 선물을 증정하는 곳을 소개한다. 
최고 경쟁률을 자랑하는 베스트 축하 박스 앙쥬
임신부 샘플팩 
’ ... 
...매거진 앙쥬에서는 매달 임신부를 위한 임신부 샘플팩’을 증정하고 있다. 기존의 임신·출산 관련 브랜드 에서 운하는 것과 달리 다양한 브랜드의 제품이 들어 있어 임신부들 사이에서 입소문이 나 있다. 매달 샘 플팩의 품목이 달라져 각 시즌에 맞는 제품과 새로 나온 제품을 사용해볼 수 있으며 샘플뿐 아니라 정품 도 다수 포함되어 있어 만족도가 높다. 선정 인원이 많은 데도 불구하고 경쟁률이 매우 높다. 치열한 경쟁에 서 당첨되려면 앙쥬 인스타그램과 네이버 포스트를 팔로잉하고 신청 기간이 시작되는 매월 일에 홈페이지 에 접속해 재빨리 신청해야한다. 신규 가입한 달에만 신청할 수 있지만
당첨되지 못한 임신부들을 위해 매 월 일부터 말일까지 명 선착순으로 임신육아생활용품팩’을 증정하는 이벤트도 진행한다. 임신육 아생활용품팩 신청 방법은 임신부 샘플팩 신청과 동일하다. 또한 샘플팩을 받은 사진과 함께 후기를 남기 면 홈페이지에서 사용할 수 있는 마일리지를 받을 수 있다. 신청 대상 앙쥬에 신규 가입한 임신부매달 명신청 기간 매월 일말일 신청 방법 앙쥬 홈페이지에 회원가입 후 이벤트앙쥬 샘플팩’ 메뉴에서 신청한다. 출산 예정일과 임신 증거 자 료를 등록한다. 선물 구성 임신육아 관련 용품 품목은 매달 조금씩 변경됩니다 . 
남양유업
해피마미박스 
임신출산 축하박스 
’ .. .. 기저귀와 앙쥬백과가 증정되는데
기저귀 단계는 등록된 자 녀 정보에 따라 자동 선택되어 발송되므로 사이즈가 맞지 않아 사용하지 못하는 건 아닐까 우려하지 않아도 된다. 신청 대상 임신부부터 출산 일에 해당하는 엄마 회원 중 남 양아이 마케팅 수신 동의 및 자녀 정보출산 정보를 등록한 회원 신청 기간 상시 신청 신청 방법 홈페이지 회원가입 후 해피마미박스’ 메뉴에서 신청 선물 구성 앙쥬백과 권
하기스 기저귀 소형 또는 중형 품목은 내부 사정에 따라 조정될 수 있습니다 . 
매일유업 마더박스’ .. .. 총 종으로 구성되어 있으며 신청 방법만 지킨다면 모두 받 을 수 있으므로 신청 기한을 꼭 지킨다. 신청 대상 임신부부터 출산한 지 일 이내에 해당하는 엄마 회원 신청 기간 회원 정보 등록일로부터 일 이내 신청 방법 홈페이지 회원가입 후 마더박스 신청하기’ 메뉴에 서 원하는 박스를 선택 선물 구성 ①임신 축하 박스임신임신 주 시기 추천하기스 네이처메이드 단계 기저귀 낱개 입
앱솔맘 식이섬유주스 오 렌지 입
매일두유 .식이섬유 각 입
소화가 잘되는 우유 입
난쟁이 똥자루 손싸개 키트
앱솔맘 입 ②출산 기쁨 박 스임신 주출산 일 시기 추천 ③육아 응원 박스출산일일 시기 추천품목은 내부 사정에 따라 조정될 수 있습니다. 
베베폼
임신 박스 
’ ... ... 구성이 알차고 가격대가 높아 경쟁률이 높은 편이다. 신청 대상 임신부매달 명 선정 신청 기간 월말익월 말매달 신청 방법 홈페이지의 임신 박스 신청하기’ 메뉴에서 신청한 뒤 신청 완료된 페이지를 본인의 블로그와 에 공유 선물 구성 칭찬 천연 베이비 미스트
베슈 이너프 물티슈
로고나 베이비아토 로션 샘플 매알로에 수분 젤 샘플 매
보코통 클 래식 수유패드 매
베베샤 바디슈트양말
헤르조그 종 칼세 트
자연들 혼합곡 세트
이유식 실리콘 턱받이
에코인콘 옥수 수 스푼포크 세트
하늘선물 아기 물티슈 매
마더케이 순명아기 건티슈
텐박스 초음파사진앨범
햇살좋은날 스튜디 오 만삭화보촬영권 품목은 매달 조금씩 변경됩니다 . 
베베쿡
베베쿡 박스 
’ .. .. 신청 기간 중 회에 한해 신청할 수 있고
선정되지 않을 경 우 다음 달에 재신청할 수 있다. 베베쿡 공식 인스타그램 계 정을 팔로잉하면 당첨 확률이 더 높아진다. 신청 대상 출산 전 개월출산 후 개월매달 명 선정 신청 기간 매월 일부터 말일까지 신청 신청 방법 홈페이지 회원가입 후 상단의 베베쿡 박스’ 배너로 들어 가 신청 선물 구성 베베쿡 프로바이오맘 일 키트디카페블랙 티백 개 초기 이유식 일 무료 체험권턱받이
마더케이 더블 아기 지 퍼백
베베숲 센시티브 엠보싱 매
군기저귀 신생아용 기저귀
사노산 트래블 세트 종
핀덴베베 체험팩
블룸마터니티 블룸 매 직 클립 개
솔트앤 아가쏠 개 품목은 내부 사정에 따라 조정될 수 있습니다 . 
베피스
기분좋은 기프트 박스 
’ ... ... 매달 진행되지만 당첨 인원이 많지 않아 경쟁률이 높은 편 이다. 임신부의 지인도 참여할 수 있는 이벤트로 주변에 임 신부가 있다면 선물로도 제격이다. 신청 대상 베피스 홈페이지 회원매달 명 신청 기간 월초월말까지매달 신청 방법 베피스 인스타그램을 팔로잉한다. 아기 초음파 사진 을 필수 해시태그와 함께 본인의 에 올리고 해당 포스팅 과 인스타그램 아이디를 베피스 홈페이지의 이벤트예비맘 모여라’ 메뉴 댓글란에 남긴다. 선물 구성 소프트핏 소형 팩
베피스 물티슈 팩 품목은 내부 사정에 따라 조정될 수 있습니다 . 
에리에르 인터내셔널 코리아
임산부는 모여라 
’... ... 대용량으로 구성되어 있어 아이에게 잘 맞는 제품인지 테스 트하기에 적합하다. 블로그 또는 에 군 기저귀와 해당 이벤트를 홍보하고 해당 을 이벤트 신청 시 남기면 당 첨 확률이 높아진다. 신청 대상 에리에르 인터내셔널 홈페이지 회원매달 명 신청 기간 월초부터 월말까지 매달 신청 신청 방법 홈페이지 회원가입 후 군 이벤트’ 메뉴에서 신청 선물 구성 신생아용 박스 또는사이즈 박스 중 랜덤으로 발송 되며 각 박스당 기저귀 매로 구성 ①신생아용 박스군 오리지 널 테이프형군 프리미엄 테이프형 ② 사이즈 박스군 오리지 널 테이프형 
유한킴벌리
허그박스 
’ ... ... 추첨을 통해 진행되지만 비교적 많은 인원에게 선물이 지급 되므로 당첨 확률이 높다. 후기를 작성하면 추첨을 통해 적 립금을 증정하는 이벤트도 진행 중이다. 신청 대상 맘큐 회원매달 
 명 신청 기간 매주 신청 신청 방법 홈페이지에 회원가입 후 이벤트허그박스 이벤트’ 메 뉴에서 신청 선물 구성 하기스 네이처메이드 단계
하기스 매직 단계
하기스 오버나이트 단계
더블 하트 수유패드
그린핑거 베이비세라마이드 
좋은느낌 입는 오버나이트 중형 본 이벤트 일정 및 구성품은 내부 사정에 따라 조정될 수 있 습니다 . 
일동후디스
출산 축하선물 
’ .. .. 일동후디스의 다양한 품목 중 자신이 원하는 제품을 선택해 샘플을 받아볼 수 있다. 출산 후 개월까지 신청할 수 있다 는 것이 장점이다. 신청 대상 출산 일출산 후 개월 신청 기간 상시 신청 신청 방법 홈페이지 회원가입 후 맘’ 서비스–선물샘플신청’ 메뉴에서 신청 선물 구성 트루맘 스틱
트루맘 액상조제식
이유식
유아 카테 고리로 나누어져 있으며 이 중 원하는 제품의 샘플을 선택할 수 있다. 품목은 아기 월령 및 기타 여건에 따라 구성이 달라질 수 있습니다 
파스퇴르
임신 축하 선물세트 
’ .. .. 신청 인원에 상관없이 모두 받아볼 수 있으며
한 가족당회만 신청할 수 있다. 신청 기간이 지난 임신부라면 출산 후 개월 이내에만 신청할 수 있는 출산 축하 선물세트’를 신 청할 수 있다. 중복 신청은 불가능하다. 신청 대상 임신 개월 신청 기간 상시 신청 신청 방법 홈페이지에서 자녀 정보출산 예정일 입력과 함께 정 회원으로 가입한 뒤 육아 회원선물’ 메뉴에서 신청 선물 구성 임신육아 도우미 책자
세움 탯줄 도장 할인 제작권
아이원맘 임신출산 사진 촬영권 품목은 내부 사정에 따라 조정될 수 있습니다 . 
 에디터송미령포토그래퍼이경환 
 베피스 젠틀온 팬티형 기저귀 여아용 대형 
베피스 젠틀온 팬티형 기저귀 여아용 대형
 원 
가격은 변동될 수 있으므로 아래 쿠팡 방문으로 확인바랍니다. 
 .가격 확인하기
 . 
 상품정보 더보기 ∇ 
◎ 솔직한후기 
 . 
 리뷰정보 더보기 ∇ 
 이 포스팅은 쿠팡 파트너스 활동의 일환으로
이에 따른 일정액의 수수료를 제공받고 있습니다. 
 ★나눔이벤트★베피스 오버액션토끼기저귀 같이 써요 
 기저귀 나눔이벤트 
 해요 
 최근에 출시된 세상 귀여운 기저귀
 오버액션토끼기저귀 출시 기념 나눔이벤트 
 입니다
 베피스오버액션토끼 캐릭터 콜라보레이션 제품 
 으로 
 베피스 무형광 기저귀에 
 깜찍한
 캐릭터가 더해진 기저귀예요♥ 
 불과 시간전에 남긴 오버액션토끼기저귀 리뷰 참고해주세요 .. .. 
 신제품 오버액션토끼 기저귀 
 사용해보고 싶으신 분들 신청 해주세요 
이벤트 안내
모집 기간
 월 일월 일일요일까지 
이벤트 제품 베피스 오버액션토끼기저귀 팩씩 
 소형밴드대형팬티특대형팬티 중 선택 가능 중형사이즈는 없어용 
당첨자발표 월 일화 
당첨인원 명 
참여 방법
이웃 추가 후 이벤트 내용을 스크랩공유 해주세요. 
공유 과 베피스 기저귀를 사용해보고 싶은 이유사이즈를 댓글로 작성해주세요. 
당첨자 필수사항
 당첨되신 분들은
 본인 블로그 및 베피스 홈페이지 
 에 후기 작성해 주셔야해요. 
 업체 지원 제품이니 기한내 리뷰 작성은 필수입니다. 리뷰 기한은 추후 안내 드릴게요 
 당첨자발표가 크리스마스 다음 날이기는 하지만 
 그래도 당첨자분들께 하루 늦은 크리스마스 선물이 되길 바라며.... 
 많은 신청 부탁드려요♥ 
 베피스기저귀 오버액션토끼 사용후기 
베피스기저귀 오버액션토끼 사용후기 
어느덧 지우가 태어난지 일이 되었습니다하...지우키우면서 지금까지 가장 많이 사용하는건 아무래도 기저귀가 아닌가 싶은데요
 다행히 지금까지는 제가 직접 돈주고 기저귀를 사지은 않았구요 여기저기에서 받은 기저귀를 사용하고 있답니다
그중에서 베피스 기저귀 한통 받은걸 사용하고 후기 남겨보아용
근데 우리지우 하도 응아도 많이 싸고 쉬도 많이싸서 한팩을 주말에 다썼네요 지우야 고마워 잘먹고 잘자고 잘싸줘서♥ 
베피스기저귀 오버액션토끼 앞부분과 뒷부분 입니다
앞부분에는 앞이라고 표시가 되어 있구요기저귀 갈아주는거 못하는 아빠들을 위한건가요???ㅎㅎㅎ그리구 뒷부분에는
잘때천사 고마워 이렇게 두가지 단어가 쓰여져 있답니다일단 그림이 넘나 귀여워서 굿ㅋㅋㅋ 
베피스 오버액션토끼 기저귀의 경우 허리 밴딩 부분이 늘어날 수 있게 되어 있었습니다.기저귀들마다 다 다르지만 어떤건 그렇지 않은 기저귀도 있었는데
 이렇게 밴딩 부분이 늘어나줘야 아가들 배가 심하게 쪼이지 않고 편할것 같았습니다 
위사진에 까맣게 되어있는 부분 보이시나요?그게 중앙임을 알려주는 표시구요
 앞으로 너무 많이 당겨진게 아닌가? 아니면 뒤로 너무간게 아닌가?이런 의문점이 생기시는 초보 엄마라면 중앙부분을 잘 보고 기저귀를 착용해주면 좋을것 같습니다 
베피스 오버액션토끼 기저귀의 옆쪽도 이렇게 밴딩처리가 되어 있어서옆으로 새는걸 방지하고 있답니다하지만 그렇다고 마구마구 움직였을땐
 ㅋㅋㅋ특히 응아를 엄청 많이싸면 
오버액션토끼 기저귀의 앞부분부터 노란줄 표시가 되어있는거 보이시죠?ㅎㅎㅎ
쉬를 싸면 색상이 노란색에서 초록을거쳐 파란색으로 변한답니다우리 지우 쉬를 많이 쌌네요.노란색 줄의베피스기저귀가 파란색줄로 변했어요
 후다닥 갈아줘야겠죠???ㅎㅎㅎ 
지우가 쉬아를 많이해서 베피스 오버액션토끼 기저귀를 갈아주었더니
시원한지
 저렇게 대자로 뻗어서 잠을자더라구요ㅋㅋㅋ넘나 귀엽죠???역시 잘땐천사 맞습니다엄마들 모두가 공감할듯 합니다ㅋㅋㅋ 
우리지우 쉬아 엄청 많이했구나기저귀 안쪽에 노란색 쉬아 한거 보이시나요???ㅋㅋㅋ베피스기저귀 흡수력 좋아요좀더 싸게 놔뒀어야하나?싶기는 하지만
 기저귀 아깝다고 빨리 안갈아주면
 여름이라 땀띠도 생기고 발진도생길까봐서
베피스 오버액션토끼 기저귀 한팩 사용해보았는데 생각보다 괜찮은것 같습니다우리 지우는 남자아이라 더 괜찮았나?ㅎㅎㅎ여자아가가 쓰면 어떤지는 잘 모르겠네요ㅠㅠ 
지금까지 베피스기저귀 오버액션토끼 사용후기였습니다 
 베피스 팬티형 기저귀 특대 사용후기 
베피스 팬티형 기저귀 특대 사용후기 
저희 아들이 사용했던 것입니다.뭐.. 신생아 때부터 사용한 건 아니고
 신생아 때는 가격이 조금 비싼 걸 사용했답니다.근데
가격이 비싸도아이에게 맞지 않고
발진이 일어난다던가..몸에 맞지 않으면 사용하지 못한다는 점...아이를 키우신 부모님들이라면경험해보셨을꺼라 생각 드는군요.저희 아들도 기저귀를신생아 때부터 번 정도 이것저것사용했던 것 같네요. 
일단 박스를 개봉해서세세하게 알아봅니다.앞부분에 특대형 남아용이라고 적혀있으며
 개에 아이가사용하도록 만들어졌답니다. 
베피스 팬티형 기저귀뒷부분에는 상세한 설명이 
옆면을 보시면
 대형
특대형 
 점보 에 아이가 사용할 수있다고 적혀있답니다. 
베피스 팬티형기저귀 특대형 꺼내서 앞부분을확인합니다.통기성 소재를 이용해서공기가 잘 통하도록 만들어졌다고 하며
 노란색으로 보이는 부분은
 아이가 소변을 봤을 때
 초록색으로 바뀌더군요.뭐
다른 것들도이렇게 표시되는 제품들이 많으니
 요즘은 이런 게 꼭 있어야 하겠죠. 
뒷면입니다.앞뒤를 구별할 수 있게
 구분이 되어있으며
뒷부분에는사용 후 뒤처리를 할 수 있게끔 스티커로되어있으니 앞뒤 헷갈릴 일은 없답니다. 
베피스 팬티형 기저귀 특대형옆면을 살펴봅니다.옆을 보면
 이중으로 샘방지가되어있으며 소변이 옆으로 새는 걸막아주는데
 솔직히 많은 양의 소변은 간혹가다어떤 걸 사용하더라도 새는 건 마찬가지인 듯.. 
베피스 팬티형 기저귀특대형 안쪽 면을 확인해봅니다.엑스트라 드라이 시스템으로빠르게 흡수해서 뽀송뽀송하게 해주며
 피부와 닿는 접촉면이 부드러운감촉을 통해 포근하게 감싸 준다고 하더군요.뭐
이런저런 거 다 필요 없고...기저귀는 그냥옆으로 잘 새지 않으며
 발진이 일어나지 않는 게 좋은 것 같습니다.저희 아들도 여기 거사용하니 발진이 일어나지 않아서년 정도 사용했던 것 같네요.앞으로 둘째가 태어날 날이머지않았는데.. 또 둘째는 어떤 제품이몸에 맞고
안 맞을지 몇 가지 더 사용해 볼 날들이찾아올 것 같네요.무조건 비싸다고다 맞는 건 아니더라고요. 
 일등맘 베피스기저귀 당첨 후기 
월 일등맘 산모교실에 갔다가 가입을 했다.까먹고 있었는데
아침에 기분 좋은 문자가 딱이런거 한번도 된적 없는 나였기에 기분이 좋았다. 
일부터 순차적으로 보내준다는 문자 확인후사정에 따라 지연될수도 있음일날 도착했어요사실 잊고 있을때쯤 온거라 더 반가웠다ㅋㅋ 
두둥 팩이나 들어있는 베피스 기저귀굿굿포장지도 귀여운 토끼 그림형광물질 없는 기저귀베피스 잘쓰겠습니다 
매달 새로운 이벤트를 하는거 같으니 예비맘들도 홈페이지 들어가서 좋은 정보 얻으시고 이벤트 도전해보세요... ... 
 차원이 다른 부드러움으로 편안함을 입다
베피스 엑스트라 소프트 팬티 기저귀 
 베피스 기저귀의 팬티 기저귀 라인의사이즈 표도 자세하게 나와 있어요
아기에게 해로운 성분은 넣지 않았으며모든 제품에 전성분과 제조일자가 표기가 되어 있으니안심하고 사용하세요 
......... ..?....... 본문 이미지기저귀를 꺼내 보았어요꺅 디자인이 너무나 예뻐 
 아기의 체형과 움직임을 고려하여 설계된총 
줄의 허리 밴드가 몸을 따라유연하게 움직여 더욱 편안한 착용감을 제공해요 
....... .......? 본문 이미지
제가 양손으로 기저귀를 당겨봤는데진짜 편안하게 쭉쭉 잘 늘어나더라구요 우리 아이 몸에 닿는다면조이지 않고 활동하기 편할거 같다는 생각이 기존 열처리 접착 방식이 아닌 비 가열식 최신 접착 기술을 적용하여밴드에서도 차별화된 부드러움이 느껴져요
....... .......? 본문 이미지
소변이 옆으로 새는 것을 막아 주어움직임이 많아도 샘 걱정 없이 안심하고 사용해요
....... .......? 본문 이미지
기저귀를 뒤집어 보았어요피부와 닿는 접촉면의 부드러운 감촉을 통해우리 아기 피부를 포근하게 감싸줄 수 있어요 
....... .......? 본문 이미지
두께는 아주 두껍지도 않고얇지도 않아요계절 사용해도 무방할거 같지만개인적으로는 여름보단 봄
 가을
 겨울에 사용하면 좋을거 같아요
 기저귀를 착용해 보았어요 
....... .......? 본문 이미지
...?... ......... ..?....... 본문 이미지 
....... .......? 본문 이미지
개당 기저귀 그램수는 
베피스 엑스트라 팬티 기저귀는낮
밤 할것없이 사용해 보았는데낮기저귀로도 밤기저귀로도 손색없이샘 없이 잘 사용하고 있어요 밤동안 한가득 소변을 본 기저귀예요 ...?... ......... ..?....... 본문 이미지 
....... .......? 본문 이미지....... .......? 본문 이미지....... .......? 본문 이미지....... .......? 본문 이미지
기저귀 처리 방법은 
기저귀 옆면을 손으로 뜯어 주세요.크게 힘들이지 않아도 잘 뜯기더라구요 
사용한 기저귀를 돌돌돌 말아기저귀 뒷부분에 있는 테이프를 쭉 댕겨서감싸듯이 붙여주면 끝
 우리 둘째가 태어나처음 입어보게된 팬티 기저귀 아무거나 입힐 수 있나요?고르고 골라 베피스 엑스트라 소프트 팬티로 결정했어요
 베피스 기저귀는 전제품 무형광 기저귀로안심하고 우리 아이들에게 입힐 수 있어요
앞으로도 쭉 입힐거랍니다 
해당업체에서 무상으로 제공받아 작성한 후기 입니다 
 일등맘 무료임신축하선물 베피스 기저귀 당첨 후기
전국적으로 다양한 지역에서 정말 많은 산모교실을 열고 있는 일등맘에서 무료임신축하선물로 베피스 기저귀를 매달 명을 추첨하여 나눠주고 있어요 뚱땅맘도 일등맘 산모교실 응모하면서 자동 응모가 되어서 베피스 기저귀 당첨 되었어요. 그리하여 받은 소형 팩 
매짜리 소형 한팩이에요 우리 둘찌를 위한 기저귀가 차곡차곡 쌓이고 있어요. ㅎㅎ일등맘 베피스 기저귀 응모는 아래와 같이 할 수 있어요. 현재 월 이벤트 진행 중이구요. 
일등맘 산모교실 신청하면서 신규 회원가입하시면서 베피스에도 신규 회원 가입 하시면 되요. 
그리고 베피스에서 진행되는 예비맘 이벤트에도 응모하시면.. 잘 하시면 기저귀 팩 받으실 수 있어요
베피스 예비맘 이벤트 당첨 후기 가기. . 
다들 일등맘이랑 베피스에서 기저귀 이벤트 응모해보세요 
 부드러운기저귀 베피스 소프트핏 중형 사용후기♩ 
찾았어요 찾았어요우리 아가에게 올 여름 편하게 입힐 부드러운기저귀허리밴드가 부드럽게 늘어나 조이지않고뭉침없어 밤기저귀로도 사용가능한베피스 소프트핏 
절취선이있어 수시로 쉽게 꺼낼수있어요. 
첫째때는 기저귀 한브랜드로만쭉 사용해서 뭐가 좋은지 몰랐는데늦게 낳은 둘째라 그런지좀 더 신중하게 기저귀를 선택하게되요.베피스 소프트핏 부드러운기저귀는여아 남아 기저귀로 나뉘어요.여아기저귀는 핑크핑크한게 역시 나은듯앞뒤 표시가 되어있고 소변알림줄이있어 편해요. 
여자아이라 피부가 매일 매일 닿는 부분이부드러운 착용감이었으면 좋겠다싶었는데엄마의 안목으로 고른 부드러운 기저귀 베피스 기저귀는부드러운 감촉과 흡수력이 좋은소프트 시크릿홀이있는게 특징이에요.무엇보다 손으로 스쳐봤을때 부드러운게 가장 좋더라구요.두께도 굉장히 얇아 더운 여름 힙히기 딱 좋아요. 
지금까지 써본 일부 기저귀는허리밴드가 늘어나지 않는경우도있는데그럴땐 아기가 앉아서 있을때 조이는거같아 별루였는데부드러운기저귀로 들인 베피스 소프트앤핏기저귀는늘었다 줄었다앞면엔숫자 표시가되어있어아기 허리둘레에 맞게 붙여주면되요. 
둘째맘인데도 소변알림줄이있는게 편한데팸스 킨 일부 기저귀는소변알림줄이없어육안으로 쉽게 확인이안되 불편했어요.날이 더워지니 활동량이 많은 낮엔 밤처럼 오래 입히면땀띠나 허벅지부분이 조이게되아기도 불편하게되는데자주 자주 갈아주기 좋더라구요. 
그동안 비도 안와 덥기만할때는덥다로만 생각했는데요즘같이 장마철엔 덥기도하지만끈적끈적 특히 아기와 함께 붙어있다보니아기도 엄마도 힘든데부드러운기저귀 베피스 입히고는울 아가야는 좀 더 편해해졌겠죠?얼마전 영유아 검진했는데몸무게 .로나왔어요. 착용가능한 중형으로 선택했는데넘나 잘 한듯얇은 바디슈트 하나만 입혀놓거나기저귀만 채우고 낮엔 두기도하는데기저귀가 편한지 방긋 방긋 웃어주는울 꼬맹이랍니다뒤집기한지 얼마안되 기지않고바로 앉은 울 아가앉아서 노는 시간이 많은데베피스 소프트앤핏 기저귀 차고 싱글벙글 
부드러운시트가있어 편하기도하지만흡수력 또한 무시못해요쉬아하고나서 기저귀에티슈로 꾹 눌러봤는데 묻어남이 적고역류가 없어 밤기저귀로도 딱일세비싸고 산 유명 기저귀들왜 좋다고하는지..역류로 넘 안좋고 뭉침이 심했는데부드러운기저귀로 들인 베피스 소프트앤핏은뭉침도없고 역류도 없었어요. 함 써보실래요? 
 베피스팬티기저귀 후기하기스팬티기저귀와 군팬티 등 간략비교 개월 딸 
 베피스 무형광기저귀 이것만 써야지 
 .?베피스베피스.?무형광기저귀무형광기저귀 
빠질수 없는 육아용품 기저귀매일 아기피부에 직접 닿는거라기저귀 고를땐정말 꼼꼼하게 살펴보실텐데요.그동안 아기발진은 생기지않는지흡수력 비교하고고르고 골라 사용했는데무형광 기저귀에 대해선 전혀 모르고 있었답니다 
형광물질이 좋지않다는건알고있었는데아기 기저귀에도 있을줄이야 ㅠ영상을 보시면베피스 기저귀에 형광물질이없다는걸 알수 있는데요 
베피스 기저귀는법적 안전기준인 안감뿐아니라겉면
 밴드까지기저귀 모든소재에 형광증백제가들어있지 않아 안심하고 사용할수 있어요 
이렇게 램프로 비춰봐도파란불빛이 보이지않아요 
미녀한의사로 방송에 나와서여러 건강정보를 알려주시던박미경원장님도 추천하는베피스 기저귀 
형광물질이 없는 베피스의무한도전 
현재 홈페이지에서베피스 무한도전 캠페인 이벤트 중이에요영상을 공유하거나에 사진을 업로드한후주소 남기면추첨해서 선물이저처럼 잘 몰랐던 분들이 영상보시고아기기저귀 더 잘 고를실수 있음 좋겠네요ㅎㅎ 
초코는 이번에 새로 출시된소프트앤 핏 제품을 사용해봤어요키로지만 키로 아장아장 걷는 아기특대형으로 초이스 했답니다. 
처음엔 약간 길게 느껴져서크면 어쩌나 했는데신축성좋은 허리밴드와레그라인으로딱 좋은 핏 
어쩜 이리 얇은지두께감에 놀람요얇지만소프트 시크릿 홀 패드로흡수력은 배더 빠르게 
이중안심라인으로마구 움직여도샐염려도 적고 
무엇보다 형광 증백제가 피부에 닿게되면 알레르기성 피부염
 아토피 피부염이 생길수도 있다고 하는데그럴 걱정은 없어서 안심이에요 
위 포스팅은 제품과 소정의원고료를 받고 솔직하게 작성한 후기입니다. 
 썸머 기저귀추천베피스 바람아솔솔아 사용후기
썸머 기저귀추천 베피스 바람아솔솔아 사용후기 
여름이 되다보니 자연스레 썸머 기저귀를 찾게 되요 제가 개인적으로 베피스 써보고 참 좋다 생각했었는데요이번에 여름 썸머 기저귀로 바람아솔솔아가 나왔더라고요 그래서 덥기도 하고.. 자꾸 빨갛게 달아오르는 아이 엉덩이를 보면서... 안되겠다 싶어서 주문했지요 ㅎ 
아장아장 걷는 아기는라 우리 아기를 위해 특대형을 주문했어요 사실 저는 팬티기저귀가 참 편해요 애가 목욕하고 나오면 정말 너무 울거든요.. 물속에서 더 놀고 싶다고... 그럴때 후다닥 입힐 수 있으니까요.
앞 뒤쪽 모양이예요 귀여운 느낌이고 테잎도 뒤에 있답니다.
중 샘방지를 통해 아이의 소변과 응가를 안전하게 지켜주지요 ㅎ가끔 난감할때가 생기지만 ㅋㅋㅋ 깔고 앉을때 ㅋㅋㅋㅋㅋㅋ 
넉넉한 사이즈라 그런지 아이한테 잘 맞아요 활동도 편해서 얼마나 돌아다니는 지..
기저귀 고를 때 어떤걸 중요하게 생각하시나요?? 
밴드랑 팬티 둘다 사용해 보니 뭐니해도 옆쪽에 옆밴드 통기성을 중요하게 생각하는데요 베피스 바람아솔솔아는 딱 봐도 시원해보여요
금방 자다 깬 아이라 비몽사몽 오랜만에 실컷 잠을 자고 일어나 기분이 좋으네요
귀여운 엉덩이 엄마 미소 짓게 하는 순간
실컷 돌아다니다 보니까.. 아이가 벌써 소변을 꽤 봤더라고요
그리고 조금 시간이 흘렀어요
이렇게 휴지를 이용해 혹시나 하고 꾹 눌러 보니..하나도 묻어나지 않네요 흡수가 잘 되었다는 뜻이겠죠?? 
보송한 엉덩이를 위해 더운 여름아이들이 매일 차야하는데 얼마나 더울까요??썸머 기저귀추천 베피스 바람아솔솔아 올 여름 시원하게 보내보자
 부드러운 기저귀 베피스 기저귀맘스다이어리 부제영역은 지식백과에서만 사용되지만 포스트 엔드에 마크업은 잔존하게 됩니다 기본적으로요소는 입니다 
부드럽고 안전한 기저귀베피스 기저귀 
 라꿍이의 기저귀에요 이제 백일이 넘은 라꿍이는정도가 되었답니다. 그래서 소형 기저귀에서 중형 기저귀로 넘어갔지요 ㅎㅎ 이번에 좋은 기회에 사용하게 된 기저귀에요 베피스기저귀랍니다. 
 베피스 중형 기저귀는 백일 무렵 의 아기가 사용한답니다.저희 라꿍이는 이지만 허벅지가 많이 두껍지 않아서 그런지 꽤 크다고 느껴지는 크기였답니다.
 베피스 기저귀는 정말 허리벨트가 길더라구요. 그 점이 정말 좋았어요.
 베피스 기저귀는 소형부터 중형
특대형에 점보 크기도 있어요
 베피스 기저귀 장점 . 소프트 시크릿 홀 덕분에 부드러워요. .입체 슬림핏으로 가볍고 편안하지요. . 소변 알림 마크로 기저귀를 제때에 갈아줄 수 있어요. . 안심 이중 샘 방지 시스템으로 세는 것을 막아주어요. . 와이드 허리밴드 덕분에 허리가 편안해요.
 베피스 기저귀는 얇고 가볍더라구요 
 넉넉한 크기라서 오래도록 쓸 것 같아요. 
 부드러운 감촉 
 구멍이 송송 있어서 엉덩이를 보송보송 
 요 찍찍이 모양도 저는 신경쓰는데요 이게 끝이 각져서 안 좋은 기저귀도 가끔 있거든요 근데 베피스 기저귀는 둥글둥글 좋답니다. 
 넉넉한 허리벨트
 베피스 기저귀를 해보았어요. 오동통한 허벅지 ㅋㅋ 
 다리를 뻥뻥 차도 편안하게 ㅎㅎ 샘 방지도 잘 되어 있지요 
 저는 이 허리밴드가 최고로 마음에 드네요 
 노란색의 소변 알림 마크도 눈에 잘 띄어요 
 이제 베피스기저귀하고 뒹굴뒹굴 놀 시간 
잠시 후 소변 알림 마크가 초록색이 되었지요. 소변을 누었어요
 최대한 지저분해 보이지 않게 사진을 찍었어요. 보송보송한 느낌 
 다 쓴 기저귀는 작게 잘 말리지요 버릴 때를 생각해서 작게 말리는 기저귀가 좋더라구요 ㅎㅎ 소셜을 찾아보니 가격도 저렴하더라구요 저는 한 기저귀만 고집하는 스타일이 아니어서 베피스 기저귀도 종종 구매할 것 같아요저희 라꿍이 베피스 기저귀와 함께 자라겠네요... ... 
이 포스팅은 맘스다이어리에서 별별체험단에 당첨되어 베피스 기저귀를 무료로 받아 작성한 후기입니다. 
 베피스기저귀 예비맘이벤트 당첨선물 받았어요 
 부드러운기저귀 베피스 소프트핏 특대형 
어린이집에선 늘 밴드기저귀를 보내달라셔서팬티기저귀 말고도 어느정도 준비를 해두는 편이에요이번 달엔 다 떨어진 줄 모르고 급히쿠 에서 로켓배송되는 제품으로 알아보다 부드러운기저귀 베피스 밴드형 특대사이즈 써보게 되었어요 
베피스기저귀는 후기가 많이 없는 것 같은데실제로 써보니 가격대비 진짜 괜찮은 것 같아요 한 팩에 개씩 들어있고 남아용여아용 구분되어 나오더라고요 
가격은 쿠 할인 받으니 팩에 만원대 초반 정도였어요가성비 괜찮은 편이죠?실제로 흡수력도 좋고 발진도 없으면 좋을텐데 하고일주일 정도 써보고 원에도 보내게 되었어요 
도착하자마자 또 이리저리 나르고 있어요 ㅎㅎㅎ이번엔 강아지랑 친구가 있는 그림이네? 하면서자기가 쓸 기저귀를 정리? 하는 중입니다 
밴드 부분 궁금해 하실까봐 ㅎㅎ이런 식으로 생겼고요배통통 아이도 잘 맞네요
또한 두께도 굉장히 얇게 잘 나와서여름기저귀로도 활용하기 딱 좋아요
앞 부분은 셔링이 잡혀있지 않은데허리 뒷 부분은 밴드 셔링이 제대로 잡혀 있어서쭉쭉 늘어나서 활동하기에 편하겠더라고요물론 제가 밴드를 채울 때도 쉽고요 
옆 라인은 요로케 ㅎㅎㅎㅎ진짜 부들부들 만져보면 왜 부드러운기저귀라 불리는지 아실거예요절개선도 너무 딱 떨어지게 재단한게 아니라엉덩이
허벅지에 자국이 남지 않도록 해두었더라고요 
또 하나의 쇼킹? 했던 점은앞
뒤가 한글로 쓰여있어서 ㅋㅋㅋㅋㅋㅋㅋㅋㅋㅋ은근 좋았습니다 ㅋㅋㅋㅋㅋㅋㅋㅋㅋㅋㅋㅋㅋㅋ뭔가 더 눈에 잘 띈다고 해야 할까요 ㅋㅋㅋㅋ 
어때요
앞뒤 구분이 명확하죠?ㅎㅎㅎ사실 그동안 수십장의 기저귀를 써봤지만한글로 앞
뒤 적인 건 처음 봤어요 ㅎㅎㅎㅎㅎㅎㅎㅎㅎ대부분의제품은 이라고 써져 있었는데왜 때문인지 갑자기 의구심을 갖게 한 부분이 아닐 수 없습니다 ㅋ 
흡수력은 물론
소변줄 표시로 교체시기도 알기 쉽고무엇보다도 일주일 써본 결과 발.진.이.없.었.어.요여름기저귀는 사실 좀 예민한 부분이라발진나면 바로 못쓰겠다 싶었는데역시 가성비 괜찮은 밴드기저귀 답습니다
밴드기저귀 한 동안 쓰기 너무 힘들어서 잘 못 썼는데요새는 배변 훈련한다고 거의 벗겨 놓거나 바지만 입혀둘 때가 많은데밤잠 들고 나면 누워 있는 상태에서 제가 이렇게 채우기에팬티기저귀 보다 훨씬 편하더라고요 
옆라인 짱짱하게 샘 방지 기능도 되어있고여러모로 구입해보니 마음에 드는 기저귀였답니다
 베피스 소프트드라이 기저귀 중형 비교 및 사용후기 
 아들이 기저귀 발진이 생겨서 이것저것 찾아보다가 베피스도 좋다길래 구입해봤어요. 소프트 타입과 트라이 타입 두 가지가 였는데 어떤게 좋을지 몰라 두개 다 구입해서 사용해봤어요. 구입해서 사용한지는 몇 달됐는데 이제서야 후기 올려봅니다.
 기저귀 발진나면 기저귀도 중요하지만 자구 갈아주는게 좋다길래 넉넉하게 주문기저귀값이 장난이 아니네요ㅜ 
 둘 다 중형으로 주문했는데 
드라이는 개
소프트는 개 들어있네요. 두가지의 큰 차이점이라면 
드라이는 좀 더 흡수가 빠르게 소프트는 좀 더 부드럽고 통기성이 좋게 나왔다는 거에요. 기저귀 발진에선 흡수가 빠른것도 중요하고 통기성도 중요해서 어떤 걸 선택해야될지 모르겠더라구요. 그래서 둘다 구입하게 됐네요.ㅎㅎ 
 베피스의 몸무게별 사이즈표에요. 
 사용해보니 드라이와 소프트 둘다 흡수되는 속도가큰차이는 없어보이는 것 같았어요. 그래서 소프트가 두개 덜 들어있나봐요. 기능이 더 많아서..
 뜯는 선은 손잡이쪽에.. 쉽게 잘 뜯어지더라구요.
 왼쪽이 드라이
오른쪽이 소프트에요.요즘은 냄새로도 어느정도 구분되지만 소변줄 알림마크는 없어서는 안될 기능 중 하나인듯해요.ㅋㅋㅋ
 안쪽 패드는 겉보기엔 큰차이가 없어보여요.만져보면 차이가 나는데
드라이가 좀더 빠빳하고 소프트가 부드러워요. 근데 기본적으로타사의 기저귀에 비해 빠빳한편인 것 같아요. 
 일 때 착용 모습 이에요 .기저귀 발진생기고 부터는 일부러 통기성 좋게 하려고 꽉 조여매지 않기도 하지만
뒤에 허리밴드가 엄청 쫀쫀 하더라구요.그래서 왠지 당겨 붙이면 답답할 것같아서 끝에 붙였더니 요 상태. 이렇게 끝에 겨우 붙여놔도 뒤로 옆으로
오줌이 센적은 한번도 없었어요. 
 조금 더러워 보일수 도 있지만 오줌 싸고나서의 모습이에요.ㅋㅋㅋ 만져보니 뽀송뽀송했어요.
 오줌누면 노란색이 초록색으로
 돌돌돌 마르면 요정도 되구요.사용해보니 기저귀 발진은 확실히 없어졌어요. 이 당시엔 자주 갈아줘서 없어진 것도 있지 않을까 했는데 다른 브랜드꺼 써보니 자주 간다고 기저귀 발진이 없어지는 건 아닌것 같더라구요.오줌이 세는 것도 없고 좋긴 했는데 빳빳한감과 쫀쫀한 밴드가 제 취향은 아니어서 지금은 다른걸 쓰고 있어요.이상입니다. 읽어주셔서 감사합니다.
 베피스 바람아 솔솔아 여름기저귀로 딱이에요 
애정이웃인 술리야가 기저귀 나눔이벤트를 한다기에 신청했었죠그리곤 그 명안에 들어서 당첨아..이런거 처음이라 조곰 ㅋㅋㅋㅋ어색하지만 열심히 써봅니다 히히당첨 후 몇일 뒤 도착한 기저귀 한팩
여름기저귀라 그런걸까요?배경까지 쉬원한 느낌이에요 반갑다 베피스 바람아 솔솔아 팬티기저귀야우리 민재 엉덩이를 부탁해
손잡이도 깔끔하게 잘 되어있어요 
바람아 솔솔아 팬티기저귀는 대형
특대형 두가지구요대형은특대형은 남녀공용입니다민재는 . 남자아이에요그래서 대형사이즈 선택 대형은 한팩에 개 
옆면에 기저귀 뜯는 점선이 앞 뒤로 있어요점선을 좌라락 뜯어주면기저귀가 까꿍잘 안보이니 자세히 보시면 점선이 있어요 
베피스 기저귀의 특징 
 마이크로 
 숨쉬는 허리밴드 
 편리한 소변 알림마크 
 바람이 솔솔시트 
 안심 이중 샘방지 시스템흡수력과 통기성이 우수하다니 여름기저귀로는 딱인거 같지요 ? 
기저귀를 꺼내는 순간 너무 부들부들해서 놀랬어요색깔은 두가지로 옅은 민트색과 옅은 보라색 그려져있는 그림들도 너무 귀여워요전 주로 하의실종 패션이라 기저귀가 이쁜것도 좋더라구요이건 입혀놓아도 은은한 색상 덕분에 이쁠꺼 같아요 
편리한 소변알림마크가 노란색으로 세줄이였다가쉬아를 하게 되면 초록색으로 변해요
뒤처리를 깔끔하게 해주는 테이프가 있어요기저귀를 돌돌 말아 테이프를 쫘악 붙여주면뒤처리 끝 
 마이크로 
 층 구조로 설계된 얇은 패드가 아이의 소변을 빠르게 흡수하고 
 세지않아 아기 엉덩이를 언제나 보송보송 
 한번 테스트 해보겠습니다 
 저는 더치커피 연하게 탄걸로 해보았어요 
커피를 기저귀에 부었습니다붓는순간부터 흡수를 하더니 종이컵 반컵 이상의 더치커피를 빠르게 흡수하더라구요 
더치커피 반컵을 머금은 기저귀에티슈 한장을 가져다 꾹 눌러봤는데하나도 묻어나지 않았어요 
 정말
 흡수력 
 이 끝내줬어요 
 흡수한 기저귀 단면을 살펴보니 
 흡수체가 더치커피를 가득 머금고 있는게 보이죠? 
 이렇게 빨리 흡수하니 
 우리 아이 엉덩이가 보송보송 하겠죠 
 우리 아이는 늘 배가 남산만하게 나와있기에 
 배가 쫌 찡길 줄 알았는데 
 왠걸요
 허리밴드가 너무 부드럽게 늘어나서 
 딱맞게 입혀져서 놀랬어요 
기저귀를 입히고 허리밴드를 잡아 당겨보았는데스윽 잡아당겨지는 것이너무 편해보이더라구요몸에 딱 맞게 입혀지지만 부드럽게 감싸주니 허리에 땀찰 일도 없겠어요 
이중 샘방지로 쉬아를 해도 옆으로 새지 않게 되어있어요저녁에 잘때 입혀도 아침에 보송보송하게새지도 않아서 수면용으로도 딱 이였어요 
 한창 움직임이 많은 개월 우리아이가
 입고 뒤척여도 부드럽게 늘어나서
 편하게 잘 입고 있어요 
 쉬아를 많이 하고 기저귀를 갈아도
 엉덩이가 보송보송하니까 자꾸 손으로 만지게 되더라구요 
 통기성이 뛰어나서 그런거 같애요 
 땀 많이 흘리는 여름엔 딱인 기저귀에요 
 베피스 바람아솔솔아 기저귀와 함께 쓰면 좋은 
 베피스 물티슈
물티슈의 초록색깔이 마음까지 푸근해지는거 같애요 베피스 오리지날 물티슈 
우리 아기를 위한 단계 안심 프로젝트단계 정수과정으로안심걱정되는 성분안심피부자극안심옆면에 제조날짜와 사용할수 있는 기간까지표시되어 있어서 안심하고 쓸 수 있어요 
캡 안쪽에는 스티커로 봉해있구요스티커를 떼고 물티슈를 사용할 수 있어요 
물티슈는 한장씩 잘 뽑혀서 급하게 쓸 때 유용해요너무 얇지도 않고 부들부들 촉촉해서 우리 아기에게 사용해도 문제 없더라구요 
 여름기저귀 찾고 계신다면
 베피스 바람아 솔솔아 기저귀 어떠세요 
 ? 
 본 포스팅은 해당업체로부터 제품만을 제공받아 작성한 객관적인 후기입니다 
 베피스 베피스 기저귀모션 핏 팬티 기저귀 
안녕하세요. 베피스 서포터즈 베피스맘기 신토리입니다.오늘은 현재 쓰고 있는 베피스 기저귀에 대한 내용을 쓰려고 해요.저희 아가는 신생아 시절인 드라마 산부인과와 산후조리원에서 하기스 네이처메이드 기저귀를 썼었구요.저 또한 당연히 기저귀라면 하기스라고 생각했었어요.임신 중에 산모교실을 다녀봐도 하기스 기저귀 홍보를 엄청 하고 무료로 체험팩을 많이 줬던 기억도 새록새록 그래서 산후조리원에 있는 동안 산모교실 다니며 받았던 할인쿠폰 적용해가며 하기스 네이처메이드 기저귀를 몇 팩이나 사들였는지 몰라요.그 다음 썼던 것이 생건 자운보 지금은 쌍용베피스 기저귀로 갈아탔답니다.하기스가 시장점유율 위라는데..마케팅 효과가 꽤 큰 것 같아요. 산모교실에서도 기저귀 브랜드로는 단연 하기스가 눈에 많이 들어왔었고업체는 하기스만 왔던 것 같은 느낌적인 느낌
산후조리원에서도 주로 하기스에서 지원을 많이 해주는 것 같더라구요. 암튼 저희 아가와는 조금 안 맞아서 계속 다른 기저귀 브랜드를 찾고 있었어요.그렇게 하다 알게 된 베피스 모션 핏 팬티 기저귀모션 핏 팬티 기저귀 팩 겉면이에요. 
베피스 기저귀 모든 제품에는 
제조일자가 표기되어 있어서 한 번에 확인이 가능해요. 요건 ..에 제조되었네요. 
베피스 모션 핏 팬티 기저귀 디자인은 총 가지에요.
코듀로이와 
데님 스타일베피스 모션 핏 팬티기저귀만 입혀도 마치 바지를 입은 듯이 보기 이쁘게 디자인해놨더라구요. 요새 거의 대부분의 기저귀들이 디자인까지 신경써서 만들고 있는 것 같아요. 하지만 저는 모션 핏 팬티 기저귀 디자인보다는 베피스 엑스트라 소프트 팬티 기저귀 라인의 디자인을 더 좋아해...요 ...☞☜개취..ㅎㅎㅎ 
그리고 베피스 기저귀하면 빼놓을 수 없는 부분인 
허리밴드와 허벅지 밴드 부분베피스 기저귀를 만져보시면 아시겠지만 
굉장히 부드러워요이 부드러움이 아가야 배와 허리
허벅지까지 편하게 해줄 것 같았어요.확실히 써보니 배부위나 허벅지 부위 자국이 거의 없었어요.처음에 너무 부드럽고 쫀쫀한?그런 느낌이 없어서 혹여나 새지는 않을까 걱정도 됐는데요
다행히 저희 아가는 베피스 기저귀를 사용하면서 새본 적은 단 한번도 없었어요. 이것도 아가마다 다른 것 같아서참고만 하세요 
베피스 기저귀 또한 
이중 샘 방지 시스템으로 소변이 옆으로 새는 것을 막아주는 역할을 톡톡히 하는 것 같아요.안쪽 샘방지 부분이 비교했던 기저귀 샘방지 촉감보다 더 부드러웠던 점도 맘에 들었어요. 길이도 좀 더 긴 편이였구요 
또 하나
 베피스 기저귀만의 독특한 내부 패드 표면 
다이아 형태의 패드로 되어 있는데
이 부분도 소변 또는 대변을 흡수시킨 패드와 아가야 피부와 덜 접촉하게끔 하기 위하여? 이렇게 만들어진거라고 해요. 그러고보니..다른 기저귀들과는 패드가 다르네요 
그래서 한 번 궁금해서 팸퍼스 베이비드라이 제품과 비교해봤습니다.두 개의 제품 모두 키로대 아가야가 쓸 수 있는 단계였다는 점과 단순히 그냥 제가 테스트 해봤을..뿐.....☞☜이랍니다.베피스 기저귀와 팸퍼스 기저귀의 앞쪽과 뒤쪽 
저는 두유로 테스트를 해봤어요.패드의 길이도 제가 시작점부터 끝나는 부분까지형광펜으로 표시해뒀는데
확실히 베피스 모션 핏 팬티 기저귀의 패드 길이가 좀 더 기네요 
똑같이 부었고
똑같이 앞쪽 패드 부위에 중점적으로 부었습니다. 
아래 사진은 두유를 부은 후 바로 찍은 사진인데요
두유를 부은 후에 흡수력 보이시나요?저는 사실 베피스 모션 핏 팬티 기저귀 사용하면서 제일 처음으로 놀랐던 부분이 흡수력이였거든요 첫 날 사용하고 그걸 느꼈던 이유 중 하나가...아가야가 응아를 했는데 그 부분까지 거의 흡수 시키고 잔여물과 색만 남아있었다는....그런 좀 디러운 얘기를...정말 많이 놀라워서 흡수력 짱짱이라고 남편한테 호들갑까지 떨었네요 
좀 더 밀착시켜 찍어보았어요. 보이시나요?좌팸퍼스 베이비드라이우베피스 모션 핏 팬티 기저귀 
그리고 얼마나 되묻어 나오는지 테스트 해보기 위해 티슈로 한 번 확인해봤어요.똑같이 아무것도 안 묻어 있는 티슈를 반으로 접고 또 반으로 접어서 준비
일단은 그냥 올려놓아보기도 했고
 손으로 꾸욱 눌러보기도 했는데요
베피스가 덜 묻어나오길래...제가 오히려 오른손을 좀 더 힘 주기도 했고..앞 쪽 부위보다 뒤쪽 부위가 더 많이 되묻어 나오려나?하면서 뒤쪽 소변패드까지 티슈로 눌러봤는데
확실히 베피스 모션 핏 팬티 기저귀가 되묻어나오는 양이 적더라구요.이런 걸...하고 있는 나도 신기함 ㅎㅎㅎ
그리고 제가 볼 수 있는 기저귀 표면도 베피스 데님은 색상 때문인지 두유 색이 거의 안 보이는 것도 확인이 가능해요.뭉침은 비슷비슷했어요. 딱히 어떤게 더 뭉침이 적다..이런 건 손으로 만져봤을 때 잘 모르겠었어요. 
두유를 머금은 기저귀들의 무게는 어떻게 될 것인가?ㅎㅎ차이가 많을까 싶어 재봤는데
그람정도? 차이가 나긴 나더라구요. 딱 손으로 들어봤을 때는 몰랐는데...꽤 나네요 ㅎㅎ 
이렇게 간단하게 그냥 한 번? 베피스 기저귀가 어떤가싶어 비교해봤습니다
마지막으로 아가야 코듀로이 베피스 모션 핏 팬티 기저귀 착용한 뒤태입니다 
예전에 찍어두었던 활동적으로 움직이는 아가야 뒤태...입니다. ㅎㅎ 
저희 아가의 경우는 한 달에 팩을 구입해놓고 사용해왔었는데요
 베피스 모션핏 기저귀도 한 달에 팩 구매할 경우 
기저귀 매당 원 정도 했어요. 이 정도 가격에 이 정도 퀄리티면 넘넘 만족스럽다는
베피스 기저귀의 전 제품 라인 업오늘 제가 소개해드렸던 제품은 베피스 팬티형 기저귀 중 
모션 핏 남녀공용 대형 사이즈였습니다. 
 본 포스트는 업체로부터 제품을 무상으로 제공받아 작성한 솔직하고 주관적인 후기입니다. 
세일제품 
기저귀 베피스 엑스트라 소프트 팬티형 기저귀 여아용 대형 단계 
 쿠팡 할인 
베피스 엑스트라 소프트 팬티형 기저귀 여아용 대형 단계 
세일제품 기저귀 
 ▼ 
현재 상품정보는 쿠팡 물품으로 일시 품절이 될 수 있습니다. 
⭐⭐⭐⭐⭐개월쯤에 사용했을땐착용감이 별로라 잊고있다최근에 개월인 아이에게쓸려고 다시 주문했어요예전보다 촉감이 많이부드러워진듯한 느낌이구요허리밴드의 신축성은 적당한것같아요소변 흡수가 잘되어 자면서도새지않고 활동성도 좋은것같아요무엇보다 펌퍼스나 다른기저귀들처럼 흡수제가묻어나지않아서 좋아요아무리안전하다해도 흡수제가나오거나 보풀이 묻어나면신경이 쓰인는데 이건묻어나는건 없어요 단점은기저귀 교체시 옆선이잘찢어지지않아 불편할때가간혹있어요 저희아이가키로인데 싸이즈가딱맞는 느낌이라배꼽에딱맞아 활동후엔 배밑에걸쳐지는느낌 담번엔 로.... . 
 더보기 
🌟🌟🌟🌟🌟첫째때 신상품으로 나와서할인할때 기저귀뗀다고 막쓰려고써본적이있었는데 그때 가격에비해괜찮다 생각했었거든요 그래서둘째 기저귀로 주문해봤답니다흡수력은 상 이에요 가격대비너무괜찮아요 이것저것기저귀많이써봤는데 바로앞전에팸퍼스쓰거든요 근데도 뒤지지않는흡수력이랄까 페넬로페베이비슈주로쓰는데 그것들만큼 괜찮아요그리고 옆에 뜯는 라인도안쪽은 부드럽게처리되서껄끄럽지않다는게 두번째장점근데 가끔 고무줄은튀어요그건 페넬로페라인도 똑같거든요옆에가 견고하게 붙어있는기저귀들은 고무줄튀는경우가많아서그리고 착용했을때 핏으로따지자면 일반 마미포코스러워요옆으로넓고 앞뒤는 길지않아요길지않아도 짧지도않고요그냥 앞뒤긴거쓰시던분들은어조금 짧아보이네 느낌새어나오거나그런건 전혀없어요저희딸은 그냥보통체군데도조금큰감이있어요 넉넉하다고해야되나페넬로페이랑비슷한것같은데조금더넉넉해요 그래서 헐렁한느낌인데크다고는하기어려운 마른애기들 쓰는친구들은 조금클수도있을것같아요그래도새는거없이 흡수잘하고괜찮아요 저는 앞으로도써볼의향 있어요 반신반의하면서샀는데 너무만족스러워서.... . 
 더보기 
 . 
 .제품 리얼후기 더보기 ∇ 
상품정보 
 . 
 .제품정보 더보기 ∇ 
 .?소프트소프트.?일회용기저귀일회용기저귀.?유아동유아동 .?개개.?물티슈물티슈 
 .?여아용여아용.?기저귀기저귀 
 .?엑스트라엑스트라.? 
 .?.?팬티형팬티형 
 .?출산출산.?단계단계 
 .?.?베피스베피스 
이 글은 제휴 파트너 광고로 일정 커미션 지급을 받을 수 있습니다. 
기저귀할인제품 베피스 엑스트라 소프트 팬티형 기저귀 남아용 특대형
매입 
베피스 엑스트라 소프트 팬티형 기저귀 남아용 특대형
매입 
 세일중 
할인제품 기저귀 
 ▼ 
확인된 제품 정보는 쿠팡 품목으로 일시 품절이 될 수 있습니다. 
★★★★★큰애때 마코 제품을 너무 잘써서 계속쓰다 다른것 써보자하고사용시작했는데와우 괭장히 보들보들해요.... . 
 더보기 
★★★★★개월남아 잘맞아요 팬티는 잘 세서 킨밴드만 사용하다가 기저귀 뗄.... . 
 더보기 
★★★★★완벽한라인인대 허리자국 안남아좋아여 단점이 있다면애가 입고뭉게고 놀다보면.... . 
 더보기 
 . 
 .제품 리얼후기 더보기 ∇ 
상품정보 
 . 
 .제품정보 더보기 ∇ 
 .?일회용기저귀일회용기저귀.?베피스베피스.? 
 .?팬티형팬티형.?유아동유아동 
 .?물티슈물티슈.? 
 .?남아용남아용.? 
 .?특대형특대형.?출산출산 
 .?소프트소프트.?기저귀기저귀 .?.?매입매입 
해당 글은 제휴 파트너 광고로 일정 커미션 지급을 받을 수 있습니다. 
 베피스 기저귀 사용후기 
베피스 기저귀는 들어본적이 없어서 ㅎㅎ 산모교실을 통해 알게되었는데요 우연히 개나있는데 포장이 다 다르네요
전부 올해껀데 오버액션토끼가 가장최근이에요
소프트앤핏이나 오버액션토끼는 종류에 안보이네요
거의 비슷해요. 사이즈도 같고..베피스의 특징은 뒷면 허리밴딩이 엄청 쫀쫀하게 되어있음.제일 오른쪽게 엑스트라 드라이에요. 그나마 이게 기저귀 표면 느낌이 좀더 부드러움.
위에가 소프트앤핏 가운데가 액션토끼 맨아래가 엑스트라드라이두께차이 별로없음 사용후기 마미포코 군 기저귀와 비교
베피스는 다른기저귀들에 비해 밴드부분이 뻣뻣해요. 그래서 약간 싼티나요...그전에 쓰던것들은 친환경 네띠기저귀빼곤 이건 약간 종이느낌 거의 부드러운데 다른거 쓰다가 쓰면 느낄수있을정도. 흡수력은 나쁘지않음 발진도 없어요. 쓰는데 문제는 없으나 기왕이면 부드러운거 쓰고싶네요. 엄마마음두께감마미포코 뽀송허그 베피스군 군이 제일 도톰하네요 
크기마미포코베피스 군마미포코는 키로까지인데 베피스도 키로인데..베피스로는 키로 못갈듯... ㅋ 현재 키로인데 딱맞아요. 
허리밴딩베피스강 마미포코 약 군밴딩없음 개인적으론 밴딩없는게 좋아요 ㅎㅎ촉감군 마미포코베피스 군이 부드러워요ㅡ 내부촉감마미포코 군 베피스 아기가 닿는면은 마미포코가 더 부드러움그냥 쓰고싶어서 쓰는 산모교실에서 경품으로 받은 베피스 기저귀 가지 사용후기입니다.?베피스베피스.?기저귀비교기저귀비교.?마미포코마미포코.?군기저귀군기저귀.?베피스기저귀베피스기저귀.?기저귀비교기저귀비교.?기저귀후기기저귀후기 
 차원이 다른 부드러움으로 편안함을 입다
베피스 엑스트라 소프트 팬티 기저귀 
 베피스 기저귀의 팬티 기저귀 라인의사이즈 표도 자세하게 나와 있어요
아기에게 해로운 성분은 넣지 않았으며모든 제품에 전성분과 제조일자가 표기가 되어 있으니안심하고 사용하세요 
 기저귀를 꺼내 보았어요꺅 디자인이 너무나 예뻐 
 아기의 체형과 움직임을 고려하여 설계된총 
줄의 허리 밴드가 몸을 따라유연하게 움직여 더욱 편안한 착용감을 제공해요 
....... .......? 본문 이미지
제가 양손으로 기저귀를 당겨봤는데진짜 편안하게 쭉쭉 잘 늘어나더라구요 우리 아이 몸에 닿는다면조이지 않고 활동하기 편할거 같다는 생각이 기존 열처리 접착 방식이 아닌 비 가열식 최신 접착 기술을 적용하여밴드에서도 차별화된 부드러움이 느껴져요
......... ..?....... 본문 이미지
소변이 옆으로 새는 것을 막아 주어움직임이 많아도 샘 걱정 없이 안심하고 사용해요
......... ..?....... 본문 이미지
기저귀를 뒤집어 보았어요피부와 닿는 접촉면의 부드러운 감촉을 통해우리 아기 피부를 포근하게 감싸줄 수 있어요 
......... ..?....... 본문 이미지
두께는 아주 두껍지도 않고얇지도 않아요계절 사용해도 무방할거 같지만개인적으로는 여름보단 봄
 가을
 겨울에 사용하면 좋을거 같아요
 기저귀를 착용해 보았어요 
....... .......? 본문 이미지
...?... ........... ..?......... 본문 이미지 
......... ..?....... 본문 이미지
개당 기저귀 그램수는 
베피스 엑스트라 팬티 기저귀는낮
밤 할것없이 사용해 보았는데낮기저귀로도 밤기저귀로도 손색없이샘 없이 잘 사용하고 있어요 밤동안 한가득 소변을 본 기저귀예요 ...?... ........... ..?......... 본문 이미지 
......... ..?....... 본문 이미지......... ..?....... 본문 이미지......... ..?....... 본문 이미지......... ..?....... 본문 이미지
기저귀 처리 방법은 
기저귀 옆면을 손으로 뜯어 주세요.크게 힘들이지 않아도 잘 뜯기더라구요 
사용한 기저귀를 돌돌돌 말아기저귀 뒷부분에 있는 테이프를 쭉 댕겨서감싸듯이 붙여주면 끝
 우리 둘째가 태어나처음 입어보게된 팬티 기저귀 아무거나 입힐 수 있나요?고르고 골라 베피스 엑스트라 소프트 팬티로 결정했어요
 베피스 기저귀는 전제품 무형광 기저귀로안심하고 우리 아이들에게 입힐 수 있어요
앞으로도 쭉 입힐거랍니다 
해당업체에서 무상으로 제공받아 작성한 후기 입니다 
 《일등맘카페 무료임신축하선물 베피스기저귀 수령후기 
안녕하시렵니까오늘의 수령후기는 산모교실로 유명한 일등맘카페에서 주는 무료임신축하선물 베피스기저귀에요 
저는 월 신규가입자였는데 수령한지 한 달만에야 드디어 후기를 올리네요ㅎㅎ월 한 달간 정신없이 준비하고 정리하고 하다보니 이제서야 생각나서 늦은 후기 올리게 됐어요일등맘에서는 매 월 신규가입자를 대상으로 베피스와 함께 제휴하여 무료임신축하선물을 명에게 베피스 소형 기저귀 한 팩을 쏩니다 
당첨확인은 월 일에 했고 따로 당첨자에게는 문자로 연락이 오는데 보자마자씽긋 웃게됩니다ㅋㅋㅋ흐뭇하게 언제오려나 기다리면 금방와요일부터 순차배송하고 저는 일에 받았어요 
.......
.......?.
.......
.......? .......? .
.......
.......? .......? .
베피스 소프트핏 제품은 기존 제품에 비해더 가볍고 슬림해졌으며 아기체형맞춤 입체 설계로 움직임이 편하게 더 업그레이드 한 제품이라 하네요우리 아가 엉덩이 책임져줄 기저귀로 당첨당첨기저귀마다 아기들에게 맞는게 있다던데 여러 브랜드 중에 베피스 하나 떡하니 자리잡고 있답니다일등맘 카페는 인기가 많아서 달마다 가입자수가 어마어마한데 그 중에 뽑혔다는게 대단하지요별개로 베피스 예비맘기프트박스도 신청했었는데 당첨돼서 곧 올 예정이에요꺄웅신이 납니다 신이나♬ 
일등맘카페와 베피스 기프트박스는 계속 진행중이니 관심있으신 분들 링크따라가보세요 
 기저귀 추천 베피스 사용후기 
내돈주고 구매한 베피스 기저귀 사용후기에용우리 딸 기저귀 발진도 없고 이것저것 써도 문제없어서 좀 저가에 합리적인 가성비갑 기저귀를 찾기 위해 여러 기저귀를 사용해보고 있어요일단 베피스는 가격이 저렴해서 한번 구매해 봤어요이고 용이에요. 
아빠들
어른들 헷갈리지 말라고 앞
 뒤라고 크게 써놨네요 ㅎㅎ 
넓찍하고 길이도 길어요 
밴드도 길어요 ㅎㅎ엉덩이 자국 날까봐 걱정했는데 심하지는 않아요.저옆에 찍찍이는 다소 까끌까끌해서 아기 살 닿으면 아플거깉아요ㅠ 
중으로 막아줘용 
내부는 구멍이 촘촘해요. 음 흡수가 잘되는것같지는 않네요...그리고 엉덩이가 뽀송뽀송하지 않아요.장점과 단점 리뷰할게요장점은 저렴하다. 큼지막해서 샐걱정 안해도 된다.단점은 딱히 강점이 없다. 그래서 저렴하니까 자주자주 갈아주는 분한테 좋을거 같아요 발진 고민하시는 분한테는 비추합니다.이상 베페스 기저귀 리뷰였어요 
 베피스 젠틀온 기저귀 체험단 명 모집쾌적흡수더마테스트 인증 기저귀 
쾌적흡수더마테스트 인증베피스 젠틀온 기저귀 체험단 명 모집 
● 이벤트 안내 응모기간월 일월 일 당첨자 발표월 일 당첨상품베피스 신제품 젠틀온 기저귀당첨인원명 
 체험제품 자세히보기.
● 덧글 신청방법 안내. 이벤트 게시글을 본인 블로그와 로 스크랩 한 . 베피스 젠틀온 기저귀가 필요한 이유. 아기 성별개월 수기저귀 사용 단계 사이즈대형특대형점보 
● 후기작성 미션 안내 맘스홀릭베이비 카페 
건 블로그 
 후기 작성기간 목 까지 
 후기 작성 시
아래 공정위 지시 문구는 꼭 눈에 잘보이게 강조해서 삽입해주세요. 예시 업체명 로부터 제품을 무상으로 지원받아 작성된 후기입니다. 쾌적흡수로 아기 피부가 보송보송한 기저귀 내용 필수 독일 더마테스트 최고등급 인증 받은 부드러운 쾌적한 팬티기저귀라는 내용 필수 기저귀를 입은 아이의 모습 필수 필수 태그 .?베피스베피스.?젠틀온젠틀온.?베피스젠틀온베피스젠틀온.?쾌적흡수쾌적흡수.?기저귀추천기저귀추천.?팬티기저귀팬티기저귀 그 외
기저귀 관련 태그 
● 우수후기 당첨 안내 우수후기 당첨 상품오닉피노유기농 순면커버 생리대 종 명 우수후기 당첨자 발표수 
 베피스 드라이핏 팬티형 기저귀 남녀공용 특대형매손소독 물티슈 팩 
베피스 드라이핏 팬티형 기저귀 남녀공용 특대형매손소독 물티슈 팩 
 원 
가격변동이 있을 수 있으므로 아래 쿠팡 방문으로 확인하시기 바랍니다. 
 .쿠팡 방문하기
 . 
 상품정보 더보기 ∇ 
■ 실사용자 후기 
 . 
 리뷰정보 더보기 ∇ 
 이 포스팅은 쿠팡 파트너스 활동의 일환으로
이에 따른 일정액의 수수료를 제공받고 있습니다. 
 베피스 기저귀 당첨후기 
무료임신축하 선물로
베피스 홈페이지 이벤트에서 예비맘 모여라 신청했는데 한번에 당첨신청은 어렵지 않고
기저귀 한팩이라 소소한 샘플보단 훨 좋다따로 문자가 오지 않으니 당첨자 발표때 홈페이지 공지 확인하기당첨후 배송지 필수로 입력해야한다.당첨자 발표후 주안으로 온거 같음신청은 아래 참조 
....? ....? 
베피스 소형와 아기물티슈 개가 왔다유통기한도 따끈한 최근걸로 주셔서안심하고 쓸 수 있을것 같다. 담달에 별똥이 태어나면 써봐야겠다 
 무형광 안심 기저귀
 베피스 기저귀부드러운기저귀 아이도 편해요 
베피스 기저귀부드러운기저귀 팬티형 기저귀 추천
 베피스 기저귀
무형광기저귀 제품 이라 안심하고 쓸 수 있는 기저귀 베피스 기저귀 전체 형광증백제 무검출 인증 받았대용 짝짝ㅋㅋ
 대형 남아용 팬티형으로 주문했어용 확실히 이제 팬티형이 편하긴 하네요 ㅎㅎㅎ 그래도 밴드형도 아직까지 잘 쓰고 있음 
 통기성 소재로 통풍이 잘되어서 밤기저귀로 사용해도 문제 없고용 엑스트라 소프트 패드로 엄청 부드러운기저귀 에요 허리
허벅지 밴드 부분도 잘 늘어나고
아기 피부에 닿는 부분도 부드럽고용 
 오빠가 좋아했던 점 바로 앞뒤 써져 있는거 ㅎㅎㅎㅎㅎㅎ 기저귀는 다 이렇게 딱 써져 있어야 한다며 칭찬 가득 ㅎ소변 알림선도 남아용 답게 앞쪽부터 쭉패턴도 귀엽죠
 만져봐야 아는데 진짜 짱짱 부드러운 기저귀 베피스 기저귀 네요쿠팡에서 구입했구요 팩에 
원 정도라 엄청 저렴해요ㅋㅋ 역시 기저귀는 인터넷으로 사야 제맛 ㅋㅋ
 밤기저귀로 써도 문제없어요 통잠 자는 아기라
시간 이상 기저귀 차고 아침에 일어나면 갈아주는데이렇게 많이 쌌는데도 제 손에 묻어나질 않아 너무 좋았어요아기 엉덩이도 안 축축하다는 증거겠죠옹 ?? 
 그래서 요즘 밤기저귀로도 잘 쓰고 있답니당팬티형 기저귀라 외출할 때에도 꼭 챙기구요 
 신축성도 정말 장난 아녜요 ㅎㅎㅎㅎ 밴드 부분 진짜 아주 잘 늘어나네요 무형광 기저귀 확인 된 제품이다 보니 안심이고용 가격도 저렴해서 좋아요 베피스 기저귀 후기 끝
 예비맘 이벤트베피스 기저귀 후기♡엄마의 사랑 
 베피스 팬티 기저귀 후기 
 .?베피스러브허브기저귀베피스러브허브기저귀.?베피스러브허브팬티기저귀베피스러브허브팬티기저귀 
 베피스베피스 기저귀 사용후기 
베피스베피스 기저귀 사용후기 
 출산 후일 뒤에 집에 왔는데 어디선가 택배 하나가 도착 했어요 뭐지뭐지??하고 봤는데베피스 기저귀 였지요 월 예비맘 이벤트에 당첨이 되었던 거에요 몇번 도전 끝에 드디어 당첨되서 너무나 행복했어요 
 베피스 물티슈 매와 함께 왔어요 향은 무향이라 아무 향도 나지 않아요 
 사용기한은 년 월 일까지라서우리 방글이가 한달이 되려면 월 중반이넘어가야해서 그때 바로 사용하면 될 것 같아요 
 물티슈를 사용해보려고 스티커를 제거하는데 어찌나 강도가 세던지 아니면 출산후에 손에 힘이 약해진건지 접착력이 엄청나게 강했어요한장을 빼면 다음 한장이 저렇게 반이 따라 나와요ㅜㅜ 그래서 다시 넣기가 좀 불편하다는게 흠이에요. 
 물티슈 크기는 물티슈 크기보다조금 더 넓어요 비침 정도는 아래 그림이 살짝 보이는 정도에요
 옆으로 잡아 당겨 보았는데신축성이 굉장히 좋더라구요 
 베피스기저귀의 예쁜 아기 얼굴이 왜 저렇게 됬냐면요ㅜㅜ 택배가 도착해서 봤더니 다 찢겨져있었어요ㅜㅜ 너무나 속상했어요ㅜㅜ 혹시나 하고 기저귀도 막 보았는데 다행이 기저귀에는 이상이 없는 것 같아 테이프로 다시 붙여주었네요. 택배 기사님들이 조금만 더 신경써주셨으면 좋겠어요 
 베피스 기저귀는 소형이 까지사용할 수 있어요 우리 방글이는 .태어나서언제되려나 모르겠어요 모유수유 열심히 하고 있는데 포동포동 해졌으며 좋겠어요
 베피스 기저귀는엑스트라 드라이 시트와 우수한 통기성 배 길어진 허리밴드와 부드러운 접착 벨트 안심 이중 샘방지 시스템과 편리한 소변알림마크가 있는 기저귀랍니다. 
 제조 일자가 작년 월 일이네요 방글이 되면 바로 사용해봐야 겠어요 
 투명 끈도 있어 들고 다니기도편하답니다. 사실기저귀에는 다 있는 손잡이죠 
 절취선이 점선으로 표시되어 있어보고 조금 벌려주면 이렇게 열려요 굿굿굿 
 하나를 꺼내 보았는데 기저귀에 사이즈가표기 되어 있어 보기 좋았어요 여러가지 기저귀가 섞여있으면헷갈릴 수 있거든요 초보맘 티나지요.ㅋㅋㅋ 저기 보이는 노란 선은 소변 알림 마크에요. 아기가 소변을 보면 노랙색에서 초록색으로 바뀌어 그때 기저기를 바꿔주면 된답니다.디자인도 너무나 귀엽습니다. 
 벌려보면 이렇게 되어 있구요 허리밴드가 부드럽고 신축성이 좋아요 그리고 옆선도 신축성이 좋아서 방글이가 불편해하지 않을 것 같아요
 안쪽면은 부들부들하네요 우리 방글이 엉덩이를 보송보송하게잘 지켜주렴
 .인 우리 방글이에게 조금 큰 감이 있지만 살이 조금 더 찌면 베피스 기저귀로 사용할 수 있을 것 같아요방글이도 좋은지 발버둥치네요
 사랑스런 우리 방글이 베피스 기저귀로 엉덩이 보송보송하게지켜보세요... ... ▲ 베피스 바로가기 ▲
 업체로 부터 본 제품을 무상제공받아 사용후 작성하는 솔직후기글입니다. 
 후기 베피스 기저귀 샘플 
기저귀 한 팩과 물티슈가 무료로베피스 기저귀 예비맘 샘플팩 
이번엔 베피스 예비맘 이벤트 후기에요베피스는 타 기저귀 샘플들과 달리한 두장 낱개가 아닌 통크게 한 팩이 옵니다 
거기에 물티슈 매까지 함께요... 
명에게 돌아가는 베피스 기프트 박스는예비맘과 예비맘 지인이 참여 가능해요저는 한 번 미끄러졌다가두번째 응모했을 때 당첨됐어요 
베피스 인스타 팔로우 중이라이번에 쿠팡에서 진행된 특가로팩이나 구매했는데 한 팩 추가로오랫동안 베피스 기저귀를 사용해볼 수 있게됐어요 
하도 샘플을 많이 받아서여러 제품 찔끔찔끔 쓰다가한 제품을 오래 사용해볼 수 있어서 좋아요ㅎㅎ물티슈는 아직 사용하고 있는게 있어서써보지 못했지만 나중에 휴대용으로외출할 때 사용해보려고 해요 
이벤트 무료 상품이지만올해 월에 만들어진 제품으로따끈...까지는 아니지만 아직 따땃해요 
물티슈는 베피스 제품이겠지만처음보는 물티슈라 어떤 제품일지 궁금해용나중에 여러 물티슈 샘플들 전부 사용하고장단점을 깔끔하게 정리해보려고 해요ㅎㅎ아래는 참여방법이에요인스타그램 아이디가 있어야 참여가능한데
 요즘 다들 인스타 아이디 하나쯤은 있으시죵? 
에 사진 올리신 뒤
 아래 링크로 들어가셔서댓글로 과 인스타 아이디 남기시는 것
 잊지마세용 
다음에는 베피스 기저귀
물티슈사용후기도 들고오겠습니당
 베피스기저귀 사용후기 
 맘스다이어리 별별체험단 베피스 기저귀 체험후기 
드뎌... 받았네요..휴 전 하도 안와서 제 이름 누락됐는 줄 알았다는요. ㅋㅋㅋ 어쨌든.. 잘 받았슴당.예전에 베피스 홈피에서 이벤트 응모해서 당첨돼 한박스 받아 써봤었더랬죠 그땐 후기쓰는 시기를 깜빡 놓쳐 쓰질 못했었네요..죄송요...ㅜ.ㅜ한번 써봤던 베피스라 품질은 믿고 받아 흔쾌히 감사한 마음으로 쓰고있답니다.핑크핑크 러블리 핑크 패캐지 
 뜯어보니 안에도 핑크빛 베피스로고가 이쁘게 정렬 
싸이즈는 제가 갖고있는 다른 브랜드 같은싸이즈와 비교해 보니 비슷하네요. 그런데 좀 더 얇은듯했어요. 큰 차이는 아니지만요.. 
채워보려고 펼쳐보니 안에 패드가 엠보싱처리가 되어있다고 해야하나요?? 더 잘 흡수해줄것같은 느낌 
허리밴드도 편하지만 짱짱하게 잘 늘어나 아가 허리를 죄는일 없이 편한듯했구요지유야.. 착용감이 어때?? 편해?? 물어보고싶네요.. 쩝 기저귀에 소변알림줄 뿐만 아니라 앞.뒤라고 표기되어 있어서 초보엄마 아빠들아빠들은 둘셋을 키워도 영원한 초보니까요에게 좋을꺼같았어요. 활동적인 우리아기 앉았다 일어났다 굴렀다 뛰었다 누웠다를 반복해도 흐트러짐없이 아기불편하지 않게 잘 채워져있네요. 역쉬.. 베피스입니당 
본 체험후기는 무상으로 베피스에서 제공받아 쓴 후기입니다. 
 베피스 엑스트라 소프트 팬티형 기저귀 솔직후기 
베피스 엑스트라 소프트 팬티형 기저귀 솔직후기 
잡고 서기 시작하는 개월아가어떤타입의 기저귀 사용하시나요??밴드형? 팬티형?우리 미코는 지금까지 밴드형 기저귀의 사용빈도가 더 높았어요개월아가이긴 하나 개월아가 평균보다 안나가는 몸무게 그래서 팬티형기저귀는 사이즈가 좀 크더라구요그런데 기저귀는 교체하는 동안 잠시도 가만히 있지 않는 우리 미코 뒤집고 기어서 도망다니고밴드형기저귀는 채우기가 너무 힘들어서 팬티형기저귀를 써야지 했는데미코가 쭉 사용하고 있는 베피스 엑스트라 소프트 기저귀도 팬티형 기저귀가 출시됐다는 반가운 소식다행이 베피스기저귀는 사이즈가 살짝 넉넉하게 딱 맞아서 넘 좋아요 베피스 엑스트라 소프트 팬티형 기저귀 착용해본 솔직후기 남겨볼게요 
베피스기저귀는 포장에 아가모델이 들어가 있어서좀 더 정이 간다고 할까요?ㅋㅋㅋㅋㅋ우리 미코도커버속 아가를 진짜 좋아해요 ㅋㅋㅋ잡아먹을듯한 기세 ㅎㅎ참 이쁜 아가들 많은거 같아요 ㅋ저도 아기 낳으면 저렇게 이쁜 아가 나올줄 알았는데 ㅋㅋㅋㅋㅋㅋㅋ그것은 실패했네요본론으로 돌아와서베피스 엑스트라 소프트 팬티형기저귀도 밴드형처럼 남아용 여아용 구분되어 있으니구매하시는 분들은 참고해서 구매해주세요 
베피스 팬티형 기저귀는 대형 사이즈부터 있어요중형사이즈가 없어서 좀 아쉬웠는데중형사이즈의 아가들도 대형사이즈로 입히면 충분히 잘 맞아요베피스의 기저귀가 타사의 기저귀 보다 살짝 작게 나온거 같아요기준 몸무게 도 적게 표시되더라구요그리고 저는 기저귀를 좀 넉넉하게 채우는 편이여요하루종일 기저귀하고 있는 아가들 답답할까봐 ㅎㅎㅎㅎㅎㅎ 
베피스 엑스트라 소프트 팬티기저귀 핑크 핑크 하니 이쁘죠??기저귀만 채워도 패션이 될 정도로 디자인이 이쁘고핏도 이뻐요 우리 미코 기저귀 갈아줄때마다 어디 기저귀냐고 여러번 질문 받았더랬죠 ㅎㅎㅎ 
기저귀 이름이 괜히 엑스트라 소프트가 아니여요정말 기저귀 한장 꺼내 들자마자 딱 드는 느낌앗 부드럽다안쪽 패드가 부드러워서 아가들이 부드러움을 느끼는건 물론이고
 겉커버까지 부드러워서 기저귀를 갈아주는 엄마들에게도 부드러운 촉감이 그대로 느껴질 정도여요 
기저귀 패드가 엑스트라 소프트라 정말 부들 부들 촉감이 좋구요흡수가 빨라서 구지 여름용 기저귀로 출시된건 아니지만 여름용 기저귀로 사용해도 정말 충분히 자격있어요 ㅋㅋ 
허리밴드 부분에 자글자글한 주름 보이시나요??이것이 울트라 소닉 실링으로 비가열식 최신 접착 기술을 가했다고 해요그래서 정말 부드러움이 말로 표현 못해요 ㅎㅎ 
기저귀라기 보다 그냥 면팬티를 만지는거 같은 부드러움우리 아가들의 연약한 피부에 닿았을때촉감이 진짜 좋아요 
움직임이 많은 우리 미코활동하기 너무 좋아요 ㅋ신축성과 부드러움을 동시에 가지고 있으니 말이죠 ㅎ이건 정말 직접 만져보고 사용해보지 않은 사람들은 모르는 느낌이라직접 사용해보시라고 정말 강추하고 싶어요 
기존에 베피스 엑스트라 소프트 밴드형 기저귀를 쭈욱써와서워낙 좋은건 알고 있었지만이번에 팬티형으로 사용해보면서 또다시 느낀점은베피스 엑스트라 소프트하면 정말 부드럽고 신축성 좋다라는 거네요 ㅎㅎ 
기존에 베피스 엑스트라 소프트 밴드형 기저귀의 자세한 기능을 포스팅한적이 있어요자세한 기능이 보고 싶으면 참고해주시면 되는데요 
부드럽다 신축성이 갑오브갑이다이 두단어로 함축해서 베피스 엑스트라 소프트 기저귀를 표현하면 될거 같아요 ㅎ 
베피스 엑스트라 소프트 이거 맘에 드네? 
몸에 착 감기는 맴시로 아가들의 뒷태가 더욱더 사랑스러워보여요 ㅋ 
깔끔한 뒷태 이쁘죠?? 
요즘 날씨가 더워서 기저귀 잘 안할려고 하는 미코인데엑스트라 소프트 기저귀는 거부 반응없이 잘하고 있어요 
잡고 서는 동작에 재미가 들려서 정말 가만히 있지 않는데요베피스는 다양한 체형를 고려해서 부드럽고 쫀쫀하게 만들어져서움직임 많은 아가들도 샘걱정은 할필요 없어요 
아기 피부에 닿는 부분이 정말 보들 보들하답니다. 줄의 허리밴드가 몸의 움직임에 따라 자유자재로 움직이는 기저귀참 괜찮지요?? 
적은 양의 소변에도 확실하게 반응하는 소변알림선이네요 
동글동글 말아서 테잎핑처리해서 버리면 끝 
부드러운 아기기저귀 신축성좋고 흡수력 좋은 기저귀베피스 엑스트라 소프트 팬티형 기저귀속는셈 치고 한번 사용해보세요재구매의사 일걸요? 
 무료임신축하선물 당첨 후기 베피스 기저귀 
안녕하세요 뿅뿅이맘쓰럽이에요지난번 일등맘산모교실에 가입
 임신축하선물을 신청했는데 당첨 똭이번엔 베피스 엑스트라 드라이 남녀공용 소형 매 한팩을 받았어요아직 우리 뿅뿅이가 쓸려면 조금 시간이 남았지만
뒤에 적힌 설명서를 미리 읽어봤습니다 
엑스트라 드라이 시트많은 양의 소변을 빠르게 흡수하고 새지 않아 아기 엉덩이가 보송보송우수한 통기성통기성 소재를 이용해 공기가 잘 통하도록배 길어진 허리밴드부드럽고 신축성이 뛰어난 허리밴드가 넉넉하게 허리 감싸부드러운 접착 벨트착용감이 우수하고 버릴 때도 깔끔하게 정리안심 이중 샘방지 시스템 소변이 옆으로 새는 것을 막아 줌편리한 소변알림마크소변 알림 라인의 색이 노란색에서 초록색으로 바뀜이런 우수 기능이 있다고 하는데... 뿅뿅이가 태어나면 직접 써보고 다시리뷰 남겨야겠어요베피스 엑스트라 기저귀 잘 쓸께요
 월 무료임신축하선물 아직 신청 안하신 분들이라면 신청해보세요.. .. 
 베피스 모션핏 팬티기저귀 사용후기 
베피스 가장 큰 장점이죠
 가격이 참 착해요거기다
 흡수율도 좋아서 우리 거니 낮기저귀로 사용 중인 베피스♡하나 보 에는 발진증상을 보이는 예민한 피부의 아가라 베피스 입히고 올레를 외쳤답니다ㅋㅋ그렇게 아기 개월 때부터 돌이 지난 지금까지 개월 사용 중인데요
 자신있게 괜찮은 기저귀라고 말할 수 있는 제품이에요 
베피스 모션핏 팬티 기저귀 
디자인 어떤가요?코듀로이데님 가지 디자인인데 입히면 기저귀같지 않고
 바지를 입힌 것 같아요ㅎ 
뒤가 크게 적혀있어 재빠르게 도망가는 거니를 잡아서 입히기 쉬워요ㅋㅋ앞
 뒤 확인하다 아기 놓치기 쉽잖아요. 하하 
 저만 그런거 아니죵?ㅡ.
 ㅡ 
기저귀 뒷처리밴드도 있어 깔끔하게 처리 가능합니다 
베피스 기저귀는
 고흡수성수지 사용으로
 강력한 흡수력을 자랑하고
뭉침 걱정도 없어요 
 통기성소재로 언제나 뽀송뽀송부드럽답니다거니는 기저귀발진으로 고생이 심했는데 베피스 사용하고는 한번도 트러블이 없어요 
 안심 이중샘 방지로 소변 양이 많아도 샌적이 없어요 
허리 허벅지 밴드도 굉장히 소프트합답니다 
줄의 고무밴드는
 신축성 짱짱아기 엉덩이에 촥촥 감기는 핏이에요ㅋㅋ 
두께도 얇고 가벼워서 아기가 착용하고 생활하기에 불편함이 없어요 
거니의 낮기저귀로 함께해온 베피스베피스 쓰는 거니 친구들은 전부 만족하고 있다는 사실 
거니 외출 할 땐
 언.제.나 베피스와 함께 랍니다♡데일리 기저귀로 사용해보세요후회하지 않으실거에요 
 유흐감사합니다❤다들 축하합니다
ㅎㅎ 감사합니다 모두 축하해용♡
다들 축하드려요
감사합니다
감사합니다
감사합니다
축하드려요
감사합니다❤
감사합니다ㅎ 모두 축하드려요
축하드려요
 가격도저렴하고 좋아요 단점은 팬티형 옆에 뜯는게 힘들어요
그렇군요
저두 잘 쓰고 있어요
저도 잘 썼어요. 발진없이.. 가격도 저렴하고요. 근데
팬티 옆에 뜯는게 땜시 그만 써요. 그거 뜯다가 성격 버릴듯 ..ㅎㅎ
헐. 주문했는데... ㅠㅠㅠ밴드고민하다가 팬티 했는데. ㅠ ㅠ 얼마전에 티몬서 딜 떴었거든요.... ㅠㅠ
옆에 뜯을때 밑에서 위로 뜯으면 쉬워요.위에서 아래로 뜯으려면 잘안돼더라구요.잘쓰고있네요
 전 너무두껍더라구요ㅜㅋ
저희아이는 발진이 잘나서 베피스도 발진났네요..근데 팸퍼스
 리베로빼고는 거의 모든제품이 발진나는 아이었어요
 저는 잘 세서 바꿨어요 신생아인데 제일 작은 사이즈도 크더라고요
 베피스 쓰고있는데 좋은거같아요. 요즘 장염으로 분유를 잘 안먹어서 소변량이 좀 줄긴했지만 밤에 새지도 않고 괜찮은거같아요
베피스흡수력도갼코얇고좋더라구요밤에도쉬야많이해도새거나그런거없구요
마미포코쓰다가 갈아탓어요 얇고흡수력좋고 기저귀닿는부분 보송해요ㅡ허리도편하구요ㅋ단지 허리뜯어지는부위약해서 입히다가잘찢기는거 제외하믄 다좋은듯요ㅋ
한번도 샌적없어요 베피스좋아서 그거 한동안 계속 썼었어요
저도 이번에 좋다해서 쓰는데 진짜 깜짝 놀랄정도로 흡수력좋네요 기저귀 안써본거없는데 감탄중이예요 ㅎ
한팩 써보고 인터넷에서 대량구매하세요 저 신생아용? 단계 남녀공용 한팩있는데요... 구매하실래요??
저..대형필요해요
 좋은정보 감사해요
저도 유목민 ㅠㅠ
저도 아이 신생아때부터 슈베스 오래도록 썼는데 슈베스가 사이즈가 좀 작게 나와서 이제 키로 허벅지 통통 아가는......다른 기저귀 찾아갔습니다ㅠㅠ사이즈 큰게 있었음 좋겠네용
 밤 기저귀로 여름용으로 쓰기 괜찮았네요
감사해요
저는 모션핏 쓰는데 잘쓰고있어요저렴하고 잘 안세고 괜찮아요
맘님혹시한단게크게사용하시나요
임마뮴년풍덕동키로 특대형도 점보도 괜찮게 맞아요여름이니 낙낙하게 한사이즈 업하셔도 괜찮을거같아요
팬티형쓸때 가격이 싸서 잘썼어요ㅎ두가지 다 써봤는데
 크기가 좀 작은거 빼곤 밴드부분도 쫙쫙 잘늘어지고 쓸만해요ㅎ사이즈는 표기된것보다 단계씩 업해야해요. 특대가 타사 대형사이즈....
사이즈가작군요ㅠ그걸노칠뻔햇네요
임마뮴년풍덕동전 팬티형만 써봐서.. 팬티형은표기사이즈보다 단계 작다고 보심 되어요
지니맘년중동네ㅎ저두지금팬티형보구있어요ㅎ
임마뮴년풍덕동점보실제로는 특대형ㅎㅎ까지 나와요킬로일때 점보썼었어요ㅎ 전 하ㄱㅅ보다 밴드부분이 부드러워서 좋았어요.스스로입고.벗고 하게 팬티입는연습시키기도 좋았구요ㅎ매직벨트는 찍찍이가 자꼬 애기살에 찔려서..ㅠㅠ
 축하드려요 아이키울때 기저귀만큼 필요한선물도없죠ㅎ
감사합니다 기저귀 오니 아직 아가도 없는데 좋네요 
축하드려요저도 출산용품에잘놨두었다 아기태어나면 바로써보려구요
네 저도 지금 하나 하나 모으고 있어요 ㅋㅋ 고맙습니다 
축하드려요 저두방금 받았어요 ㅎㅎ
축하드려요ㅋ 선물 좋네용 
저도 이거 받았어요ㅎㅎ기저귀선물은 언제나 기분좋지요 이거 미끄러지는분들도 있으시던데 축하드려요
축하드려요기저귀 선물 좋네용 
기저귀 받으신거 축하드려요.다른 경품도 좋지만 요즘은 기저귀가 젤 좋은것같아요
맞아요 기저귀 선물 좋네용고맙습니다 
 베피스 첨 출시됐을때부터 썼는데 괜찮았어요.둘짼 친구가 치쿨사줘서 써보고 치쿨로 갈아탔어요ㅎ
 저도 하나하나 써보니 넘 좋아서 만족하는 제품이에요
향도 그렇고 좋더라구요 특히 오일이 너무 맘에들어서 당첨되기 잘 한것같아요ㅎㅎ
오오베피스에이런것도잇군용기저귀두괜찮든뎀ㅎㅎ
기저귀도 괜찮은가요? 한번구입해서 써봐야겠네요
거제꼬미맘네가끔그거신청하는이벤트나오는데신청하시면한팩으로턱하구오거든요그거사용해보시구해도좋을듯싶어요
대전대바깅맘어디서 신청하는지 자세히 여쭈어도 될까요?ㅎㅎ
거제꼬미맘카페하시다보시면 가끔씩올라와요 그거 나오면 신청하시면되요 여기 일등맘카페에서 공고해드려요 ㅎㅎ
대전대바깅맘아 그렇군요ㅎㅎ 감사합니다
거제꼬미맘꼭해보세요 ㅎㅎ잘들어오셔서 확인잘해보시면 될거가타요 ㅎㅎ
대전대바깅맘자주 들어와바야 되는거겠죠?ㅎㅎ
 구매해 봤어요
사은품 꼭 챙기세여 ㅎ
◆리워드 알리미◆ 지금 몰리 경유해서 구매 하면 . 적립됩니다....? ...?적립된 포인트는 언제든지 현금환급 또는 배송비로 사용가능합니다.
모션핏 좋아요 가성비 ㅋ 새지도 않고 부드럽구요
소프트는 안써봤는데 비슷하다는 후기땜에 저도 모션핏만 써요
첫아이 신생아때 하루에 개이상써서신생아꺼 한번사봤어요ㅎ곧 둘째 나올꺼라저렴하게 잘샀어요감사해요
저도 가성비 있는거 찾아보다가 후기 좋은걸로 사는편이라 이것저것 써보긴 하는데 요건 항상 만족하고 써요
크림이맘님이시죠아이디랑 옆닉네임 확인차 댓글 드렸어요
넵 몰텔 아이디가 바뀌어서요 주말에도 수고 많으셔요
 몰테일 아이디가 지금 우기기이신가요?몰테일 아이디가 바뀌긴 어려운데요..사서함번호 여쭤봐도 되나요?
 축하드려요 이거 은근 미끄러지는분들 많다고 하시더라구용ㅋㅋㅋ
월달에이벤트신청했던게 다미끄덩한지라 전 이벤트신청해 놓고까먹고있었어요 ㅎ다른이벤트에당첨되서물티슈도받았는데일등맘하고는인연이있나봐요
저도 오늘 받아봤어요 ㅎㅎ 기저귀 통째로 받는거 첨이예요
저도이벤트해서 기저귀한팩으로받기는처음이에요 ㅎ어서사용해보고싶네요
우와 축하드려용
감사합니다
전 떨어졌는데 받으신거 축하드려요
감사합니다
축하드려요 당첨되면 하루종일 기쁘죠
설레이더라구요 ㅎㅎ감사합니다
 축하드려요
감사드려요 ㅋㅋ 넘나 기분좋아요 ㅋ
우왓 기저귀는 넘좋즁ㅋㅋ축하드립니당
아직 아가가 뱃속에 있지만 살림하나 느는것같아 너무 기분좋아요 ㅋㅋ 산모교실에서 당첨안되서 너무 서운했는데 이런 행운이 ㅋ
축하드려횽
감사드려용 ㅋㅋ
우와 ㅎㅎㅎ 전 오늘 비움의 태교햇어요 ㅡㅡㅋㅋㅋㅋ
저도 늘 비움의 태교를 하는데.. 부지런히 다니니까 그래도 행운은 주어지더라구요 
축하드립니다 꼭필요한거라 더좋으시겟어영
네 ㅋ 너무 좋아요 ★ 너무 기뻐요♥
 네 했어요 ㅋ 몰랐어요♥ 죄송해요
 배피스 슈퍼대디는 뜯을때 고무줄 아파요. 비츄
슈퍼대디 밴드형 써봤는데 저는 괜찮았어요 개인적으론군이랑 비슷한 느낌이더라고요.
베피스 밴드부분이 까슬해서 별로예요
킨도기저귀도 좋은거같아요ㅎㅎ
베피스 비추리베로 밴드형 좋아요팬티형은 샀는데 아직 안써봤고요
 요거 좋아?나도 현호 하 요기꺼만 쓰는데비싸고 자고 일어나서 새네근데 현호가 쉬를 많이 하기도 하고기저귀 바꿔보고 싶고만
어어 자고 일어나서 새는거 ㅜㅜ 문예으니도 ㅎ 밴드형은이거 한 번 써봐 진짜 난 좋더라구 
기저귀발진 땜에 바꾸는거 쉽진않은데..괜찮다고하니 한번 써보고싶은 맘이 드네용ㅎ
후기야 의무라서 쓴거긴 하지만 진짜 부드럽고 좋더라구요 전 그래서 이번에도 이걸로 샀어요 가격도 하기스에 비해 많이 저렴해서 ㅋ
가격도 저렴하다고 하니 바꿔볼까 싶네요
베피스 좋아요부드럽고 도톰하고ㅎㅎ
 저 지금 집에서 베피스쓰고있어요 베피스 전 완전만족하네요ㅋㅋ지금 세박스네박스째쟁였어요
답변 감사합니다. 밖에서 쓰기에도 괜찮나요?
후랑 환이랑유촌동전 밖에선 기저귀갈기 쉽게 매직팬티 옆에뗏다붙였다하는걸로써용근데 이거 밖에나갈때도 채우고나가곤해용
저도베피스써요 밴드는 별로고 팬티는 저렴한가격에 만족하며써요 발진없었구 센적두없어요
무난하게 쓸만한가보네요. 저도 주문해야겠네요.
저도팬티이것저것. 마미포코.하기스.네츄럴블라썸.보솜이.베피스 이렇게썻는데 별반다른거 없이 괜차나요. 기저귀지겨워서 종류별로써보거든요ㅋ
답변 감사해요. 지금 주문 해야겠네요
저도 첫째때 베피스 팬티기저귀 좀 채웠는데. .쏘쏘정도인것같아요저렴하지만.나쁘지않고...그렇다고 엄청 좋은것은 아닌...가격대비 괜찮은정도..
전 이거 쓴지 오래되었어여..팬티가 넘 편해서 저렴해서 사용하다보니 요거 세일하면 쟁이고 있어여
저도 의심적어 하면서 함써봤는데 좋아요 ㅋㅋ
 저두 잠깐써봤는데기저귀갯수도 많고저렴하긴해요 새거나하지는 않구요저는 팬티썼는데좀 뭉치는게 있긴하네요 처진다고해야될까요
아... 급한맘에 막 주문하고 오는길이에요 ㅜㅜ 쳐지는 현상이 있구나 ㅠㅠ 경험이라 생각하고 써볼께용 감사합니다
쏠펨퍼스도 처지든데요뭘참팬티면옆트임이 잘안찢기네요 나비잠이나 마미포코는좀 낫더라구요 나비잠도 괜찮아요
울 딸랑구 아... 전 밴드로 구입했어요 겨울이라서 이제 팬티는 외출시에 옷 다 벗기고 갈아입히기 힘들것 같아서요 ㅎㅎㅎ
그냥저냥 비슷비슷 쓸만해요 다른기저귀랑 큰차이 없었어요
감사해용 오늘 배송오는데... 새는거만 없음 좋겠어욯ㅎ
 그냥 이따 이마트에서 네이처메이드 행사하나 가봐야겠네요
저도 별로여 냄새나요 화학냄새요ㅠㅠ
별루군요..미리물어보길 잘했네요
안쓰던건 샘플써보게 하는싸이트나 블로그도 있더라구요 반가워용
그런데도 있어요??몰랐네요저도 반갑습니당
저만 괜찮나보네요 ㅎㅎ 전 베피스 팬티기저귀 모션핏 입히는데요 저는 싼걸 사서 자주 갈아주자 주의라서 걍 팍팍 써요 근데 대변 봐서 씻길땐 옆 부분이 매직팬티처럼 양쪽으로 뜯어지는게 아니라 헐크처럼 잡아당겨서 뜯어야하는 단점 빼곤 모르겠어요 오히려 매직팬티 입히면 밤에 쉬야가 새는데 이건 안새더라구요 글서 외출땐 매직팬티 집에선 모션핏 입혀요 똥꼬 발진도 없구요 이건 애마다 틀려서 ㅎㅎ 여튼 전 잘쓰고있어요참고로 갤이고 팬티기저귀 입힐때부터 이거 사용했네요
아괜찮으신 분도있으니 다행이네요
전.바바랩 쓰는데..장당 원이예요..팬티기저귀이고.옆에도 잘 뜯기고 .. 만족하면서 쓰고 있어요 ㅎㅎ
바바랩이라는 브랜드도 있나요?제가 넘 올드한가봐요ㅎ
 저희는 아주만족하면서 써요 울아기는 기저귀발진이예민한데 이건괜찮네요ㅋ
ㅇㅏ 그래요 사이즈는 다른 회사랑 비슷 한가요?
아주민소영회사마다 사이즈가 다달라서 뭐라이야기하긴 그렇지만 저아기가여태까지쓴기저귀들이랑은 거진 비슷했어요ㅋ
장평정영희넵 이른아침 답변 넘 감사해요
아주민소영아니에요 애기엄마끼리ㅋㅋ당연히 서로돕는거죠ㅋㅋ
베피스 소형때부터 중형까지 쓰다 하기스랑 보솜이 마미포코 페넬로페 정도 써봣는데가격대비 만족이여ㅎㅎ최악은 보솜이였네요ㅜ옵션은 다다르겠지만 사이즈는 정사이즈인지 조금 작은편에속해요 저희애기 허벅지가 짱짱보라그럴지도
답글 감사드려요이번에 베피스꺼 한번써봐야겠어요
 출산 예정이예요ㅎㅎ 받고 싶은데 어디쯤 사시는지 여쭤봐도 될까요? 
거리가 머네요ㅜㅜ 드림 응원합니다 명절 잘 보내세요ㅎㅎ
몽이몽이맘좋은 명절되셔요 출산이 얼마 안 남으셨다니 편히 지내시구용♡
월초 예정일인데 받을수있을까용? 얼마전에 드림받아서 괜찮을지 ㅠㅠ
일에 한 번이래요 일 내 받으신거 없음 괜찮을 것 같아요ㅎㅎ
직장이 구서동이라 오늘도 가지러갈수 있는데 가능할까요?
유니짱앗 가능해요가능해요 챗드릴게요
유니짱님께 드릴게요
불발시 줄서 보아요
 본인이 직접찍은 실사첨부는 필수입니다 수정해주세요
아 죄송합니다 수정하겠습니다
 저요.
쳇드릴께요 엄청빠르시다며 
저도 베피스 쓰는데 손 든어 봅니다
저도 손들어봅니다
거래완료
 챗보셔요
 팔렸나요?
판매완료되었습니다
 저용
챗 드리겠습니다.
백군감사합니다♡
줄서보아요
완료되었습니다.댓글 감사합니다. 
 커피 쿠폰 어떤 거 몇장과 교환되나요? 
채팅이 안되서 쪽지로 보냅니다
육아하면서 가장 많이 사용하는 기저귀뭔 기저귀를 써야하나
 다른 분들이 엄청 고민하길래같이 덩달아 고민했었다능다행히 저희 아가는 무슨 기저귀를 써도발진은 안일어나는 것 같더라구요발진유무는 빼고 적는 개인적인 기저귀비교 후기 
 조리원 나와서 가장 먼저 사용해본 킨도 올데이킨도브랜드에도 라인이 여러 종류임소변표시줄이 없다고 하던데 올데이는 있어요조리원에서 사용하던 신생아 기저귀가 르소메였는데르소메에서 킨도로 갈아탔을땐 뭣도 모르고아 확실히 퀄리티가 별로네 뭐 이러냐 싶을 정도로넘나 부드러운거 근데 좀 저렴한 느낌의 부드러움엠보도 뭐도 없었던 기억근데 르소메가 진짜 진짜 좋은거였음ㅋㅋㅋㅋㅋㅋㅋㅋㅋㅋㅋㅋㅋㅋㅋㅋㅋㅋ지금에서야 생각해보면 킨도 정도면가성비가 정말 괜찮은 브랜드구나 싶어요흡수력도 나쁘지 않았음개월차 때라서 밤에도 서너시간마다 깨니이게 밤귀저귀로 괜찮은 제품인지 아닌지는판단을 할 수 없었지만다른 엄마들은 밤기저귀로 킨도도 많이이용하시는 것 같아요
 귀애랑 기저귀이거 매 팩짜리를 팩에 
 원에 팔길래장당 원 꼴오로지 가격 때문에 혹해서 구매함엘지 생건에서 나온 한방라인이니 뭐믿고 사는거 아니겠어? 하고 샀다가 날벼락ㅋㅋㅋㅋㅋㅋㅋㅋㅋㅋㅋㅋㅋㅋㅋㅋㅋㅋㅋ나도 생리대 귀애랑 쓰는데요... 엘지님이렇게 뒷통수 치기 있기 없기완전 뭔가 별로였다기저귀에 대한 경험치가 부족했던 탓이었을까?정말 이건 가격 아니었으면 절대 안샀을걸왜 싸다고 사가지고 다른 더 좋은걸 못썼을까 싶음킨도 한팩 쓸때는 별로 느끼지 못했는데귀애랑 쓰고나서 아
밤기저귀를 따로 사야겠구나하고... 밤기저귀를 장만함ㅋㅋㅋㅋㅋㅋ남은걸 다시 팔아야하나 고민도 했는데그게 더 귀찮아서 낮에 막 쓰고 버릴 생각으로사용한게 지금 벌써 팩 사용하고 마지막 팩째 시작이거 다 쓰면 윗단계로 넘어가면 되게땅 히히지금 와서 생각해보면 어차피 낮에는 자주 갈아주는데가격면에서 부담없이 막 쓰기 나쁘지 않은 것 같음 소형이인데
거의 정사이즈인듯 싶고실제로는까지 무난하게 사용할 수 있을듯 해요저희 아가 일 쯔음에 .였고지금 대략 . 정도 예상되는데 딱 정사이즈 느낌아기가 꿀벅지는 아닌듯 싶음. ㅋㅋㅋㅋ그나저나 많이 컸다. 처음 사용했을 땐기저귀가 너무 커서 달랑?거리는 느낌이었는데 ㅋㅋ지금은 이쁘게 딱 맞아 
 귀애랑보다 더 별로인 기저귀는 없을꺼야
 라고 생각하며 다음으로 구매해 본베피스 엑스트라 드라이팩 매입 팩 
 원. 장당 원꼴.와우 넘나 씐나는거구매했다 귀애랑에 대한 실망이 넘 컸던건지
 처음엔 그래
이게 낫구나. 싶었는데쓰면 쓸수록...넘나 별로인거....기저귀가 왜 이렇게 빳빳해요. ㅋㅋㅋㅋ밴드부분이 최고로 뻣뻣함기저귀 갈때 새 기저귀 밑에 깔고사용한 기저귀를 아기 다리 사이로 빼내면밴드가 안쪽 허벅지를 쓸고 올라오면서아기가 짜증을 낼 때가 있어요.소형인데
사실상 키로 까지 절대 못쓸듯사이즈가 많이 작게 나왔어요쓰다보면 허벅지가 조금씩 붉게 올라옴이거 먼저 쓰자 하고 제일 먼저 써버림...귀애랑은 가격보고 한번 더 사볼 의향은 있지만베피스는 절대 안살꺼야......... 
 오늘의 마지막
케이맘 처음 기저귀마더케이에서 나오는 기저귀 브랜드
케이맘인데요다른 기타 육아용품 준비하면서마더케이를 많이 이용해보기도 했고
 국산브랜드라 더욱 맘에 들었어요.그리고 디자인도 넘 아기자기한게 귀엽고 이뻐기저귀가 그렇게 저렴한 편은 아니던데
 핫딜로 팩 
 원에 가끔 뜹니다. ㅋㅋㅋ사이즈는 장당 원 꼴소량 들은거 있고
점보팩이 있음소량팩은 어디 외출할 때나 박일로 가볍게 여행갈때 들고 다니기 넘 편해요 
 디자인이 두가지임. 넘나 귀여워 ㅠㅠㅠㅠㅠㅠㅠ사이즈별로 다른 동물 디자인이라고 하는데아기여우 너무 이쁜거 아니니ㅋㅋ일단 촉감이 넘나 좋아요. 개취 바깥도 부드럽고
안쪽 엠보도 부드럽고뭔가 여태껏 사용해 본 기저귀랑은 다르다..흡수도 짱 조아 ㅎㅎ 밤기저귀로 낙찰 근데 아기가 서서히 통잠을 자기 시작하면서살짝 새더라구요. 큰사이즈로 해주면 나으려나??ㅠ발버둥 겁나 치다가 일어나서 보면 기저귀가내려가있기도 함.......이건 딸랑구 니 탓이다 ㅋㅋ시간 정도 까진 괜찮은데
 시간 넘어가면 좀 새요근데 이건 다른 기저귀도 마찬가지일거라는육아선배 친구님의 말씀 ㅋㅋㅋㅋ그렇다고 중간에 갈아주다가는 무조건 깨고...그냥 새면 옷을 갈아입혀주는걸로....ㅠ시간 통잠이 어디냐...감지덕지사이즈도 적당해요.인데 저희 아가 아직까지 무난하게 사용 중키로 들어서면 다음 단계로 한치수 업하시는 것도 좋을 것 같아요.케이맘 기저귀는 핫딜 뜨면 무조건 사는걸로최고당퀄리티 대비 인지도가 너무 없어서 슬프네 엉엉기저귀 비교 커밍순 .?신생아기저귀신생아기저귀.?기저귀추천기저귀추천 .?밤기저귀추천밤기저귀추천.?킨도올데이킨도올데이 .?귀애랑기저귀귀애랑기저귀.?베피스베피스.?마더케이기저귀마더케이기저귀 .?케이맘기저귀케이맘기저귀.?케이맘처음기저귀케이맘처음기저귀 .?밴드기저귀밴드기저귀 
.개월동안.아기 키우며 여러가지귀저기 를 거치고있다.처음 조리원쓰던 군 에서 시작해서 샘플로온 팸퍼스 까지 다양하게 써보았다.지금까지 다행히 발진은 없었다.군기저귀는 평타치는것같음 팸퍼스도 저녁귀저기로 괜찮은것같고 .군 계속쓰다가 선물받은게 있어서 갈아타봄.일본거라 찝찝 한게어느정도 있기도해꾸요.사용하는동안 발진도없고 별문제는 없슴미당ㅎ..우리아기는 발진은 없고.그냥 엉덩이 빨개진정도 .발진이 없어서 너무감사했다.암것도 모를때.엉덩이발진을 걱정하며물로씻기리라 천기저귀하겠다고 다짐했지만.쓸대없는걱정이었다..케이스바이케이스 겠지만.물티슈와 기저귀 잘갈아주고 엉덩이피부 관리만잘해줘도 발진이 없는것같다.지극히 내애기준으로ㅋㅋ..여기부터 기저귀 리뷰시작..가격.가격 순위는 저렴한 순으로 .베피스소프트앤핏 중형 매 최저가원.하기스매직핏남아용 단계만원중반.네이쳐메이드 남아용 단계 만원중반. 순이다. 길이및 샘방지선 비교베피스네이쳐메이드매직핏
 .베피스가젤 길고네이처가 젤 짧다사진상 잘나오진 않았지만 샘방지선과 뒷부분을잡아주는 선들이 베피스아주 깡깡해보인다특히베피스는 배꼽위까지올라와서갠적으로는 길게올라오는게 좋은것같음 
 .내부 흡수면 비교베피스네이쳐메이드매직핏
 .맨아래 찍힌 매직핏이 가장두꺼움 베피스가 가장얇음 흡수율면에서는 매직핏이 가장 난것같음.. .각각장단점 . 베피스.장점얇고 길고옆 밴드 도 탄탄해서 잘안샘앞뒤라고 써있어서 밴드보고 앞인지 뒤인지 안찾아도됨베뤼 굿.단점흡수력이 아무래도 얇다보니 다른기저귀에비해 자주갈아주면 상관없음. 
 .네이쳐 메이드.장점 개인적으로 디자인 좋음.기저귀닿는부분들이 좀 부드러운것 같음 특히 공용은 날개처럼 돼있던것 같음 밤부재질이라함 ..단점밤귀저기론 비추 이유는 가끔 샘 상대적 짧아서 그런것 같음 오줌많이 싸면 기저귀 무거움 
 . 매직핏..장점대체적으로 위 제품들의 단점을 커버 함 .단점약간 닿는면들이 뻑뻑하다고 느껴짐.나의생각.....위에설명했듯이.나는 발진예방을위해.최대한 피부자극 안하고 물티슈 로 닦은뒤.로션 발라주고 기저귀도 자주 갈아주고있음.종종.방수요나 속싸개 깔아주고 기저귀없이 있게하기도함좋다고 소문난기저귀들은.가격이 사악하다 보니 가격이저렴하고 가성비좋은 .베피스로 활동많은 낮에 사용하고.땀많은날엔 부드러운 내이쳐메이드 .잘땐 매직핏 착용하고있음..오늘도 소중한 울아기 뽀송뽀송 엉덩이를 위해 화이팅하세용♡♡.. .?기저귀기저귀.?기저귀사용후기기저귀사용후기기저귀추천.?매직핏매직핏하기스네이쳐메이드베피스. 
 베피스 써본 적 있는 맘들 기저귀 어떤가요? 무형광이래서 한번 써보려고하는데 어떤지 궁금해서요사용후기 부탁해요
베피스 드라이핏 팬티 기저귀 후기 
 아기가 돌이 지나니 신기하게도 아장아장 걷기 시작했다.추가로 밤에 자면서 몸부림은 덤그래서인지 낮에도 밤에도.. 새는 기저귀와의 전쟁이 시작되었다.낮에도 활발하게 놀고 나면 어느새 젖어 있는 바지특히나 밤에 바지가 젖어서 깨면 아기도 짜증
옷을 갈아 입히는 나도 짜증이 났다.국민 기저귀 브랜드를 쓰다가 주변 지인들에게 물어봐서 베피스를 구매해보았다. 
 특징밴드가 다르다기존 밴드는 기저귀 재질이 이어져 있어서 잘 늘어나지 않아 아기의 허리에 맞추기 위해 많이 늘려야 했고
 팬티 기저귀의 특성 상 위치를 잘 잡아주기 어려웠다.하지만 베피스를 처음 꺼내보고는 어머 이건 그믈 형태로 되어 있어 쑥 올라가고 아기 허리에도 착 붙는 것이 아닌가남편도 입히기 편하고 아기 허리가 땀도 안차고 좋아 보인다며 이걸로 바꾸자고 칭찬했다.
 특징옆샘 방지가 튼튼요즘 대부분의 기저귀는 옆샘 방지가 되어 있다지만 활달한 돌쟁이의 활동량을 잡아 주지 못했다 ㅠㅠ하지만 베피스는 옆 샘 방지선이 두꺼워서 아기가 마구뛰어 몸부림을 쳐도 아주 소량 새거나 새지 않는다내가 손으로 벌려 보아도 허벅지에 찰싹 붙어 있음특징무형광 제품으로 보송 보송기저귀가 다른 회사 보다 얇다는 느낌이 있다.그래서 금방 불어날 것 같지만 노노긴 외출 중에도 새지 않고 잘 버텨주고흡수량이 어마어마 하다시간 동안 잔뜩 싸도 새지 않고 모두 흡수해서 무거워질 정도특징다양한 디자인 아기는 모르지만 엄마에게는 중요한 부분기저귀를 매일 만지는 엄마에게 귀여운 디자인은 소소한 재미를 준다.덤으로 사진 찍기도 좋다 
뒤처리는 뒤에 붙은 테이프로 쓱 붙이고 휴지통으로 쏙 버리면 된다.
 아기도 편안해하고
갈아주는 엄마 아빠도 편안한 팬티 기저귀베피스 드라이핏 기저귀 
베피스 홈페이지 이벤트를 통해 제공받은 제품을 사용한 후 남기는 후기 입니다. 
 .뽀뽀가 생기기 전엔이벤트 같은 건 관심이 없었다..어쩌다 참여했어도 물론 당첨되어본 적도 없다ㅋㅋ.그런데 뽀뽀를 위해 참여해보는 이벤트는. 우리 복덩이 덕분인지 빵빵 당첨.덕분에 택배가 끊이지 않는 우리집ㅋㅋ.오빠가 퇴근 후 빈 박스를 보며 오늘은 또 뭐냐고...오늘은 뭐냐면 여기다 써볼게ㅎㅎ... 
 ..마더스베이비 수유브라. 
 ..마더스베이비 모유수유 응원 이벤트.나는 수유브라가 갖고 싶어서 소문내기 이벤트만.참여했는데 운 좋게 당첨됐다.😚. 
 ..바비즈몰에서 온 택배
수유브라가 들어있겠지.박스를 열면 예쁜 글이 쓰여있는 카드가 나온다..태어날 아가를 보고 하는 말인가?💕..살면서 첫눈에 사랑에 빠지는 일이 이렇게 또 생기네. 
 ..색이 아이보리다 블랙일 줄 알았는데.사이즈는 보통 두 컵 정도 크게 주문한다길래.타고난 내 덩치붓기 때문에 혹시 안 맞을까 봐.제일 큰 로 시켰는데..많이크다ㅋㅋ.살이 더더더 쪄도 여유 있게 입을 수 있겠다.🤣. 
 ..수유하기 편한 랩 스타일 어깨 끈도 편해 보인다. 
 ..넘넘 시원해 보이는 디자인
 .노 와이어라 더 편하고 단계 후크가 있어서 더 좋다..세탁해서 출산 가방에 넣어놔야지 잘 입을게요. 
 ..베피스 오버액션토끼 기저귀. 
 ..베피스 예비맘 모여라 이벤트.초음파 사진을 간단한 태그 몇 개랑 업로드 당첨. 
 ..택배 택배😆.뽁뽁이 밑에 귀여운 기저귀랑 물티슈가 들어있다.. 
 ..토끼 앞태 뒤태ㅋㅋ 너무 귀엽다ㅋㅋ.소형 매
유통기한도 빵빵해요.뽀뽀 좀 크면 쓸 수 있겠지💕. 
 ..오아 물티슈는 매 짜리.성분 좋고
유통기한도 넉넉하군요ㅎㅎ.기저귀랑 물티슈 잘 쓸게요
베피스. 
 ..마미포코 리프가닉 기저귀 . 
 ..온니유어리프가닉 캡쳐 이벤트.홈페이지에서 가족사진이나 아기사진을 담은.기저귀 디자인을 미리보기 한 후 캡쳐해서 업로드. 
 ..나는 뽀뽀 초음파 사진으로 응모했는데 당첨. 
 ..리프가닉 기저귀는 비닐에 왔어용. 
 ..우아 매 엄청 많이 들어있다.뒤쪽엔 안심하고 쓰라고 쓰여있다
안심 또 안심.유통기한 넉넉하고 이것도 소형이라 나중에 써야지.잘 쓸게요
마미포코..후기 쓰다 알았는데 마미포코가 일본.. 음...받은 건 잘 쓸게요.😅. 
 ..이상
당첨돼서 기분좋은 뽀뽀엄마 였습니다.😍. 
 .. .?이벤트이벤트.?이벤트당첨이벤트당첨.?출산준비출산준비.?임신주임신주.?임산부임산부. .?황금돼지띠아기황금돼지띠아기.?황금돼지띠예비맘황금돼지띠예비맘.?좋아요좋아요 . .?마더스베이비마더스베이비.?수유브라수유브라.?베피스베피스.?오버액션토끼오버액션토끼. .?신생아기저귀신생아기저귀.?마미포코마미포코.?리프가닉기저귀리프가닉기저귀 
 하기스
보솜이
마미포코 이런 종류의 기저귀만 쓰다가 밑에 글에베피스라는 기저귀가 있네요.기저귀를 한번 바꿔 볼까 해서요.사용하신 분들 후기 부탁드립니다.
 베피스 기저귀 밴드 쓰시는 맘님개월 남자아기 기저귀로 어떤지 혹시 제품 추천이나 후기좀 부탁드려요 
 베피스 기저귀 써보신분들 어떠셧어용?후기 좀 알려주세영 ㅎ
 개월 에너자이저 여아 맘 입니다..키로 꿀벅지구요.하기스만 쭉 써오다가아가가 하기스 테이프를 쭈욱 뜯어버리는 일 자주 발생꿀벅지 아가라 허벅지에 쬐는지 자국이 생기고뛰어다니면서 허벅지에 테이프가 쓸려 자꾸만 상처가 생겼어요.하기스에 테이프 마감을 둥글게 해달라고소비자 의견을 개진했지만 회신도 없고.. ㅎㅎ절이 싫으면 중이 떠나야지요. 과감히 하기스와 안녕을 고하고새로운 기저귀를 찾아 떠나기로 합니다. 인터넷에서 무료 샘플링을 구해볼까조동이나 문센 엄마들에게 두어개씩 빌려볼까하는데써봄이라는 사이트가 있더라구요. 여러 종류와 단계로개씩 구매를 할 수 있어요. 테스트해보고 결정하면 되겠다 싶어 빌려서 써봤을 때 좋았던 기저귀와좋다고 주워들은 기저귀들 주문개씩 비닐포장에 네이밍 잘 붙어 왔구요.사진 안 찍은게 아쉽네요.깔끔하게 왔어요구입한거 중에서 슈베스 빼고 하나씩 모아 찍어봤어요. 제가 젤 맘에 든 건비교할 수 있게 표도 만들어져 왔어요. ....... .......? 본문 이미지....... .......? 본문 이미지위에 사진은 함께온 비교표예요.제가 주문한 것들로 저렇게 오더라구요.생각나는대로 쓴거라 너저분해서 내용은 가렸어요.정리해서 후기 쓸게요. 저렇게 있으니 헷갈리지 않고 정확히 비교할 수 있었어요.주문한 기저귀는 모두 팬티형으로페넬로페 씬씬씬 단계여아슈베스 슈퍼슬림 단계공용펨퍼스 드라이 단계공용킨도 프리미엄 단계공용베피스 엑스트라소프트 단계여아입니다. .키로는 주로 단계 쓰는데주문할 때부터 크기가 작다는 평이 있는펨퍼스는 단계로 페넬로페와 킨도는 단계를 써봐서 꿀벅지 아가를 위해 크기 비교를 위해 단계를베피스와 슈베스는 정사이즈를 주문했어요. 기저귀 모두 흡수력 좋고 발진 없고 새지 않았어요.그래서 착용감이나 느낌으로 비교할게요.단점만 먼저 비교하자면팸퍼스는 기저귀 안 알갱이가 만져지고 냄새가 나요. 슈베스는 엉덩이쪽 기저귀 폭이 좁아요.페넬로페는 뜯을 때 힘이 들어요. 뜯다가 빡칠뻔.킨도랑 베피스는 다른 애들에 비해 뻣뻣하고 두꺼운 느낌.그래서 저는 슈베스를 한사이즈 업해서 단계로 구입했어요.부드러움과 얇음도 만족하고페넬로페에 비해 조금 저렴하고 잘 뜯겨서요.밤기저귀로 따로 하지 않아도 새지 않고 잘 잡아주네요. 무엇보다 땡땡이가 귀여워요. 기저귀만 입고 쏘다녀도 귀욤터지네요.기저귀 고민 중이 분들은 써봄이라는 사이트에서테스트해보세요. 좀 더 일찍 알았더라면 아가 허벅지 상처도 덜 생겼을텐데 미안해지더라구요. 
 천연코튼쓰는데 가격이절계속배신하구있네요ㅠ후기보면베피스괜찮던데쓰시는분들 밤기저귀로어떻나요?
.쾌적흡수더마테스트 인증.베피스 젠틀온 기저귀 체험단 명 모집. . .● 이벤트 안내. 응모기간월 일 월 일. 당첨자 발표월 일. 당첨상품베피스 신제품 젠틀온 기저귀 . 당첨인원명. . 체험제품 자세히보기.. ..● 덧글 신청방법 안내.. 이벤트 게시글을 본인 블로그와 로 스크랩 한 .. 베피스 젠틀온 기저귀가 필요한 이유.. 아기 성별개월 수기저귀 사용 단계. 사이즈대형특대형점보..● 후기작성 미션 안내. 맘스홀릭베이비 카페건블로그건. 후기 작성기간 목 까지. 후기 작성 시
아래 공정위 지시 문구는꼭 눈에 잘보이게 강조해서 삽입해주세요.. 예시 업체명 로부터 제품을 무상으로 지원받아 작성된 후기입니다.. 쾌적흡수로 아기 피부가 보송보송한 기저귀 내용 필수. 독일 더마테스트 최고등급 인증 받은 부드러운 쾌적한 팬티기저귀라는 내용 필수. 기저귀를 입은 아이의 모습 필수. 필수 태그 .?베피스베피스.?젠틀온젠틀온.?베피스젠틀온베피스젠틀온.?쾌적흡수쾌적흡수.?기저귀추천기저귀추천.?팬티기저귀팬티기저귀 그 외
기저귀 관련 태그..● 우수후기 당첨 안내. 우수후기 당첨 상품오닉피노유기농 순면커버 생리대 종 명. 우수후기 당첨자 발표수.. .?베피스베피스. .?기저귀기저귀. .?베피스기저귀베피스기저귀. .?기저귀체험단기저귀체험단. .?신상기저귀신상기저귀. .?베피스신상기저귀베피스신상기저귀. .?베피스젠틀온베피스젠틀온. .?젠틀온젠틀온. .?젠틀온기저귀젠틀온기저귀. .?더마테스트더마테스트. .?쾌적흡수력쾌적흡수력. .?흡수력좋은기저귀흡수력좋은기저귀. .?흡수기저귀흡수기저귀. .?독일더마테스트독일더마테스트. .?최고등급최고등급. .?부러움부러움. .?기저귀추천기저귀추천. .?기저귀체험단기저귀체험단. .?맘스클럽맘스클럽. .?체험단체험단. .?이벤트이벤트 
.베피스 기저귀 팬티형
밴드형 리뷰.. 
 발진이 잘 나는 아기라서여러가지 바꿔 써봤는데이건 무난히 잘 사용중이다.라서 권장사이즈대로 을 입혀보니작아서 꽉 껴서.... 로 써야한다.소변흡수 잘되고
새는것도 없지만밴드형보다는 소변이 금방 차올라 뭉툭해지고 무거워져서낮에는 팬티형을 쓰고
밤에는 밴드형을 쓴다.개인적으로 페넬로 팬티형과 비슷한 퀄리티 같고가격대비 좋아서 베피스를 계속 사서 쓴다. 
 이것도 권장사이즈 보고 사니 좀 작다.막 움직이다가 붙여놓은 밴드가 떨어져버림딸이 덩치가 좀 있는데몸무게가찍은 후부터는 사이즈로 입혔다.돌무렵 부터인듯.소변을 흡수하는 양도 많고
새지도 않아서외출할때랑 밤기저귀로 유용하다.자주 안갈아줘도 발진이 안나서편하다ㅋㅋㅋ엉덩이부분을 타이트하게 붙이지 않으면엉덩이부위가 떠서 소변이 새버린다.이건 다른 밴드형기저귀도 마찬가지일듯... 
 소형기저귀 때부터 쭉 써온 기저귀다.처음에는 저렴해서 구매했었고이후에 다른 기저귀도 이것저것 써봤는데엉덩이 발진 문제로 베피스로 정착.가격
흡수력
밴드늘림등여러가지 부분도 만족이다.다만 권장사이즈보다는 더 큰 사이즈를 주문해야한다. 주의하기내돈주고 사서 써본 후기.?베피스기저귀베피스기저귀.?.?팬티형팬티형.?밴드형밴드형.?발진없는기저귀발진없는기저귀 
 베피스 맞나요?밴드가 마미포코가 맘에 들어서 첫째 둘째 팬티부터는 계속 쓰고 있는데
이번여름 새로나온 쿨웨이브주위에서 베피스?가 마미포코 밴드랑 비슷하고 괜츈하다하길래..혹시 써보신분 계시면 후기좀 부탁드려요그리구.. 소프트? 뭐 그런 라인별로 있는것 같던데..그것도 알려주심 더욱 감사용
베피스 모션 핏 팬티형 기저귀 남여공용 특대형 단계 총 
 개 상품평의 평균 별점★★★★☆ 
.▼ 후기 및 제품정보 열기 ▼ 
품명 및 모델명
일회용 기저귀
 인증 필 유무
유★★★★
흰색 외
안감부직포
흡수층분쇄펄프
고분자흡수체
방수층폴리에틸렌필름
테이프재접착테이프
사용연령 또는 체중범위
동일모델의 출시년월
년 월
제조자수입자
주서림
제조국
대한민국
취급방법 및 취급시 주의사항
안전표시
제품은 아기의 손이 닿지 않는곳에 보관해주세요. 벌레나 이물질 등이 들어가지 않도록 밀봉하여 보관하여 주세요. 직사광선을 피해 서늘한곳에 보관해주세요.
품질보증기준
공정거래위원회 고시소비자분쟁해결기준에 의거하여 보상해 드립니다.
 제조년월일 ▷ 제조국 ▷ 대한민국개당 수량 ▷ 매수량 ▷ 팩단계 ▷ 특대 
상품평
최고 ★★★★★★☆
좋음 ★★
보통 ☆
별로 ☆
나쁨 ☆
사이즈
예상보다 작아요 ★
정사이즈예요 ★★★★★★★★
예상보다 커요 ☆
두꺼워요 ☆
보통이에요 ★★★★★★★★
얇아요 ★
 단계모션 핏 베피스 팬티형 특대형 남여공용 기저귀 
 예쁜 공주님에서는 여러 물건들을 지속적으로 소개해드립니다
물건 구매하시기 전에 공식 사이트에서 한번 더 정보를 확인해주세요. 
쾌적흡수더마테스트 인증베피스 젠틀온 기저귀 체험단 명 모집● 이벤트 안내 응모기간월 일 월 일 당첨자 발표월 일 당첨상품베피스 신제품 젠틀온 기저귀당첨인원명체험제품 자세히보기.. ● 덧글 신청방법 안내. 이벤트 게시글을 본인 블로그와 로 스크랩 한 . 베피스 젠틀온 기저귀가 필요한 이유. 아기 성별개월 수기저귀 사용 단계 사이즈대형특대형점보● 후기작성 미션 안내 맘스홀릭베이비 카페 건 블로그 건 후기 작성기간 목 까지 후기 작성 시
아래 공정위 지시 문구는꼭 눈에 잘보이게 강조해서 삽입해주세요. 예시 업체명 로부터 제품을 무상으로 지원받아 작성된 후기입니다. 쾌적흡수로 아기 피부가 보송보송한 기저귀 내용 필수 독일 더마테스트 최고등급 인증 받은 부드러운 쾌적한 팬티기저귀라는 내용 필수 기저귀를 입은 아이의 모습 필수 필수 태그 .?베피스베피스.?젠틀온젠틀온.?베피스젠틀온베피스젠틀온.?쾌적흡수쾌적흡수.?기저귀추천기저귀추천.?팬티기저귀팬티기저귀 그 외
기저귀 관련 태그● 우수후기 당첨 안내 우수후기 당첨 상품오닉피노유기농 순면커버 생리대 종 명 우수후기 당첨자 발표수 
 택배가 올일이 없는데 택배가 왔다는 거예요알고보니 베피스 오리엔탈 허브종에 당첨써보고 후기를 쓸까합니다....... .......? 본문 이미지....... .......? 본문 이미지베피스 오리엔탈 허브 워시거품이 잘 나요.향도 물론 좋구요부드럽고 보습이 오래가서 좋았어요워시는 머리부터 발끝까지 샴푸로도 쓰셔도 되요♡....... .......? 본문 이미지....... .......? 본문 이미지베피스 오리엔탈 허브 마일드 샴푸이건 레몬향같은데 제 스타일손에 문질면 거품나기가 조금 힘든데머리결에하면 두번만 돌려도 거품이 짱짱짱....... .......? 본문 이미지....... .......? 본문 이미지베피스 오리엔탈 허브 로션이 아이도 부드러우면서 잘 스며들었어요가벼운느낌인줄 알았는데오랫동안 머물고있어서 좋더라구요 굿굿....... .......? 본문 이미지....... .......? 본문 이미지베피스 오리엔탈 허브 수딩미스트전 미스트를 사용안해요있다하여도 그냥 방치?ㅋㅋ기저귀 발진용으로 쓰는데 쏘쏘 솔직히 금방날라가는 미스트는 전 잘 모르겠어요쓰는방법을 잘 몰라서 그런거일수도 있겠죠?....... .......? 본문 이미지....... .......? 본문 이미지베피스 오리엔탈 허브마사지오일이거 물건건조한부분에 썻는데 바로 스며들더라구요제손에도 바로스며들고 촉촉이건 재구매 의사가 있는 아이였어요....... .......? 본문 이미지체험단을 하면서 이아이 저아이 써보니 재구매의사도 있고 좋은 경험이였습니다감사합니다 
긍정이의 쾌적함을 위해 기저귀체험단 응모기저귀유목민 생활을 끝낼것인가?쾌적흡수더마테스트 인증베피스 젠틀온 기저귀 체험단 명 모집● 이벤트 안내 응모기간월 일 월 일 당첨자 발표월 일 당첨상품베피스 신제품 젠틀온 기저귀당첨인원명체험제품 자세히보기.. ● 덧글 신청방법 안내. 이벤트 게시글을 본인 블로그와 로 스크랩 한 . 베피스 젠틀온 기저귀가 필요한 이유. 아기 성별개월 수기저귀 사용 단계 사이즈대형특대형점보● 후기작성 미션 안내 맘스홀릭베이비 카페 건 블로그 건 후기 작성기간 목 까지 후기 작성 시
아래 공정위 지시 문구는꼭 눈에 잘보이게 강조해서 삽입해주세요. 예시 업체명 로부터 제품을 무상으로 지원받아 작성된 후기입니다. 쾌적흡수로 아기 피부가 보송보송한 기저귀 내용 필수 독일 더마테스트 최고등급 인증 받은 부드러운 쾌적한 팬티기저귀라는 내용 필수 기저귀를 입은 아이의 모습 필수 필수 태그 .?베피스베피스.?젠틀온젠틀온.?베피스젠틀온베피스젠틀온.?쾌적흡수쾌적흡수.?기저귀추천기저귀추천.?팬티기저귀팬티기저귀 그 외
기저귀 관련 태그● 우수후기 당첨 안내 우수후기 당첨 상품오닉피노유기농 순면커버 생리대 종 명 우수후기 당첨자 발표수 
베피스 젠틀온 기저귀 체험단 명 모집쾌적흡수더마테스트 인증 기저귀 ...?...? 
 .쾌적흡수더마테스트 인증.베피스 젠틀온 기저귀 체험단 명 모집. . .● 이벤트 안내. 응모기간월 일 월 일. 당첨자 발표월 일. 당첨상품베피스 신제품 젠틀온 기저귀 . 당첨인원명. . 체험제품 자세히보기... ..● 덧글 신청방법 안내.. 이벤트 게시글을 본인 블로그와 로 스크랩 한 .. 베피스 젠틀온 기저귀가 필요한 이유.. 아기 성별개월 수기저귀 사용 단계. 사이즈대형특대형점보..● 후기작성 미션 안내. 맘스홀릭베이비 카페 건 블로그 건. 후기 작성기간 목 까지. 후기 작성 시
아래 공정위 지시 문구는꼭 눈에 잘보이게 강조해서 삽입해주세요.. 예시 업체명 로부터 제품을 무상으로 지원받아 작성된 후기입니다.. 쾌적흡수로 아기 피부가 보송보송한 기저귀 내용 필수. 독일 더마테스트 최고등급 인증 받은 부드러운 쾌적한 팬티기저귀라는 내용 필수. 기저귀를 입은 아이의 모습 필수. 필수 태그 .?베피스베피스.?젠틀온젠틀온.?베피스젠틀온베피스젠틀온.?쾌적흡수쾌적흡수.?기저귀추천기저귀추천.?팬티기저귀팬티기저귀 그 외
기저귀 관련 태그..● 우수후기 당첨 안내. 우수후기 당첨 상품오닉피노유기농 순면커버 생리대 종 명. 우수후기 당첨자 발표수. .
..쾌적흡수더마테스트 인증.베피스 젠틀온 기저귀 체험단 명 모집. . .● 이벤트 안내. 응모기간월 일 월 일. 당첨자 발표월 일. 당첨상품베피스 신제품 젠틀온 기저귀 . 당첨인원명. . 체험제품 자세히보기... ..● 덧글 신청방법 안내.. 이벤트 게시글을 본인 블로그와 로 스크랩 한 .. 베피스 젠틀온 기저귀가 필요한 이유.. 아기 성별개월 수기저귀 사용 단계. 사이즈대형특대형점보..● 후기작성 미션 안내. 맘스홀릭베이비 카페 건 블로그 건. 후기 작성기간 목 까지. 후기 작성 시
아래 공정위 지시 문구는꼭 눈에 잘보이게 강조해서 삽입해주세요.. 예시 업체명 로부터 제품을 무상으로 지원받아 작성된 후기입니다.. 쾌적흡수로 아기 피부가 보송보송한 기저귀 내용 필수. 독일 더마테스트 최고등급 인증 받은 부드러운 쾌적한 팬티기저귀라는 내용 필수. 기저귀를 입은 아이의 모습 필수. 필수 태그 .?베피스베피스.?젠틀온젠틀온.?베피스젠틀온베피스젠틀온.?쾌적흡수쾌적흡수.?기저귀추천기저귀추천.?팬티기저귀팬티기저귀 그 외
기저귀 관련 태그..● 우수후기 당첨 안내. 우수후기 당첨 상품오닉피노유기농 순면커버 생리대 종 명. 우수후기 당첨자 발표수. .
쾌적흡수더마테스트 인증베피스 젠틀온 기저귀 체험단 명 모집● 이벤트 안내 응모기간월 일 월 일 당첨자 발표월 일 당첨상품베피스 신제품 젠틀온 기저귀당첨인원명체험제품 자세히보기.. ● 덧글 신청방법 안내. 이벤트 게시글을 본인 블로그와 로 스크랩 한 . 베피스 젠틀온 기저귀가 필요한 이유. 아기 성별개월 수기저귀 사용 단계 사이즈대형특대형점보● 후기작성 미션 안내 맘스홀릭베이비 카페 건 블로그 건 후기 작성기간 목 까지 후기 작성 시
아래 공정위 지시 문구는꼭 눈에 잘보이게 강조해서 삽입해주세요. 예시 업체명 로부터 제품을 무상으로 지원받아 작성된 후기입니다. 쾌적흡수로 아기 피부가 보송보송한 기저귀 내용 필수 독일 더마테스트 최고등급 인증 받은 부드러운 쾌적한 팬티기저귀라는 내용 필수 기저귀를 입은 아이의 모습 필수 필수 태그 .?베피스베피스.?젠틀온젠틀온.?베피스젠틀온베피스젠틀온.?쾌적흡수쾌적흡수.?기저귀추천기저귀추천.?팬티기저귀팬티기저귀 그 외
기저귀 관련 태그● 우수후기 당첨 안내 우수후기 당첨 상품오닉피노유기농 순면커버 생리대 종 명 우수후기 당첨자 발표수 
세벨귀 오버액션토끼 기저귀 
 베피스기저귀 신제품 
 안녕하세요. 짱짱맘이예요가끔은 예쁜디자인의 기저귀를 입고싶을때 있잖아요.근데 디자인만 이쁜기저귀일지 몰라서 쓰던걸로 쓰게되던때가 종종있었는데요.또 여름이 돌아오니 예쁜 기저귀를 채우고 싶은 열망이 생기네요그치만 또 맘에 안드는 기저귀일까 쉽사리 기저귀를 바꾸지 못하고 있었는데 제가 애용하던 베피스에서 여름을 맞이해서?벌써여름인가??여름 신제품으로 제가 정말 좋아하는 오버액션토끼를 캐릭터로 기저귀를 출시했더라구요. 
 어쩜 너무 기여운 오버액션토끼가 떡하니 그려져있는것도 모자라서 엉덩이에는 세젤귀라고 적혀있는데 완전 심쿵했답니다. 
 일부로 바지도 안입혔어요.날도 덥기도 하고 엉덩이에 적힌 세젤귀라는 단어도 보고싶었구요.정말로 너무 이쁘다는 말만 생각했었는데 세젤귀라고 떡하니 적혀있으니까 마치 이름표를 달아준것같이 너무 잘어울렸답니다.볼때마다 궁둥이를 팡팡 해주고플 만큼 너무 기여운 디자인이예요. 
 귀엽기만 하면 베피스가 아니죠?디자인도 귀엽지만 정말 엄청난 흡수력을 자라아한답니다뛰어난 뽀송함으로소변을 빠르게 많은양을 흡수 해서 쾌적함을 유지해줘서 더운여름에 기저귀발진에 대비할수가 있어요. 
활동적인 우리 짱짱이에게 샘방지가 정말 중요한데 안심 이중 샘방지 시스템으로 많이 움직여도 큰동작에도 옆으로 샘없이 편안하답니다.소변알림마크는 적은양으로도 노란색에서 초록색으로 바뀌어서 제때 우리 짱짱이의 기저귀를 갈아줄수가 있어요.
 신축성이 뛰어난 입체핏으로 엄청나게 움직이고 뛰어다니고 다리찍기도 하는 우리 짱짱이의 움직임에 있어서 편안하고 자유롭게 해준답니다. 
 정말 세젤귀 뒷모습이예요 
 예쁜디자인에도 뛰어난 기능성까지 더해서 제가 원하던 기저귀예요자주 이용하던 베피스라서 더 안심하고 이용할수가 있답니다. 
 예쁘기만하면 베피스가 아니잖아요.오버액션 캐릭터가 기저귀에 그려져 있어서 입을때마 너무 귀염터지고 통기성 소재를 이용해서 공기가 잘 통하도록 만들었답니다.기저귀 안까지 언제나 쾌적하게 유지해준답니다.요즘처럼 덥고 습한날씨에는 정말 제격인것같아요.여름기저귀로 베피스 오버액션 기저귀로 여름나보려고해요.오버액션 쏙 패드로 밤에 양이 많은 아이들에게도 좋답니다. 
 친절한 오버액션토끼와 곰이 뜯는곳까지 알려주네요.뜯는곳 찾기 어려운 기저귀도 많은데이런 친절함에 세심한 감동도 느꼈답니다. 
 이미지와 맞게 뛰어난 깔끔함으로 기저귀봉투까지 포함되어있어요.요즘엔 날이 더워서 매직캔에 그냥 버려도 버릴때마다 고약한 냄새가 올라오곤하는데 버릴때 오버액션기저귀봉투를 사용하면 정말 좋을듯해요. 
 사이즈도 넉넉해서 기저귀가 두개나 들어간답니다.일반 위생봉투와는 다르게 얇고 부드러운 촉감에 잘 찢어지지 않는 제질이예요.덕분의 기저귀 냄새를 잘 잡아주더라구요. 
 집에서도 요렇게 쓰지만 외출해서는 더 요기나게 쓸수 있을듯해요.매번 사용후 그냥 버리기 일쑤였는데 오버액션 기저귀봉투를 사용하면 보다 외출해서도 보다 깔끔하게 뒤처리를 할수 있답니다. 
 요즘은 길게 외출하는일이 많치 않아서 쓰레기통옆에 배치해서 매번 기저귀버릴때마다 사용하고 있답니다.덕분에 쓰레기통을 열때도 다용도실 공기도 너무 깔끔하고 냄새도 사라졌어요이제 냄새끝 
 ▼▼▼베피스신제품 오버액션토끼 기저귀 보러가기▼▼▼ 
 본 포스팅은 제품만을 제공받아 이용후 솔직하게 작성된 후기입니다. 
베피스젠틀온 체험단모집 이벤트 
 👇베피스 젠틀온 체험단 모집 이벤트👇 .... 흡수력 좋은 기저귀를 찾고 계신 분 모두 손 향상된 쾌적흡수력으로 우리 아이의 피부를 보송보송하게⠀누구보다 빠르게 베피스의 신제품 기저귀 젠틀온’을체험해보고 싶다면
우리 아이에게 베피스 기저귀 젠틀온이필요한 이유를 적어 댓글로 남겨주세요.⠀추첨을 통해 분께 신제품 젠틀온을 체험할 수 있는 기회를 드립니다.⠀☑ 기간 화월☑ 당첨자 발표 화 개인 으로 발표☑ 당첨 지금 바로 베피스 인스타그램 팔로우하고 친구까지 소환하면 당첨확률 ☑ 제공 상품 유형대형 특대형점보 팬티기저귀☑ 체험단 선정 주의사항 체험단 선정 시
기저귀 신제품 베피스 젠틀온이 배송되며 이에 대한후기를 개인 에 꼭 올려주세요. 이에 대한 동의가 어려울 시
당첨은 취소됩니다. 
 사진 설명을 입력하세요.사진 설명을 입력하세요.사진 설명을 입력하세요. 
하...이건 너무 오래전에 받은 이벤트당첨선물무슨 이벵이었는지조차 기억이 나질 않는다ㅠㅠ뭐였더라 뭐했는데 이게 왔더라?에휴 이 망할 기억력 ㅋㅋㅋㅋㅋ베피스 기저귀팩베피스퓨어종을 받았어요.임신후부터 여기저기 다니며 받은 기저귀가 벌써 꽤 되는 것 같네요.기저귀는 많을수록 좋다는 선배맘들의 얘기를 귀담아 잘 쟁여두고 있는 중 ㅋㅋㅋㅋㅋ 
 베피스 기저귀남녀공용이구요 소형 장씩 들어있어요.한달 이후부터 까지 사용할 수 있다는 이야기겠죠?기저귀 잘 몰라요 
 뒷면에는 베피스 기저귀만의 특징이 상세히 적혀 있어요.엑스트라 소프트 패드 피부와 닿는 접촉면의 부드러운 감촉이 아기피부를 포근하게 감싸 줘요부드러운 접착 벨트 접착력이 좋아 착용감 우수하고 버릴때도 깔끔하게 정리가능해요안심 이중 샘방지 시스템 움직임이 많아도 샘 걱정없이 안심 사용가능해요배 길어진 허리밴드 신축성이 뛰어난 허리밴드가 허리를 감싸 더욱 편안해요엑스트라 드라이 시스템 많은 양의 소변을 빠르게 흡수해 아기엉덩이가 항상 보송보송우수한 통기성 통기성소재를 사용하여 기저귀 안까지 쾌적하게 해줘요편리한 소변알림마크 소변을 보면 소변 알림라인의 색이 노란색에서 초록색으로 바뀐대요. 
 기저귀 타입별로 사이즈 안내도 나와있어요.전 아직 뭐가뭔지 잘 감이 안오지만 출산하고 나면 그땐 이해가 확실히 쉬워질 듯 ㅎㅎ아기들은 폭풍성장하기 땜에 사이즈 사기에 살짝 애매할 때는 한사이즈 큰 걸 사서 채워줘도 좋대요. 
 요건 베피스 퓨어 베이비 모이스춰 로션과 헤어바디워시깜찍한 샘플이예용 샘플이라 어디 갈 때 유용하게 사용할 수 있을듯해요.내가 기저귀를 받게되다니....유서방도 신기한 듯 계속 이리보고 저리보고 ㅋㅋㅋㅋㅋ어떻게 생겼을지 뜯어보고싶은데 새거라 뜯지도 못하겠네요막달되면 그 때 기저귀함 하나사서 정리해야하니 그 때 오픈하는 걸로 ㅋㅋㅋㅋ베피스는 다양한 이벤트도 많고 아기들을 위한 용품도 많아서 참 좋아요.앞으로도 쭈욱 응원할게요.이벵당첨 기저귀 감사해요 잘 사용할게요 ♥ 
 군마미포코보솜이 써봤는데또 다른거 써보고싶어요 ㅋㅋㅋ리베로
 베피스
 수퍼대디
 데디베이비 기저귀 후기알려주세요
 베피스 기저귀가 저렴하길래 한번 써볼까하는데 사용해 보신 맘들 후기 좀 부탁 드려요. 흡수력은 괜찮은지. 새지는 안는지. 발진 등 아무거나 아시는데로 댓글 부탁 드려요
 국산 쌍용제지에서 만들었다는 기저귀인데요써보신분 계심 후기좀 알려주심 감사요가격이 엄청 저렴이라 네이처메이드사던 가격에 비함 거의 .배인데 왕창사놨다 안맞을까봐 걱정도되구별 쓸데없는 걱정부터 하고 있네요ㅎㅎ
 한번도 사용해본적없어서 사용해보신분들 혹시 후기좀 알려주심 안될까요?
 기저귀 사용후기 탄
기저귀 비교 및 장단점베피스
 나비잠
 ”네이쳐러브메레
 에코제네시스 
. 베피스 소프트핏 중형 
으로 사이즈를 제작하여 아기가 쯤 되었을 때
다른 기저귀 중형에 비해 허벅지 조임 없이 쓸 수 있는 기저귀. 다른 중형들 보다 조금 더 길고 직접 채웠을 때도 널널하다는 느낌이 들었다.형광물질이 들어가지 않은 기저귀라는 점이 제일 큰 장점이며 가격이 낮은편이라 가성비가 좋다. 앞
뒤 구분이 정확하여 할머니
할아버지들이 봐주실 때잠시 아기를 맡기는 경우ㅎㅎ 혼동 없이 유용할듯하다. 소변 흡수후 기저귀 안쪽 색이 노랗게 변하며 가끔 겉으로 보기에도 노랗게 변한게 희미하게 비침. 기저귀를 그냥 만졌을 때 알갱이 같은게 좀 만져지는편. 팩 매이며 팩에 원에 구입. 한 매당 원 정도.. 나비잠 매직 슬림 소프트 중형사이즈 
왼쪽부터 차례로 베피스
나비잠 매직 슬림 소프트
나비잠 프리미엄 울트라씬 
다른 기저귀들 보다 얇은편이며 겉과 안의 소재가 부드럽다. 나비잠 기저귀 자체의 특징이자 장점인듯 함. 흡수력도 괜찮은 편이며 소변 흡수 후 한쪽으로 쏠려 뭉침이 없다. 기저귀 발진이 적어 주변에서 많이들 사용하고 있었다. 매주 수요일 마미다닷컴나비잠 공식 홈페이지에서 시마다 댓글 이벤트를 실시한다. 명을 선정하여 무료 샘플 매를 랜덤으로 보내주니 직접 사용해보고 구입하는 것도 좋을 것 같다. 중형 팩에 매입이며
매당 약 원 정도에 구입 가능하다.마미다닷컴 홈페이지 정가. 나비잠 프리미엄 울트라씬 중형사이즈 
매우 매우 매우 얇은 초경량 기저귀. 위쪽의 매직 슬림도 얇은편인데 이것보다 더 얇다는게 만졌을 때도 느껴진다. 아마 얇아서 기저귀 발진이 없다는 말이 나오는 것 같다. 주변에서 인생기저귀
기저귀종착역이라고 칭찬이 자자하던데 그 이유가 얇지만 강한 흡수력이 아닐까 싶다. 약간의 단점이라면 패턴이 진한 기저귀라 소변선이 한눈에 확 들어오지 않았다는 점이며
재구매하여 사용하였다. 중형 팩에 매입이며
매당 약 원 정도이다.마미다닷컴 홈페이지 정가. 네이쳐러브메레 더 슬림 밴드 중형 
슬림형은 매우 슬림하다. 얇기는 나비잠 울트라슬림과 유사한? 혹은 더 얇은듯 싶을 정도로 매우 슬림한 기저귀. 흡수 좋고 소변 후 손으로 만져도 축축함이 없으며 역류가 없다. 촉감도 부드러워서 재구매 의사가 높았다. 여름 기저기로 완전 추천ㅎㅎㅎ 약간의 단점 아닌 단점이라고 한다면 양쪽이 붙어있어서 많이 울고 성격이 급한 아기가 사용하려면 미리 펼쳐놓을 필요는 있겠다. 사실... 단점이 별로 없어서 이거라도 적어보아요. 팩에 매입이며
매당 약 원 정도이다.티몬 꿀딜가. 에코 제네시스 인펀트 밴드형 사이즈 
영국제 친환경 기저귀로 옥수수 추출원료 인지오 원단으로 만들어져 개월 이내에지연분해 된다는 자연친화적 기저귀. 두께는 좀 있는편이며 흠수는 좋은편이나 기저귀에 무늬나 오줌선이 전혀 없다. 소변확인은 만져보아야 알 수 있어 불편함은 있었다. 바로바로 갈아주지 못한다는 단점. 곡물 추출 원단을 사용하여 기저귀 발진을 줄였다고 하지만 소변 후 만져보면 덜 흡수된 느낌이 있었다. 가격이 좀 사악하지만 좀 더 좋은걸 주고 싶은게 엄마 마음이니까. 그리고 환경을 생각한다면 더할나위 없다. 인펀트 팩에 매이며
장당 약 원 정도이다.홈페이지 정가 
 무료임신축하선물 베피스 기저귀 당첨 후기 
일등맘 카페 이벤트로 한달에명씩 
무료임신축하선물이 매달 랜덤추첨으로 베피스 기저귀팩을 무료로 보내주고 있습니다 .원래 경품운은 지지리도 없는 저이지만 
혹시나 해서 신청했더니 이렇게 당첨되었네요짝짝짝짝득템했다고 혼자 자축하고 있어요 . 경사났네아싸월에 당첨되서월월에 받았으니 배송도 당첨소식받고일주정도 걸린거 같아요 . 아직 첫아이 임신중이라 기저귀에 대해서 잘 몰라서 베피스 기저귀에 대해서 알아봤어요 .
아기에게 해로운 성분이 없고 
모든 제품에 전성분과 제조일자가 표기 . 피부자극 테스트 무자극 판정 . 인증 . 다이옥신 불검출. . 유해물질 테스트 검출 없음 . 위생적인 자동화 생산 시스템국내생산
베피스 소프트앤핏 만의 편안한 기저귀 . 소프트한 감촉 패드 . 소프트 시크릿 혹 . 와이드허리밴드 . 엣지 롱 벨트 . 안심이중 샘방지 시스템 . 편리한 소변 알림 마크 .입체 슬림핏 
우리아이 성장에 따라서 사이즈 맞게 선택해서 쓰면 될꺼 같아요 .제가 받은건 소프트앤핏 소형 으로 울 제제 태어나면 사용하게 될 첫 기저귀가 되겠네요 .
신생아때는 하루에개정도 기저귀를 갈아야 한다고 하던데 
일등맘 산모교실에서 무료임신축하선물로 받은 베피스 기저귀 너무너무 감사해요울 제제가 사용하게 될 날을 기다리며 ...신청은 일등맘 산모교실카페에서 가능하고 
예비맘분들 신청하셔서 이런 기회 놓치지 마시고 모두 당첨 되셔서 아이에게 좋은 선물이 될 수 있으면 좋겠네여 . 물론 랜덤 추첨이긴하지만 제가 당첨된거 보니깐 당첨 확률이 매우 높은거 같아요 . 
 팬티기저귀
하... 베피스 기저귀 대형 구매 후기 
하............ 
저는 지미니 기저귀를 에서 구매합니다.베피스 역시 에서 구매했구요.원 할인 쿠폰 뭐 이런거까지 해서 상당히 저렴하게 구매했는데...........싸긴 정말 싸요. 저렴해요. 
세일이고 겹쳐서 무려 박스나 구매했지뭡니까.팩박스 였던것 같아요.베피스 모션핏 타이틀이 좋아서 구매했는데....결론은 실패였어요. 
지미니 팬티기저귀는팸퍼스 팬티기저귀를 썼었어요.하지만 토마스 기저귀가 유해물질 발견이라는 보도가 뜬 뒤로마트에서 사라져버렸답니다.저 또한 그걸 더 이상 쓸 수 없었죠.그래서 팬티기저귀 정착을 위해 이것저것 써보는 중이에요.지미니에게 베피스는 실패에요.예전에 밴드기저귀로 쌍용 기저귀를 쓴 적이 있었는데 그 때 실패했었거든요.근데 거기랑 같은 쌍용이 만든 팬티기저귀랍니다. 
문제가 뭐냐면서있을 때는 팬티기저귀가 괜찮은데...눕거나앉거나주저 앉거나기대거나 하면 기저귀가 샙니다.우리지미니가 웬만한 팬티기저귀 흡수율을 못당해서팸퍼스 토마트 팬티기저귀만 쓴 것도 있는데..이건 너무 많이 새서ㅜㅜ 도저히 쓸 수가 없었어요.잠잘 때는 더더욱 안되구요.베피스 기저귀 너무 많이 새서 거의 매일 이불 빨래를 했었네요.이제 겨우 팬티기저귀 정착하려하는데최근에 정말 다양한 팬티기저귀를 사서 썼기 때문에 후기 공유 할게요
 ◆ 베피스기저귀 나눔이벤트기저귀 필요하세요? ◆ 
베피스기저귀 나눔이벤트 신제품 드라이핏 기저귀 나눔해요안녕하세요 이번 포스팅은 아기엄마
 아빠들이라면 좋아할 내용입니다 거두절미하고..
기저귀 나눔해요 
필요한 분들 무브무브 
제가 친구의 서포터즈 활동으로 알게되어베피스맘 기를 지원하고 당선되어활동을 하고 있어요.어느덧 해단식까지 마치고 아쉬운 마무리를 하게 되었답니다.지금까지 서포터즈를 여러개 해봤지만 정말 꿀서포라고 할만큼부담을 주지 않았던 이 곳.육아하느라 힘든데 굳이 컴이나 폰에 붙들려야 겠냐며정말 편안하게 해줬던 베피스맘.아기용품 뿐만 아니라 생활용품 이모저모를 체험하며제품에 대한 의견도 내고 제안을 하며함께 같이 즐거운 시간을 보냈던거 같네요.덕분에 여러 육아맘들과 여러 정보를 공유할 수 있게 되었고저에게는 참 의미있고 좋았던 개월이였습니다.보면 제품도 정말 좋았고 사용감도 좋은데홍보가 덜되서 잘 모른다는게 조금 아쉽더라고요..그래서 서포터즈를 떠나 엄마의 입장에서이 기저귀 진짜 괜찮았다 라고 입을 모아 칭찬했던기저귀
드라이핏을 나눔하려고 해요이번에 신제품으로 나온 아이기도 해요. 
움직임이 편한 기저귀로 
활동성을 고려한 아기들을 위한 드라이핏.편안한 
스포츠웨어 타입으로
좀 더 통기성이 좋고 편한 착용감이 특징인아기기저귀 입니다.저희 이번 기 오프모임을 통해서다양한 라인을 겸험해 봤는데이 제품에 대해서 평이 굉장히 좋았거든요 
제가 사용하고 강추하는 안심 무형광기저귀기도 합니다.사용 후기는 위에 참고해보아요 
베피스 드라이핏의 특징은 홈페이지로도잘 나와있는데요.아이에게 편안한 착용감을 주고게다가 성분도 안심할 수 있고
 흡수력이 좋기 때문에아마 이 기저귀를 사용해본다면만족도는 높을꺼라 예상합니다 
이 리뷰에 적힌 상황의 똥찬이는개월차
.킬로 약간 슬림한 타입이예요.
착용컷
이니 참고하시고요. 
나눔이벤트 공지. 
◆이벤트 기간 월 일 일수요일
첨자발표 월일 자정까지
◆나눔기저귀 드라이핏 팬티기저귀인당 팩 대형 특대형점보중 택
◆당첨인원 명 인스타도 올릴껀데 통합명참여방법
. 을 이웃추가.. 이런거 없어요. 전 소통을 여유있을때만 해서 굳이 안해도 상관없어요ㅋ저도 제대로 못하는걸 후기만 잘 써주세요뭐 제 블로그에 관심이 있다면야.....
.이벤트내용을 스크랩공유 해주세요.
.공유 과 베피스 기저귀를 사용하고 싶은 이유
댓글로 작성해주세요.
 비댓글로 싸이즈
받으실분 성함
연락처등
배송정
보를 알려주세요.
 주소취합기간이 딜레이되는걸 막기 위해
한번에 받으려 합니다. 이벤트 끝나면 정보삭제할께요
 나눔이벤트 당첨자 미션본인블로그베피스홈페이지 리뷰작성선정은 제가 임의로 할껀데성의 있는 써주실 분들을뽑으려 합니다. 
참고로 싸이즈 정보예요.저는 아들내미한테 넉넉하게 특대형으로 입힙니다.흘러내림없이 잘 맞아요. 
기저귀 필요한 분들 지원해주세요 
 페넬로페
하기스
토디앙핑크퐁
베피스
보솜이 여아 팬티기저귀 사용후기 
미니미는개월키로 넘는 몸무게로허벅지가 굵은 여아입니다 
한달전 찍은 사진으로 지금은 더 나 갈꺼예요 
우리 아이 다행히 기저기 발진 없어서엄마 취향대로 여러가지 종류 다 쓰는 중 
왼쪽 위에서 부터베피스 
보솜이 토디앙 핑크퐁 
페넬로페 
하기스
베피스 대형 보솜이 특대형 토디앙 핑크퐁 대형일어서거나 걸음마 걷는 아기페넬로페 대형 하기스 대형 걷기 시작하는 아기 
하기스와 네이처메이드 다들 많이 쓰시던데저는 흐느적 거린다는 느낌이라고 할까요?빳빳하지 않은 느낌이 싫더라구요개인적은 느낌이니 참고만 하세요올여름 페넬로페 많이 썻었어요페넬로페 밴드형 빳빳하니 괜찮았거든요그래서 여름에 쓰던거라 지금페넬로페 대형 는 우리 미니미에게 지금 작아요 
앞뒤 
밴드형이랑 팬티형 두 종류 번갈아 쓰고 있구요팬티형 밴드형 비율로활동이 많고 가만누워있지 않으므로 팬티형 기저귀를 많이 애용 하고 있어요 
소변줄 
안쪽면 
옆라인 
늘어남 
착용모습뒷처리 
페넬로페. 허리밴드잘늘어나고 부드러움. 소변줄선명하게 나타남. 흡수율밤새 기저기 갈아주지 않았는데 나름 흡수율도 좋음. 발진올여름 큰 발진 없이 잘 씀. 옆라인 샘방지이중 구조단점 기저기 뜯을때 너무 질겨서 뜯어내기 힘듦 
소변줄표시없음 
안감 
옆라인늘어남 
토디앙 핑크퐁. 허리밴드잘늘어남. 페넬로페에 비해 조금 거침뜯을때 쉽게 뜯어지는 편임. 소변줄표시가 없음 그래서 귀저기 갈아줄때 만져서 확인함. 흡수율귀저기 교체시기를 만져서 확인그만큼 흡수율은 조금 떨어짐. 발진큰 발진 없음. 옆라인 샘방지넓은 이중 구조라 착용후 재정리 안해서 편함단점 기저기 뜯을때 쉽게 뜯어지니 기저기 입힐때 뜯어지는 경우가 종종 있음 
소변줄 
안감 
옆라인 늘어남 
베피스. 허리밴드잘늘어나고 두번째로 부드러움. 소변줄선명하게 나타남. 흡수율보통. 발진없음. 옆라인 샘방지이중구조 
소변줄 
안감 
옆라인늘어남 
착용모습 
보솜이. 허리밴드허리밴드 뿐만이라 전체적인 촉감은 가장 부드러움. 소변줄선명하게 나타남. 흡수율좋음. 발진없음. 옆라인 샘방지이중 구조단점큰 단점은 그닥 못느낌
디자인 면에서 다른것과는 조금 흐리다고 해야할까? 
소변줄 
안감옆라인 
하기스. 허리밴드고무로만 되어있는 기저기와는 착용감은불편할수 있으나기저귀 교체시 뜯기엔 편함. 소변줄선명하게 나타남. 흡수율나쁘지 않음. 발진큰 발진 없음. 옆라인 샘방지이중 구조단점마지막 뒷처리시 붙이는 부분에서 약간 불안함 큰 단점은 아님 
베피스
페넬로페보솜이
토디앙 핑크퐁하기스 
피부 접촉 부위 촉감베피스보솜이하기스페넬로페토디앙 핑크퐁아주 지극히 개인적인 후기이므로 참고만 하세요협찬 없이 모두 사서 써본 후기입니다 
 무형광기저귀 베피스 새지않아서 좋다 
무형광기저귀 베피스 새지않아서 좋다 
 아이기저귀는 참 브랜드가 많은거같아요 체험단도 많이되서 사용도 해보곤 했지만 꿀벅지나 뱃살이 있는편인 아이들은 사실 하기스만한게 없더라구요 매직밴드가 배에 자국도 남지않고 기저귀 갈때도 편했거든요
밤기저귀는 하기스 오버나이트를 사용중이고 낮기저귀는 이 제품으로 정착한지 좀 됬어요 ㅎㅎ 
 일단 첫번째로 밤기저귀로 채워도 괜찮더라구요
새지않고 물론 물을 옴팡지게 많이 먹은날은 중간에 한번 갈아줘야하는데 이건 하기스 오버나이트도 마찬가지구요 ㅎㅎ 그리고 무엇보다 소프트밴드라서 정말 아이 배에 자국도 생기지 않고 부드러워요 이중 샘방지 때문인지 이 기저귀를 차고는 한번도 샌적이 없어요 ㅎㅎ 
 태오는 이제 막 갤 접어들었꼬 키가 에 몸무게는 키로 돌파해서 사이즈를 사용하고 있어요 ㅎㅎ 
 한달 전 제조된 제품이에요 그리고 무엇보다 오픈했을때 간혹 다른 기저귀들은 화학냄새가 나는 경우도 있는데 이제품은 화학냄새를 느껴본적이 한번도 없어요
그래도 전 늘 한팩씩 다 뜯어서 바구니에 보관하면서 사용중이랍니다. 
 맨첨에 이 기저귀 받고나서 뜯는곳을 한참 찾았더랬죠 ㅎㅎㅎ 보통 윗부분에 있는데 이건 밑에 절취선이 있더라구요 ㅎㅎ
 똑같은 사이즈인데 디자인은 가지에요 ㅎㅎ 근데 사실 디자인보다 기능에 더 충실한게 좋기때문에 디자인이 아무리 이뻐도 그냥 저냥이더라구요 ㅎㅎ 그리고 베피스의 좋은점은 기저귀를 돌돌 팔아서 고정하는 테잎 부분이 강한편이에요 ㅎㅎ 나비잠을 사용할때는 바지입힐때 뜯어지고 돌돌 말아서 고정하면 풀러지고 진짜...몇번 그러니까 승질나더라구요 ㅎㅎ 
 제가 말한 뒷면에 테잎 부분입니다. 정말 강한 편이에요 ㅎㅎ 옴팡지게 젖어서 묵직해서 빵빵해도 절대로 풀린적이 없어요 ㅎㅎ요즘 자기 기저귀는 자기가 버리고 있는데 가다가 떨궈도 안터지더라구요 ㅎㅎ 
 제가 낮기저귀도 하기스를 쓰다 갈아탄 이유는 바로 바로 너무 새서였어요 ㅠ ㅠ 이번에 리뉴얼된 제품 후기들도 보면 아시겠지만 개인적으로 사용한 후기들 보면 샌다는 의견들이 굉장히 많아요 ㅠ ㅠ 그 전 제품도 사실 자주 새는 편이어서 이불빨래를 거의 틀에 한번씩 했는데도 사용했떤 이유는 허리 매직밸트때문이었어여 ㅠㅠ 후기가 좋아서 저역시 베피스를 구매해서 사용해봤는데 정말 배부분이 쪼이지도 않고 새지도 않고 만졌을때 부들부들하고 발진도 없어요 ㅎ 그리고 무엇보다 무형광기저귀라는점그리고 가격도 아주 착해요 장당 원도 안되는 꼴이고 쿠팡에서 정기배송도 되서 더 할인 받으실 수 있답니다 ㅎㅎ 저도 이번에 박스를 주문햇네요새지않고 발진없고 허리나 허벅지 쪼이지않는 기저귀 찾으신다면 베피스 추천해드려요 
 베피스기저귀 바람아솔솔아 베피스 나눔이벤트 모집해요 
안녕하세요 진우맘이예요베피스기저귀 나눔이벤트 한다고 알려드렸는데 이제서야 포스팅 남기네요...ㅠㅠ아이들 없을 때 포스팅해야하니 작업할 시간이 충분치 않네요.....이제 날이 더워지니 슬림핏 기저귀 또는 여름기저귀 찾으시는 분들 많으실텐데 통기성 좋은 기저귀인 베피스기저귀 사용해볼 수 있는이벤트가 있어서 진행해보려해요관심있으신 분들은 참여방법 확인하시고 신청해주세요기한이 오늘까지라 최대한 빨리 해주시면 감사드려요.... 
체험해볼 수 있는 기저귀가 바로 베피스 바람아솔솔아 기저귀예요첫째둘째 사용중인데 얇고 흡수력도 괜찮아서 만족하는 기저귀랍니다통기성이 좋아서 땀이 좀 나도 엉덩이가 빨개지거나발진이 나지 않더라구요참고로 두 아들이 가만히도 안 있는 아가들이라 땀이 좀 많아요ㅎㅎㅎㅎ... 
베피스기저귀가 안심이 되는 건 바로
무형광기저귀 라는 것기저귀에 형광물질있다는 사실 아셨나요?? 전 베피스기저귀 접하면서처음 알았던 사실이였어요....ㅠㅠ그동안 타 브랜드 기저귀에서 발진이 있었던 이유가 다 있었더라구요....베피스는 안에는 물론이고 겉
테이프까지 다 형광증백제 불검출이라니믿고 사용할 만하죠 
베피스 나눔기저귀 이벤트 참여방법 
이벤트기간월 일 금요일당첨자발표월 일 토요일명참여방법진우맘 과이웃추가 해주세요 애정이웃 선호해요ㅎㅎ이벤트 페이지 스크랩공유해주세요공유한 과 베피스 기저귀 사용해보고 싶은 이유
사이즈 댓글로 남겨주세요 
당첨되신 분들은 본인 블로그 및 베피스 홈페이지에 후기 작성해주셔야해요기저귀만 받으시고 후기 안써주시면안되세요ㅠ.ㅠ월 일까지 베피스맘 베피스서포터즈 모집중에도 있으니참여하시고 베피스 제품들도 사용해보세요베피스맘 강추해드려요신청하실 때 진우건강이맘 추천 이라고 적어주시면 감사요♥♥♥ 
임신 축하박스
지금 신청하세요
앙쥬를 비롯해 각종 육아 관련 업체에서 임신부를 위한 임신출산 축하박스를 증정하는 이벤트가 진행되고 있다. 선물 구성도 실용적이고 정기적으로 진행되고 있어 당첨 확률도 높지만 몰라서 놓치는 경우도 많다. 임신을 축하하고 선물을 증정하는 곳을 소개한다. 
최고 경쟁률을 자랑하는 베스트 축하 박스 앙쥬
임신부 샘플팩 
’ ... 
...매거진 앙쥬에서는 매달 임신부를 위한 임신부 샘플팩’을 증정하고 있다. 기존의 임신·출산 관련 브랜드 에서 운하는 것과 달리 다양한 브랜드의 제품이 들어 있어 임신부들 사이에서 입소문이 나 있다. 매달 샘 플팩의 품목이 달라져 각 시즌에 맞는 제품과 새로 나온 제품을 사용해볼 수 있으며 샘플뿐 아니라 정품 도 다수 포함되어 있어 만족도가 높다. 선정 인원이 많은 데도 불구하고 경쟁률이 매우 높다. 치열한 경쟁에 서 당첨되려면 앙쥬 인스타그램과 네이버 포스트를 팔로잉하고 신청 기간이 시작되는 매월 일에 홈페이지 에 접속해 재빨리 신청해야한다. 신규 가입한 달에만 신청할 수 있지만
당첨되지 못한 임신부들을 위해 매 월 일부터 말일까지 명 선착순으로 임신육아생활용품팩’을 증정하는 이벤트도 진행한다. 임신육 아생활용품팩 신청 방법은 임신부 샘플팩 신청과 동일하다. 또한 샘플팩을 받은 사진과 함께 후기를 남기 면 홈페이지에서 사용할 수 있는 마일리지를 받을 수 있다. 신청 대상 앙쥬에 신규 가입한 임신부매달 명신청 기간 매월 일말일 신청 방법 앙쥬 홈페이지에 회원가입 후 이벤트앙쥬 샘플팩’ 메뉴에서 신청한다. 출산 예정일과 임신 증거 자 료를 등록한다. 선물 구성 임신육아 관련 용품 품목은 매달 조금씩 변경됩니다 . 
남양유업
해피마미박스 
임신출산 축하박스 
’ .. .. 기저귀와 앙쥬백과가 증정되는데
기저귀 단계는 등록된 자 녀 정보에 따라 자동 선택되어 발송되므로 사이즈가 맞지 않아 사용하지 못하는 건 아닐까 우려하지 않아도 된다. 신청 대상 임신부부터 출산 일에 해당하는 엄마 회원 중 남 양아이 마케팅 수신 동의 및 자녀 정보출산 정보를 등록한 회원 신청 기간 상시 신청 신청 방법 홈페이지 회원가입 후 해피마미박스’ 메뉴에서 신청 선물 구성 앙쥬백과 권
하기스 기저귀 소형 또는 중형 품목은 내부 사정에 따라 조정될 수 있습니다 . 
매일유업 마더박스’ .. .. 총 종으로 구성되어 있으며 신청 방법만 지킨다면 모두 받 을 수 있으므로 신청 기한을 꼭 지킨다. 신청 대상 임신부부터 출산한 지 일 이내에 해당하는 엄마 회원 신청 기간 회원 정보 등록일로부터 일 이내 신청 방법 홈페이지 회원가입 후 마더박스 신청하기’ 메뉴에 서 원하는 박스를 선택 선물 구성 ①임신 축하 박스임신임신 주 시기 추천하기스 네이처메이드 단계 기저귀 낱개 입
앱솔맘 식이섬유주스 오 렌지 입
매일두유 .식이섬유 각 입
소화가 잘되는 우유 입
난쟁이 똥자루 손싸개 키트
앱솔맘 입 ②출산 기쁨 박 스임신 주출산 일 시기 추천 ③육아 응원 박스출산일일 시기 추천품목은 내부 사정에 따라 조정될 수 있습니다. 
베베폼
임신 박스 
’ ... ... 구성이 알차고 가격대가 높아 경쟁률이 높은 편이다. 신청 대상 임신부매달 명 선정 신청 기간 월말익월 말매달 신청 방법 홈페이지의 임신 박스 신청하기’ 메뉴에서 신청한 뒤 신청 완료된 페이지를 본인의 블로그와 에 공유 선물 구성 칭찬 천연 베이비 미스트
베슈 이너프 물티슈
로고나 베이비아토 로션 샘플 매알로에 수분 젤 샘플 매
보코통 클 래식 수유패드 매
베베샤 바디슈트양말
헤르조그 종 칼세 트
자연들 혼합곡 세트
이유식 실리콘 턱받이
에코인콘 옥수 수 스푼포크 세트
하늘선물 아기 물티슈 매
마더케이 순명아기 건티슈
텐박스 초음파사진앨범
햇살좋은날 스튜디 오 만삭화보촬영권 품목은 매달 조금씩 변경됩니다 . 
베베쿡
베베쿡 박스 
’ .. .. 신청 기간 중 회에 한해 신청할 수 있고
선정되지 않을 경 우 다음 달에 재신청할 수 있다. 베베쿡 공식 인스타그램 계 정을 팔로잉하면 당첨 확률이 더 높아진다. 신청 대상 출산 전 개월출산 후 개월매달 명 선정 신청 기간 매월 일부터 말일까지 신청 신청 방법 홈페이지 회원가입 후 상단의 베베쿡 박스’ 배너로 들어 가 신청 선물 구성 베베쿡 프로바이오맘 일 키트디카페블랙 티백 개 초기 이유식 일 무료 체험권턱받이
마더케이 더블 아기 지 퍼백
베베숲 센시티브 엠보싱 매
군기저귀 신생아용 기저귀
사노산 트래블 세트 종
핀덴베베 체험팩
블룸마터니티 블룸 매 직 클립 개
솔트앤 아가쏠 개 품목은 내부 사정에 따라 조정될 수 있습니다 . 
베피스
기분좋은 기프트 박스 
’ ... ... 매달 진행되지만 당첨 인원이 많지 않아 경쟁률이 높은 편 이다. 임신부의 지인도 참여할 수 있는 이벤트로 주변에 임 신부가 있다면 선물로도 제격이다. 신청 대상 베피스 홈페이지 회원매달 명 신청 기간 월초월말까지매달 신청 방법 베피스 인스타그램을 팔로잉한다. 아기 초음파 사진 을 필수 해시태그와 함께 본인의 에 올리고 해당 포스팅 과 인스타그램 아이디를 베피스 홈페이지의 이벤트예비맘 모여라’ 메뉴 댓글란에 남긴다. 선물 구성 소프트핏 소형 팩
베피스 물티슈 팩 품목은 내부 사정에 따라 조정될 수 있습니다 . 
에리에르 인터내셔널 코리아
임산부는 모여라 
’... ... 대용량으로 구성되어 있어 아이에게 잘 맞는 제품인지 테스 트하기에 적합하다. 블로그 또는 에 군 기저귀와 해당 이벤트를 홍보하고 해당 을 이벤트 신청 시 남기면 당 첨 확률이 높아진다. 신청 대상 에리에르 인터내셔널 홈페이지 회원매달 명 신청 기간 월초부터 월말까지 매달 신청 신청 방법 홈페이지 회원가입 후 군 이벤트’ 메뉴에서 신청 선물 구성 신생아용 박스 또는사이즈 박스 중 랜덤으로 발송 되며 각 박스당 기저귀 매로 구성 ①신생아용 박스군 오리지 널 테이프형군 프리미엄 테이프형 ② 사이즈 박스군 오리지 널 테이프형 
유한킴벌리
허그박스 
’ ... ... 추첨을 통해 진행되지만 비교적 많은 인원에게 선물이 지급 되므로 당첨 확률이 높다. 후기를 작성하면 추첨을 통해 적 립금을 증정하는 이벤트도 진행 중이다. 신청 대상 맘큐 회원매달 
 명 신청 기간 매주 신청 신청 방법 홈페이지에 회원가입 후 이벤트허그박스 이벤트’ 메 뉴에서 신청 선물 구성 하기스 네이처메이드 단계
하기스 매직 단계
하기스 오버나이트 단계
더블 하트 수유패드
그린핑거 베이비세라마이드 
좋은느낌 입는 오버나이트 중형 본 이벤트 일정 및 구성품은 내부 사정에 따라 조정될 수 있 습니다 . 
일동후디스
출산 축하선물 
’ .. .. 일동후디스의 다양한 품목 중 자신이 원하는 제품을 선택해 샘플을 받아볼 수 있다. 출산 후 개월까지 신청할 수 있다 는 것이 장점이다. 신청 대상 출산 일출산 후 개월 신청 기간 상시 신청 신청 방법 홈페이지 회원가입 후 맘’ 서비스–선물샘플신청’ 메뉴에서 신청 선물 구성 트루맘 스틱
트루맘 액상조제식
이유식
유아 카테 고리로 나누어져 있으며 이 중 원하는 제품의 샘플을 선택할 수 있다. 품목은 아기 월령 및 기타 여건에 따라 구성이 달라질 수 있습니다 
파스퇴르
임신 축하 선물세트 
’ .. .. 신청 인원에 상관없이 모두 받아볼 수 있으며
한 가족당회만 신청할 수 있다. 신청 기간이 지난 임신부라면 출산 후 개월 이내에만 신청할 수 있는 출산 축하 선물세트’를 신 청할 수 있다. 중복 신청은 불가능하다. 신청 대상 임신 개월 신청 기간 상시 신청 신청 방법 홈페이지에서 자녀 정보출산 예정일 입력과 함께 정 회원으로 가입한 뒤 육아 회원선물’ 메뉴에서 신청 선물 구성 임신육아 도우미 책자
세움 탯줄 도장 할인 제작권
아이원맘 임신출산 사진 촬영권 품목은 내부 사정에 따라 조정될 수 있습니다 . 
 에디터송미령포토그래퍼이경환 
 베피스 젠틀온 팬티형 기저귀 여아용 대형 
베피스 젠틀온 팬티형 기저귀 여아용 대형
 원 
가격은 변동될 수 있으므로 아래 쿠팡 방문으로 확인바랍니다. 
 .가격 확인하기
 . 
 상품정보 더보기 ∇ 
◎ 솔직한후기 
 . 
 리뷰정보 더보기 ∇ 
 이 포스팅은 쿠팡 파트너스 활동의 일환으로
이에 따른 일정액의 수수료를 제공받고 있습니다. 
 ★나눔이벤트★베피스 오버액션토끼기저귀 같이 써요 
 기저귀 나눔이벤트 
 해요 
 최근에 출시된 세상 귀여운 기저귀
 오버액션토끼기저귀 출시 기념 나눔이벤트 
 입니다
 베피스오버액션토끼 캐릭터 콜라보레이션 제품 
 으로 
 베피스 무형광 기저귀에 
 깜찍한
 캐릭터가 더해진 기저귀예요♥ 
 불과 시간전에 남긴 오버액션토끼기저귀 리뷰 참고해주세요 .. .. 
 신제품 오버액션토끼 기저귀 
 사용해보고 싶으신 분들 신청 해주세요 
이벤트 안내
모집 기간
 월 일월 일일요일까지 
이벤트 제품 베피스 오버액션토끼기저귀 팩씩 
 소형밴드대형팬티특대형팬티 중 선택 가능 중형사이즈는 없어용 
당첨자발표 월 일화 
당첨인원 명 
참여 방법
이웃 추가 후 이벤트 내용을 스크랩공유 해주세요. 
공유 과 베피스 기저귀를 사용해보고 싶은 이유사이즈를 댓글로 작성해주세요. 
당첨자 필수사항
 당첨되신 분들은
 본인 블로그 및 베피스 홈페이지 
 에 후기 작성해 주셔야해요. 
 업체 지원 제품이니 기한내 리뷰 작성은 필수입니다. 리뷰 기한은 추후 안내 드릴게요 
 당첨자발표가 크리스마스 다음 날이기는 하지만 
 그래도 당첨자분들께 하루 늦은 크리스마스 선물이 되길 바라며.... 
 많은 신청 부탁드려요♥ 
 베피스기저귀 오버액션토끼 사용후기 
베피스기저귀 오버액션토끼 사용후기 
어느덧 지우가 태어난지 일이 되었습니다하...지우키우면서 지금까지 가장 많이 사용하는건 아무래도 기저귀가 아닌가 싶은데요
 다행히 지금까지는 제가 직접 돈주고 기저귀를 사지은 않았구요 여기저기에서 받은 기저귀를 사용하고 있답니다
그중에서 베피스 기저귀 한통 받은걸 사용하고 후기 남겨보아용
근데 우리지우 하도 응아도 많이 싸고 쉬도 많이싸서 한팩을 주말에 다썼네요 지우야 고마워 잘먹고 잘자고 잘싸줘서♥ 
베피스기저귀 오버액션토끼 앞부분과 뒷부분 입니다
앞부분에는 앞이라고 표시가 되어 있구요기저귀 갈아주는거 못하는 아빠들을 위한건가요???ㅎㅎㅎ그리구 뒷부분에는
잘때천사 고마워 이렇게 두가지 단어가 쓰여져 있답니다일단 그림이 넘나 귀여워서 굿ㅋㅋㅋ 
베피스 오버액션토끼 기저귀의 경우 허리 밴딩 부분이 늘어날 수 있게 되어 있었습니다.기저귀들마다 다 다르지만 어떤건 그렇지 않은 기저귀도 있었는데
 이렇게 밴딩 부분이 늘어나줘야 아가들 배가 심하게 쪼이지 않고 편할것 같았습니다 
위사진에 까맣게 되어있는 부분 보이시나요?그게 중앙임을 알려주는 표시구요
 앞으로 너무 많이 당겨진게 아닌가? 아니면 뒤로 너무간게 아닌가?이런 의문점이 생기시는 초보 엄마라면 중앙부분을 잘 보고 기저귀를 착용해주면 좋을것 같습니다 
베피스 오버액션토끼 기저귀의 옆쪽도 이렇게 밴딩처리가 되어 있어서옆으로 새는걸 방지하고 있답니다하지만 그렇다고 마구마구 움직였을땐
 ㅋㅋㅋ특히 응아를 엄청 많이싸면 
오버액션토끼 기저귀의 앞부분부터 노란줄 표시가 되어있는거 보이시죠?ㅎㅎㅎ
쉬를 싸면 색상이 노란색에서 초록을거쳐 파란색으로 변한답니다우리 지우 쉬를 많이 쌌네요.노란색 줄의베피스기저귀가 파란색줄로 변했어요
 후다닥 갈아줘야겠죠???ㅎㅎㅎ 
지우가 쉬아를 많이해서 베피스 오버액션토끼 기저귀를 갈아주었더니
시원한지
 저렇게 대자로 뻗어서 잠을자더라구요ㅋㅋㅋ넘나 귀엽죠???역시 잘땐천사 맞습니다엄마들 모두가 공감할듯 합니다ㅋㅋㅋ 
우리지우 쉬아 엄청 많이했구나기저귀 안쪽에 노란색 쉬아 한거 보이시나요???ㅋㅋㅋ베피스기저귀 흡수력 좋아요좀더 싸게 놔뒀어야하나?싶기는 하지만
 기저귀 아깝다고 빨리 안갈아주면
 여름이라 땀띠도 생기고 발진도생길까봐서
베피스 오버액션토끼 기저귀 한팩 사용해보았는데 생각보다 괜찮은것 같습니다우리 지우는 남자아이라 더 괜찮았나?ㅎㅎㅎ여자아가가 쓰면 어떤지는 잘 모르겠네요ㅠㅠ 
지금까지 베피스기저귀 오버액션토끼 사용후기였습니다 
 베피스 팬티형 기저귀 특대 사용후기 
베피스 팬티형 기저귀 특대 사용후기 
저희 아들이 사용했던 것입니다.뭐.. 신생아 때부터 사용한 건 아니고
 신생아 때는 가격이 조금 비싼 걸 사용했답니다.근데
가격이 비싸도아이에게 맞지 않고
발진이 일어난다던가..몸에 맞지 않으면 사용하지 못한다는 점...아이를 키우신 부모님들이라면경험해보셨을꺼라 생각 드는군요.저희 아들도 기저귀를신생아 때부터 번 정도 이것저것사용했던 것 같네요. 
일단 박스를 개봉해서세세하게 알아봅니다.앞부분에 특대형 남아용이라고 적혀있으며
 개에 아이가사용하도록 만들어졌답니다. 
베피스 팬티형 기저귀뒷부분에는 상세한 설명이 
옆면을 보시면
 대형
특대형 
 점보 에 아이가 사용할 수있다고 적혀있답니다. 
베피스 팬티형기저귀 특대형 꺼내서 앞부분을확인합니다.통기성 소재를 이용해서공기가 잘 통하도록 만들어졌다고 하며
 노란색으로 보이는 부분은
 아이가 소변을 봤을 때
 초록색으로 바뀌더군요.뭐
다른 것들도이렇게 표시되는 제품들이 많으니
 요즘은 이런 게 꼭 있어야 하겠죠. 
뒷면입니다.앞뒤를 구별할 수 있게
 구분이 되어있으며
뒷부분에는사용 후 뒤처리를 할 수 있게끔 스티커로되어있으니 앞뒤 헷갈릴 일은 없답니다. 
베피스 팬티형 기저귀 특대형옆면을 살펴봅니다.옆을 보면
 이중으로 샘방지가되어있으며 소변이 옆으로 새는 걸막아주는데
 솔직히 많은 양의 소변은 간혹가다어떤 걸 사용하더라도 새는 건 마찬가지인 듯.. 
베피스 팬티형 기저귀특대형 안쪽 면을 확인해봅니다.엑스트라 드라이 시스템으로빠르게 흡수해서 뽀송뽀송하게 해주며
 피부와 닿는 접촉면이 부드러운감촉을 통해 포근하게 감싸 준다고 하더군요.뭐
이런저런 거 다 필요 없고...기저귀는 그냥옆으로 잘 새지 않으며
 발진이 일어나지 않는 게 좋은 것 같습니다.저희 아들도 여기 거사용하니 발진이 일어나지 않아서년 정도 사용했던 것 같네요.앞으로 둘째가 태어날 날이머지않았는데.. 또 둘째는 어떤 제품이몸에 맞고
안 맞을지 몇 가지 더 사용해 볼 날들이찾아올 것 같네요.무조건 비싸다고다 맞는 건 아니더라고요. 
 일등맘 베피스기저귀 당첨 후기 
월 일등맘 산모교실에 갔다가 가입을 했다.까먹고 있었는데
아침에 기분 좋은 문자가 딱이런거 한번도 된적 없는 나였기에 기분이 좋았다. 
일부터 순차적으로 보내준다는 문자 확인후사정에 따라 지연될수도 있음일날 도착했어요사실 잊고 있을때쯤 온거라 더 반가웠다ㅋㅋ 
두둥 팩이나 들어있는 베피스 기저귀굿굿포장지도 귀여운 토끼 그림형광물질 없는 기저귀베피스 잘쓰겠습니다 
매달 새로운 이벤트를 하는거 같으니 예비맘들도 홈페이지 들어가서 좋은 정보 얻으시고 이벤트 도전해보세요... ... 
 차원이 다른 부드러움으로 편안함을 입다
베피스 엑스트라 소프트 팬티 기저귀 
 베피스 기저귀의 팬티 기저귀 라인의사이즈 표도 자세하게 나와 있어요
아기에게 해로운 성분은 넣지 않았으며모든 제품에 전성분과 제조일자가 표기가 되어 있으니안심하고 사용하세요 
......... ..?....... 본문 이미지기저귀를 꺼내 보았어요꺅 디자인이 너무나 예뻐 
 아기의 체형과 움직임을 고려하여 설계된총 
줄의 허리 밴드가 몸을 따라유연하게 움직여 더욱 편안한 착용감을 제공해요 
....... .......? 본문 이미지
제가 양손으로 기저귀를 당겨봤는데진짜 편안하게 쭉쭉 잘 늘어나더라구요 우리 아이 몸에 닿는다면조이지 않고 활동하기 편할거 같다는 생각이 기존 열처리 접착 방식이 아닌 비 가열식 최신 접착 기술을 적용하여밴드에서도 차별화된 부드러움이 느껴져요
....... .......? 본문 이미지
소변이 옆으로 새는 것을 막아 주어움직임이 많아도 샘 걱정 없이 안심하고 사용해요
....... .......? 본문 이미지
기저귀를 뒤집어 보았어요피부와 닿는 접촉면의 부드러운 감촉을 통해우리 아기 피부를 포근하게 감싸줄 수 있어요 
....... .......? 본문 이미지
두께는 아주 두껍지도 않고얇지도 않아요계절 사용해도 무방할거 같지만개인적으로는 여름보단 봄
 가을
 겨울에 사용하면 좋을거 같아요
 기저귀를 착용해 보았어요 
....... .......? 본문 이미지
...?... ......... ..?....... 본문 이미지 
....... .......? 본문 이미지
개당 기저귀 그램수는 
베피스 엑스트라 팬티 기저귀는낮
밤 할것없이 사용해 보았는데낮기저귀로도 밤기저귀로도 손색없이샘 없이 잘 사용하고 있어요 밤동안 한가득 소변을 본 기저귀예요 ...?... ......... ..?....... 본문 이미지 
....... .......? 본문 이미지....... .......? 본문 이미지....... .......? 본문 이미지....... .......? 본문 이미지
기저귀 처리 방법은 
기저귀 옆면을 손으로 뜯어 주세요.크게 힘들이지 않아도 잘 뜯기더라구요 
사용한 기저귀를 돌돌돌 말아기저귀 뒷부분에 있는 테이프를 쭉 댕겨서감싸듯이 붙여주면 끝
 우리 둘째가 태어나처음 입어보게된 팬티 기저귀 아무거나 입힐 수 있나요?고르고 골라 베피스 엑스트라 소프트 팬티로 결정했어요
 베피스 기저귀는 전제품 무형광 기저귀로안심하고 우리 아이들에게 입힐 수 있어요
앞으로도 쭉 입힐거랍니다 
해당업체에서 무상으로 제공받아 작성한 후기 입니다 
 일등맘 무료임신축하선물 베피스 기저귀 당첨 후기
전국적으로 다양한 지역에서 정말 많은 산모교실을 열고 있는 일등맘에서 무료임신축하선물로 베피스 기저귀를 매달 명을 추첨하여 나눠주고 있어요 뚱땅맘도 일등맘 산모교실 응모하면서 자동 응모가 되어서 베피스 기저귀 당첨 되었어요. 그리하여 받은 소형 팩 
매짜리 소형 한팩이에요 우리 둘찌를 위한 기저귀가 차곡차곡 쌓이고 있어요. ㅎㅎ일등맘 베피스 기저귀 응모는 아래와 같이 할 수 있어요. 현재 월 이벤트 진행 중이구요. 
일등맘 산모교실 신청하면서 신규 회원가입하시면서 베피스에도 신규 회원 가입 하시면 되요. 
그리고 베피스에서 진행되는 예비맘 이벤트에도 응모하시면.. 잘 하시면 기저귀 팩 받으실 수 있어요
베피스 예비맘 이벤트 당첨 후기 가기. . 
다들 일등맘이랑 베피스에서 기저귀 이벤트 응모해보세요 
 부드러운기저귀 베피스 소프트핏 중형 사용후기♩ 
찾았어요 찾았어요우리 아가에게 올 여름 편하게 입힐 부드러운기저귀허리밴드가 부드럽게 늘어나 조이지않고뭉침없어 밤기저귀로도 사용가능한베피스 소프트핏 
절취선이있어 수시로 쉽게 꺼낼수있어요. 
첫째때는 기저귀 한브랜드로만쭉 사용해서 뭐가 좋은지 몰랐는데늦게 낳은 둘째라 그런지좀 더 신중하게 기저귀를 선택하게되요.베피스 소프트핏 부드러운기저귀는여아 남아 기저귀로 나뉘어요.여아기저귀는 핑크핑크한게 역시 나은듯앞뒤 표시가 되어있고 소변알림줄이있어 편해요. 
여자아이라 피부가 매일 매일 닿는 부분이부드러운 착용감이었으면 좋겠다싶었는데엄마의 안목으로 고른 부드러운 기저귀 베피스 기저귀는부드러운 감촉과 흡수력이 좋은소프트 시크릿홀이있는게 특징이에요.무엇보다 손으로 스쳐봤을때 부드러운게 가장 좋더라구요.두께도 굉장히 얇아 더운 여름 힙히기 딱 좋아요. 
지금까지 써본 일부 기저귀는허리밴드가 늘어나지 않는경우도있는데그럴땐 아기가 앉아서 있을때 조이는거같아 별루였는데부드러운기저귀로 들인 베피스 소프트앤핏기저귀는늘었다 줄었다앞면엔숫자 표시가되어있어아기 허리둘레에 맞게 붙여주면되요. 
둘째맘인데도 소변알림줄이있는게 편한데팸스 킨 일부 기저귀는소변알림줄이없어육안으로 쉽게 확인이안되 불편했어요.날이 더워지니 활동량이 많은 낮엔 밤처럼 오래 입히면땀띠나 허벅지부분이 조이게되아기도 불편하게되는데자주 자주 갈아주기 좋더라구요. 
그동안 비도 안와 덥기만할때는덥다로만 생각했는데요즘같이 장마철엔 덥기도하지만끈적끈적 특히 아기와 함께 붙어있다보니아기도 엄마도 힘든데부드러운기저귀 베피스 입히고는울 아가야는 좀 더 편해해졌겠죠?얼마전 영유아 검진했는데몸무게 .로나왔어요. 착용가능한 중형으로 선택했는데넘나 잘 한듯얇은 바디슈트 하나만 입혀놓거나기저귀만 채우고 낮엔 두기도하는데기저귀가 편한지 방긋 방긋 웃어주는울 꼬맹이랍니다뒤집기한지 얼마안되 기지않고바로 앉은 울 아가앉아서 노는 시간이 많은데베피스 소프트앤핏 기저귀 차고 싱글벙글 
부드러운시트가있어 편하기도하지만흡수력 또한 무시못해요쉬아하고나서 기저귀에티슈로 꾹 눌러봤는데 묻어남이 적고역류가 없어 밤기저귀로도 딱일세비싸고 산 유명 기저귀들왜 좋다고하는지..역류로 넘 안좋고 뭉침이 심했는데부드러운기저귀로 들인 베피스 소프트앤핏은뭉침도없고 역류도 없었어요. 함 써보실래요? 
 베피스팬티기저귀 후기하기스팬티기저귀와 군팬티 등 간략비교 개월 딸 
 베피스 무형광기저귀 이것만 써야지 
 .?베피스베피스.?무형광기저귀무형광기저귀 
빠질수 없는 육아용품 기저귀매일 아기피부에 직접 닿는거라기저귀 고를땐정말 꼼꼼하게 살펴보실텐데요.그동안 아기발진은 생기지않는지흡수력 비교하고고르고 골라 사용했는데무형광 기저귀에 대해선 전혀 모르고 있었답니다 
형광물질이 좋지않다는건알고있었는데아기 기저귀에도 있을줄이야 ㅠ영상을 보시면베피스 기저귀에 형광물질이없다는걸 알수 있는데요 
베피스 기저귀는법적 안전기준인 안감뿐아니라겉면
 밴드까지기저귀 모든소재에 형광증백제가들어있지 않아 안심하고 사용할수 있어요 
이렇게 램프로 비춰봐도파란불빛이 보이지않아요 
미녀한의사로 방송에 나와서여러 건강정보를 알려주시던박미경원장님도 추천하는베피스 기저귀 
형광물질이 없는 베피스의무한도전 
현재 홈페이지에서베피스 무한도전 캠페인 이벤트 중이에요영상을 공유하거나에 사진을 업로드한후주소 남기면추첨해서 선물이저처럼 잘 몰랐던 분들이 영상보시고아기기저귀 더 잘 고를실수 있음 좋겠네요ㅎㅎ 
초코는 이번에 새로 출시된소프트앤 핏 제품을 사용해봤어요키로지만 키로 아장아장 걷는 아기특대형으로 초이스 했답니다. 
처음엔 약간 길게 느껴져서크면 어쩌나 했는데신축성좋은 허리밴드와레그라인으로딱 좋은 핏 
어쩜 이리 얇은지두께감에 놀람요얇지만소프트 시크릿 홀 패드로흡수력은 배더 빠르게 
이중안심라인으로마구 움직여도샐염려도 적고 
무엇보다 형광 증백제가 피부에 닿게되면 알레르기성 피부염
 아토피 피부염이 생길수도 있다고 하는데그럴 걱정은 없어서 안심이에요 
위 포스팅은 제품과 소정의원고료를 받고 솔직하게 작성한 후기입니다. 
 썸머 기저귀추천베피스 바람아솔솔아 사용후기
썸머 기저귀추천 베피스 바람아솔솔아 사용후기 
여름이 되다보니 자연스레 썸머 기저귀를 찾게 되요 제가 개인적으로 베피스 써보고 참 좋다 생각했었는데요이번에 여름 썸머 기저귀로 바람아솔솔아가 나왔더라고요 그래서 덥기도 하고.. 자꾸 빨갛게 달아오르는 아이 엉덩이를 보면서... 안되겠다 싶어서 주문했지요 ㅎ 
아장아장 걷는 아기는라 우리 아기를 위해 특대형을 주문했어요 사실 저는 팬티기저귀가 참 편해요 애가 목욕하고 나오면 정말 너무 울거든요.. 물속에서 더 놀고 싶다고... 그럴때 후다닥 입힐 수 있으니까요.
앞 뒤쪽 모양이예요 귀여운 느낌이고 테잎도 뒤에 있답니다.
중 샘방지를 통해 아이의 소변과 응가를 안전하게 지켜주지요 ㅎ가끔 난감할때가 생기지만 ㅋㅋㅋ 깔고 앉을때 ㅋㅋㅋㅋㅋㅋ 
넉넉한 사이즈라 그런지 아이한테 잘 맞아요 활동도 편해서 얼마나 돌아다니는 지..
기저귀 고를 때 어떤걸 중요하게 생각하시나요?? 
밴드랑 팬티 둘다 사용해 보니 뭐니해도 옆쪽에 옆밴드 통기성을 중요하게 생각하는데요 베피스 바람아솔솔아는 딱 봐도 시원해보여요
금방 자다 깬 아이라 비몽사몽 오랜만에 실컷 잠을 자고 일어나 기분이 좋으네요
귀여운 엉덩이 엄마 미소 짓게 하는 순간
실컷 돌아다니다 보니까.. 아이가 벌써 소변을 꽤 봤더라고요
그리고 조금 시간이 흘렀어요
이렇게 휴지를 이용해 혹시나 하고 꾹 눌러 보니..하나도 묻어나지 않네요 흡수가 잘 되었다는 뜻이겠죠?? 
보송한 엉덩이를 위해 더운 여름아이들이 매일 차야하는데 얼마나 더울까요??썸머 기저귀추천 베피스 바람아솔솔아 올 여름 시원하게 보내보자
 부드러운 기저귀 베피스 기저귀맘스다이어리 부제영역은 지식백과에서만 사용되지만 포스트 엔드에 마크업은 잔존하게 됩니다 기본적으로요소는 입니다 
부드럽고 안전한 기저귀베피스 기저귀 
 라꿍이의 기저귀에요 이제 백일이 넘은 라꿍이는정도가 되었답니다. 그래서 소형 기저귀에서 중형 기저귀로 넘어갔지요 ㅎㅎ 이번에 좋은 기회에 사용하게 된 기저귀에요 베피스기저귀랍니다. 
 베피스 중형 기저귀는 백일 무렵 의 아기가 사용한답니다.저희 라꿍이는 이지만 허벅지가 많이 두껍지 않아서 그런지 꽤 크다고 느껴지는 크기였답니다.
 베피스 기저귀는 정말 허리벨트가 길더라구요. 그 점이 정말 좋았어요.
 베피스 기저귀는 소형부터 중형
특대형에 점보 크기도 있어요
 베피스 기저귀 장점 . 소프트 시크릿 홀 덕분에 부드러워요. .입체 슬림핏으로 가볍고 편안하지요. . 소변 알림 마크로 기저귀를 제때에 갈아줄 수 있어요. . 안심 이중 샘 방지 시스템으로 세는 것을 막아주어요. . 와이드 허리밴드 덕분에 허리가 편안해요.
 베피스 기저귀는 얇고 가볍더라구요 
 넉넉한 크기라서 오래도록 쓸 것 같아요. 
 부드러운 감촉 
 구멍이 송송 있어서 엉덩이를 보송보송 
 요 찍찍이 모양도 저는 신경쓰는데요 이게 끝이 각져서 안 좋은 기저귀도 가끔 있거든요 근데 베피스 기저귀는 둥글둥글 좋답니다. 
 넉넉한 허리벨트
 베피스 기저귀를 해보았어요. 오동통한 허벅지 ㅋㅋ 
 다리를 뻥뻥 차도 편안하게 ㅎㅎ 샘 방지도 잘 되어 있지요 
 저는 이 허리밴드가 최고로 마음에 드네요 
 노란색의 소변 알림 마크도 눈에 잘 띄어요 
 이제 베피스기저귀하고 뒹굴뒹굴 놀 시간 
잠시 후 소변 알림 마크가 초록색이 되었지요. 소변을 누었어요
 최대한 지저분해 보이지 않게 사진을 찍었어요. 보송보송한 느낌 
 다 쓴 기저귀는 작게 잘 말리지요 버릴 때를 생각해서 작게 말리는 기저귀가 좋더라구요 ㅎㅎ 소셜을 찾아보니 가격도 저렴하더라구요 저는 한 기저귀만 고집하는 스타일이 아니어서 베피스 기저귀도 종종 구매할 것 같아요저희 라꿍이 베피스 기저귀와 함께 자라겠네요... ... 
이 포스팅은 맘스다이어리에서 별별체험단에 당첨되어 베피스 기저귀를 무료로 받아 작성한 후기입니다. 
 베피스기저귀 예비맘이벤트 당첨선물 받았어요 
 부드러운기저귀 베피스 소프트핏 특대형 
어린이집에선 늘 밴드기저귀를 보내달라셔서팬티기저귀 말고도 어느정도 준비를 해두는 편이에요이번 달엔 다 떨어진 줄 모르고 급히쿠 에서 로켓배송되는 제품으로 알아보다 부드러운기저귀 베피스 밴드형 특대사이즈 써보게 되었어요 
베피스기저귀는 후기가 많이 없는 것 같은데실제로 써보니 가격대비 진짜 괜찮은 것 같아요 한 팩에 개씩 들어있고 남아용여아용 구분되어 나오더라고요 
가격은 쿠 할인 받으니 팩에 만원대 초반 정도였어요가성비 괜찮은 편이죠?실제로 흡수력도 좋고 발진도 없으면 좋을텐데 하고일주일 정도 써보고 원에도 보내게 되었어요 
도착하자마자 또 이리저리 나르고 있어요 ㅎㅎㅎ이번엔 강아지랑 친구가 있는 그림이네? 하면서자기가 쓸 기저귀를 정리? 하는 중입니다 
밴드 부분 궁금해 하실까봐 ㅎㅎ이런 식으로 생겼고요배통통 아이도 잘 맞네요
또한 두께도 굉장히 얇게 잘 나와서여름기저귀로도 활용하기 딱 좋아요
앞 부분은 셔링이 잡혀있지 않은데허리 뒷 부분은 밴드 셔링이 제대로 잡혀 있어서쭉쭉 늘어나서 활동하기에 편하겠더라고요물론 제가 밴드를 채울 때도 쉽고요 
옆 라인은 요로케 ㅎㅎㅎㅎ진짜 부들부들 만져보면 왜 부드러운기저귀라 불리는지 아실거예요절개선도 너무 딱 떨어지게 재단한게 아니라엉덩이
허벅지에 자국이 남지 않도록 해두었더라고요 
또 하나의 쇼킹? 했던 점은앞
뒤가 한글로 쓰여있어서 ㅋㅋㅋㅋㅋㅋㅋㅋㅋㅋ은근 좋았습니다 ㅋㅋㅋㅋㅋㅋㅋㅋㅋㅋㅋㅋㅋㅋ뭔가 더 눈에 잘 띈다고 해야 할까요 ㅋㅋㅋㅋ 
어때요
앞뒤 구분이 명확하죠?ㅎㅎㅎ사실 그동안 수십장의 기저귀를 써봤지만한글로 앞
뒤 적인 건 처음 봤어요 ㅎㅎㅎㅎㅎㅎㅎㅎㅎ대부분의제품은 이라고 써져 있었는데왜 때문인지 갑자기 의구심을 갖게 한 부분이 아닐 수 없습니다 ㅋ 
흡수력은 물론
소변줄 표시로 교체시기도 알기 쉽고무엇보다도 일주일 써본 결과 발.진.이.없.었.어.요여름기저귀는 사실 좀 예민한 부분이라발진나면 바로 못쓰겠다 싶었는데역시 가성비 괜찮은 밴드기저귀 답습니다
밴드기저귀 한 동안 쓰기 너무 힘들어서 잘 못 썼는데요새는 배변 훈련한다고 거의 벗겨 놓거나 바지만 입혀둘 때가 많은데밤잠 들고 나면 누워 있는 상태에서 제가 이렇게 채우기에팬티기저귀 보다 훨씬 편하더라고요 
옆라인 짱짱하게 샘 방지 기능도 되어있고여러모로 구입해보니 마음에 드는 기저귀였답니다
 베피스 소프트드라이 기저귀 중형 비교 및 사용후기 
 아들이 기저귀 발진이 생겨서 이것저것 찾아보다가 베피스도 좋다길래 구입해봤어요. 소프트 타입과 트라이 타입 두 가지가 였는데 어떤게 좋을지 몰라 두개 다 구입해서 사용해봤어요. 구입해서 사용한지는 몇 달됐는데 이제서야 후기 올려봅니다.
 기저귀 발진나면 기저귀도 중요하지만 자구 갈아주는게 좋다길래 넉넉하게 주문기저귀값이 장난이 아니네요ㅜ 
 둘 다 중형으로 주문했는데 
드라이는 개
소프트는 개 들어있네요. 두가지의 큰 차이점이라면 
드라이는 좀 더 흡수가 빠르게 소프트는 좀 더 부드럽고 통기성이 좋게 나왔다는 거에요. 기저귀 발진에선 흡수가 빠른것도 중요하고 통기성도 중요해서 어떤 걸 선택해야될지 모르겠더라구요. 그래서 둘다 구입하게 됐네요.ㅎㅎ 
 베피스의 몸무게별 사이즈표에요. 
 사용해보니 드라이와 소프트 둘다 흡수되는 속도가큰차이는 없어보이는 것 같았어요. 그래서 소프트가 두개 덜 들어있나봐요. 기능이 더 많아서..
 뜯는 선은 손잡이쪽에.. 쉽게 잘 뜯어지더라구요.
 왼쪽이 드라이
오른쪽이 소프트에요.요즘은 냄새로도 어느정도 구분되지만 소변줄 알림마크는 없어서는 안될 기능 중 하나인듯해요.ㅋㅋㅋ
 안쪽 패드는 겉보기엔 큰차이가 없어보여요.만져보면 차이가 나는데
드라이가 좀더 빠빳하고 소프트가 부드러워요. 근데 기본적으로타사의 기저귀에 비해 빠빳한편인 것 같아요. 
 일 때 착용 모습 이에요 .기저귀 발진생기고 부터는 일부러 통기성 좋게 하려고 꽉 조여매지 않기도 하지만
뒤에 허리밴드가 엄청 쫀쫀 하더라구요.그래서 왠지 당겨 붙이면 답답할 것같아서 끝에 붙였더니 요 상태. 이렇게 끝에 겨우 붙여놔도 뒤로 옆으로
오줌이 센적은 한번도 없었어요. 
 조금 더러워 보일수 도 있지만 오줌 싸고나서의 모습이에요.ㅋㅋㅋ 만져보니 뽀송뽀송했어요.
 오줌누면 노란색이 초록색으로
 돌돌돌 마르면 요정도 되구요.사용해보니 기저귀 발진은 확실히 없어졌어요. 이 당시엔 자주 갈아줘서 없어진 것도 있지 않을까 했는데 다른 브랜드꺼 써보니 자주 간다고 기저귀 발진이 없어지는 건 아닌것 같더라구요.오줌이 세는 것도 없고 좋긴 했는데 빳빳한감과 쫀쫀한 밴드가 제 취향은 아니어서 지금은 다른걸 쓰고 있어요.이상입니다. 읽어주셔서 감사합니다.
 베피스 바람아 솔솔아 여름기저귀로 딱이에요 
애정이웃인 술리야가 기저귀 나눔이벤트를 한다기에 신청했었죠그리곤 그 명안에 들어서 당첨아..이런거 처음이라 조곰 ㅋㅋㅋㅋ어색하지만 열심히 써봅니다 히히당첨 후 몇일 뒤 도착한 기저귀 한팩
여름기저귀라 그런걸까요?배경까지 쉬원한 느낌이에요 반갑다 베피스 바람아 솔솔아 팬티기저귀야우리 민재 엉덩이를 부탁해
손잡이도 깔끔하게 잘 되어있어요 
바람아 솔솔아 팬티기저귀는 대형
특대형 두가지구요대형은특대형은 남녀공용입니다민재는 . 남자아이에요그래서 대형사이즈 선택 대형은 한팩에 개 
옆면에 기저귀 뜯는 점선이 앞 뒤로 있어요점선을 좌라락 뜯어주면기저귀가 까꿍잘 안보이니 자세히 보시면 점선이 있어요 
베피스 기저귀의 특징 
 마이크로 
 숨쉬는 허리밴드 
 편리한 소변 알림마크 
 바람이 솔솔시트 
 안심 이중 샘방지 시스템흡수력과 통기성이 우수하다니 여름기저귀로는 딱인거 같지요 ? 
기저귀를 꺼내는 순간 너무 부들부들해서 놀랬어요색깔은 두가지로 옅은 민트색과 옅은 보라색 그려져있는 그림들도 너무 귀여워요전 주로 하의실종 패션이라 기저귀가 이쁜것도 좋더라구요이건 입혀놓아도 은은한 색상 덕분에 이쁠꺼 같아요 
편리한 소변알림마크가 노란색으로 세줄이였다가쉬아를 하게 되면 초록색으로 변해요
뒤처리를 깔끔하게 해주는 테이프가 있어요기저귀를 돌돌 말아 테이프를 쫘악 붙여주면뒤처리 끝 
 마이크로 
 층 구조로 설계된 얇은 패드가 아이의 소변을 빠르게 흡수하고 
 세지않아 아기 엉덩이를 언제나 보송보송 
 한번 테스트 해보겠습니다 
 저는 더치커피 연하게 탄걸로 해보았어요 
커피를 기저귀에 부었습니다붓는순간부터 흡수를 하더니 종이컵 반컵 이상의 더치커피를 빠르게 흡수하더라구요 
더치커피 반컵을 머금은 기저귀에티슈 한장을 가져다 꾹 눌러봤는데하나도 묻어나지 않았어요 
 정말
 흡수력 
 이 끝내줬어요 
 흡수한 기저귀 단면을 살펴보니 
 흡수체가 더치커피를 가득 머금고 있는게 보이죠? 
 이렇게 빨리 흡수하니 
 우리 아이 엉덩이가 보송보송 하겠죠 
 우리 아이는 늘 배가 남산만하게 나와있기에 
 배가 쫌 찡길 줄 알았는데 
 왠걸요
 허리밴드가 너무 부드럽게 늘어나서 
 딱맞게 입혀져서 놀랬어요 
기저귀를 입히고 허리밴드를 잡아 당겨보았는데스윽 잡아당겨지는 것이너무 편해보이더라구요몸에 딱 맞게 입혀지지만 부드럽게 감싸주니 허리에 땀찰 일도 없겠어요 
이중 샘방지로 쉬아를 해도 옆으로 새지 않게 되어있어요저녁에 잘때 입혀도 아침에 보송보송하게새지도 않아서 수면용으로도 딱 이였어요 
 한창 움직임이 많은 개월 우리아이가
 입고 뒤척여도 부드럽게 늘어나서
 편하게 잘 입고 있어요 
 쉬아를 많이 하고 기저귀를 갈아도
 엉덩이가 보송보송하니까 자꾸 손으로 만지게 되더라구요 
 통기성이 뛰어나서 그런거 같애요 
 땀 많이 흘리는 여름엔 딱인 기저귀에요 
 베피스 바람아솔솔아 기저귀와 함께 쓰면 좋은 
 베피스 물티슈
물티슈의 초록색깔이 마음까지 푸근해지는거 같애요 베피스 오리지날 물티슈 
우리 아기를 위한 단계 안심 프로젝트단계 정수과정으로안심걱정되는 성분안심피부자극안심옆면에 제조날짜와 사용할수 있는 기간까지표시되어 있어서 안심하고 쓸 수 있어요 
캡 안쪽에는 스티커로 봉해있구요스티커를 떼고 물티슈를 사용할 수 있어요 
물티슈는 한장씩 잘 뽑혀서 급하게 쓸 때 유용해요너무 얇지도 않고 부들부들 촉촉해서 우리 아기에게 사용해도 문제 없더라구요 
 여름기저귀 찾고 계신다면
 베피스 바람아 솔솔아 기저귀 어떠세요 
 ? 
 본 포스팅은 해당업체로부터 제품만을 제공받아 작성한 객관적인 후기입니다 
 베피스 베피스 기저귀모션 핏 팬티 기저귀 
안녕하세요. 베피스 서포터즈 베피스맘기 신토리입니다.오늘은 현재 쓰고 있는 베피스 기저귀에 대한 내용을 쓰려고 해요.저희 아가는 신생아 시절인 드라마 산부인과와 산후조리원에서 하기스 네이처메이드 기저귀를 썼었구요.저 또한 당연히 기저귀라면 하기스라고 생각했었어요.임신 중에 산모교실을 다녀봐도 하기스 기저귀 홍보를 엄청 하고 무료로 체험팩을 많이 줬던 기억도 새록새록 그래서 산후조리원에 있는 동안 산모교실 다니며 받았던 할인쿠폰 적용해가며 하기스 네이처메이드 기저귀를 몇 팩이나 사들였는지 몰라요.그 다음 썼던 것이 생건 자운보 지금은 쌍용베피스 기저귀로 갈아탔답니다.하기스가 시장점유율 위라는데..마케팅 효과가 꽤 큰 것 같아요. 산모교실에서도 기저귀 브랜드로는 단연 하기스가 눈에 많이 들어왔었고업체는 하기스만 왔던 것 같은 느낌적인 느낌
산후조리원에서도 주로 하기스에서 지원을 많이 해주는 것 같더라구요. 암튼 저희 아가와는 조금 안 맞아서 계속 다른 기저귀 브랜드를 찾고 있었어요.그렇게 하다 알게 된 베피스 모션 핏 팬티 기저귀모션 핏 팬티 기저귀 팩 겉면이에요. 
베피스 기저귀 모든 제품에는 
제조일자가 표기되어 있어서 한 번에 확인이 가능해요. 요건 ..에 제조되었네요. 
베피스 모션 핏 팬티 기저귀 디자인은 총 가지에요.
코듀로이와 
데님 스타일베피스 모션 핏 팬티기저귀만 입혀도 마치 바지를 입은 듯이 보기 이쁘게 디자인해놨더라구요. 요새 거의 대부분의 기저귀들이 디자인까지 신경써서 만들고 있는 것 같아요. 하지만 저는 모션 핏 팬티 기저귀 디자인보다는 베피스 엑스트라 소프트 팬티 기저귀 라인의 디자인을 더 좋아해...요 ...☞☜개취..ㅎㅎㅎ 
그리고 베피스 기저귀하면 빼놓을 수 없는 부분인 
허리밴드와 허벅지 밴드 부분베피스 기저귀를 만져보시면 아시겠지만 
굉장히 부드러워요이 부드러움이 아가야 배와 허리
허벅지까지 편하게 해줄 것 같았어요.확실히 써보니 배부위나 허벅지 부위 자국이 거의 없었어요.처음에 너무 부드럽고 쫀쫀한?그런 느낌이 없어서 혹여나 새지는 않을까 걱정도 됐는데요
다행히 저희 아가는 베피스 기저귀를 사용하면서 새본 적은 단 한번도 없었어요. 이것도 아가마다 다른 것 같아서참고만 하세요 
베피스 기저귀 또한 
이중 샘 방지 시스템으로 소변이 옆으로 새는 것을 막아주는 역할을 톡톡히 하는 것 같아요.안쪽 샘방지 부분이 비교했던 기저귀 샘방지 촉감보다 더 부드러웠던 점도 맘에 들었어요. 길이도 좀 더 긴 편이였구요 
또 하나
 베피스 기저귀만의 독특한 내부 패드 표면 
다이아 형태의 패드로 되어 있는데
이 부분도 소변 또는 대변을 흡수시킨 패드와 아가야 피부와 덜 접촉하게끔 하기 위하여? 이렇게 만들어진거라고 해요. 그러고보니..다른 기저귀들과는 패드가 다르네요 
그래서 한 번 궁금해서 팸퍼스 베이비드라이 제품과 비교해봤습니다.두 개의 제품 모두 키로대 아가야가 쓸 수 있는 단계였다는 점과 단순히 그냥 제가 테스트 해봤을..뿐.....☞☜이랍니다.베피스 기저귀와 팸퍼스 기저귀의 앞쪽과 뒤쪽 
저는 두유로 테스트를 해봤어요.패드의 길이도 제가 시작점부터 끝나는 부분까지형광펜으로 표시해뒀는데
확실히 베피스 모션 핏 팬티 기저귀의 패드 길이가 좀 더 기네요 
똑같이 부었고
똑같이 앞쪽 패드 부위에 중점적으로 부었습니다. 
아래 사진은 두유를 부은 후 바로 찍은 사진인데요
두유를 부은 후에 흡수력 보이시나요?저는 사실 베피스 모션 핏 팬티 기저귀 사용하면서 제일 처음으로 놀랐던 부분이 흡수력이였거든요 첫 날 사용하고 그걸 느꼈던 이유 중 하나가...아가야가 응아를 했는데 그 부분까지 거의 흡수 시키고 잔여물과 색만 남아있었다는....그런 좀 디러운 얘기를...정말 많이 놀라워서 흡수력 짱짱이라고 남편한테 호들갑까지 떨었네요 
좀 더 밀착시켜 찍어보았어요. 보이시나요?좌팸퍼스 베이비드라이우베피스 모션 핏 팬티 기저귀 
그리고 얼마나 되묻어 나오는지 테스트 해보기 위해 티슈로 한 번 확인해봤어요.똑같이 아무것도 안 묻어 있는 티슈를 반으로 접고 또 반으로 접어서 준비
일단은 그냥 올려놓아보기도 했고
 손으로 꾸욱 눌러보기도 했는데요
베피스가 덜 묻어나오길래...제가 오히려 오른손을 좀 더 힘 주기도 했고..앞 쪽 부위보다 뒤쪽 부위가 더 많이 되묻어 나오려나?하면서 뒤쪽 소변패드까지 티슈로 눌러봤는데
확실히 베피스 모션 핏 팬티 기저귀가 되묻어나오는 양이 적더라구요.이런 걸...하고 있는 나도 신기함 ㅎㅎㅎ
그리고 제가 볼 수 있는 기저귀 표면도 베피스 데님은 색상 때문인지 두유 색이 거의 안 보이는 것도 확인이 가능해요.뭉침은 비슷비슷했어요. 딱히 어떤게 더 뭉침이 적다..이런 건 손으로 만져봤을 때 잘 모르겠었어요. 
두유를 머금은 기저귀들의 무게는 어떻게 될 것인가?ㅎㅎ차이가 많을까 싶어 재봤는데
그람정도? 차이가 나긴 나더라구요. 딱 손으로 들어봤을 때는 몰랐는데...꽤 나네요 ㅎㅎ 
이렇게 간단하게 그냥 한 번? 베피스 기저귀가 어떤가싶어 비교해봤습니다
마지막으로 아가야 코듀로이 베피스 모션 핏 팬티 기저귀 착용한 뒤태입니다 
예전에 찍어두었던 활동적으로 움직이는 아가야 뒤태...입니다. ㅎㅎ 
저희 아가의 경우는 한 달에 팩을 구입해놓고 사용해왔었는데요
 베피스 모션핏 기저귀도 한 달에 팩 구매할 경우 
기저귀 매당 원 정도 했어요. 이 정도 가격에 이 정도 퀄리티면 넘넘 만족스럽다는
베피스 기저귀의 전 제품 라인 업오늘 제가 소개해드렸던 제품은 베피스 팬티형 기저귀 중 
모션 핏 남녀공용 대형 사이즈였습니다. 
 본 포스트는 업체로부터 제품을 무상으로 제공받아 작성한 솔직하고 주관적인 후기입니다. 
세일제품 
기저귀 베피스 엑스트라 소프트 팬티형 기저귀 여아용 대형 단계 
 쿠팡 할인 
베피스 엑스트라 소프트 팬티형 기저귀 여아용 대형 단계 
세일제품 기저귀 
 ▼ 
현재 상품정보는 쿠팡 물품으로 일시 품절이 될 수 있습니다. 
⭐⭐⭐⭐⭐개월쯤에 사용했을땐착용감이 별로라 잊고있다최근에 개월인 아이에게쓸려고 다시 주문했어요예전보다 촉감이 많이부드러워진듯한 느낌이구요허리밴드의 신축성은 적당한것같아요소변 흡수가 잘되어 자면서도새지않고 활동성도 좋은것같아요무엇보다 펌퍼스나 다른기저귀들처럼 흡수제가묻어나지않아서 좋아요아무리안전하다해도 흡수제가나오거나 보풀이 묻어나면신경이 쓰인는데 이건묻어나는건 없어요 단점은기저귀 교체시 옆선이잘찢어지지않아 불편할때가간혹있어요 저희아이가키로인데 싸이즈가딱맞는 느낌이라배꼽에딱맞아 활동후엔 배밑에걸쳐지는느낌 담번엔 로.... . 
 더보기 
🌟🌟🌟🌟🌟첫째때 신상품으로 나와서할인할때 기저귀뗀다고 막쓰려고써본적이있었는데 그때 가격에비해괜찮다 생각했었거든요 그래서둘째 기저귀로 주문해봤답니다흡수력은 상 이에요 가격대비너무괜찮아요 이것저것기저귀많이써봤는데 바로앞전에팸퍼스쓰거든요 근데도 뒤지지않는흡수력이랄까 페넬로페베이비슈주로쓰는데 그것들만큼 괜찮아요그리고 옆에 뜯는 라인도안쪽은 부드럽게처리되서껄끄럽지않다는게 두번째장점근데 가끔 고무줄은튀어요그건 페넬로페라인도 똑같거든요옆에가 견고하게 붙어있는기저귀들은 고무줄튀는경우가많아서그리고 착용했을때 핏으로따지자면 일반 마미포코스러워요옆으로넓고 앞뒤는 길지않아요길지않아도 짧지도않고요그냥 앞뒤긴거쓰시던분들은어조금 짧아보이네 느낌새어나오거나그런건 전혀없어요저희딸은 그냥보통체군데도조금큰감이있어요 넉넉하다고해야되나페넬로페이랑비슷한것같은데조금더넉넉해요 그래서 헐렁한느낌인데크다고는하기어려운 마른애기들 쓰는친구들은 조금클수도있을것같아요그래도새는거없이 흡수잘하고괜찮아요 저는 앞으로도써볼의향 있어요 반신반의하면서샀는데 너무만족스러워서.... . 
 더보기 
 . 
 .제품 리얼후기 더보기 ∇ 
상품정보 
 . 
 .제품정보 더보기 ∇ 
 .?소프트소프트.?일회용기저귀일회용기저귀.?유아동유아동 .?개개.?물티슈물티슈 
 .?여아용여아용.?기저귀기저귀 
 .?엑스트라엑스트라.? 
 .?.?팬티형팬티형 
 .?출산출산.?단계단계 
 .?.?베피스베피스 
이 글은 제휴 파트너 광고로 일정 커미션 지급을 받을 수 있습니다. 
기저귀할인제품 베피스 엑스트라 소프트 팬티형 기저귀 남아용 특대형
매입 
베피스 엑스트라 소프트 팬티형 기저귀 남아용 특대형
매입 
 세일중 
할인제품 기저귀 
 ▼ 
확인된 제품 정보는 쿠팡 품목으로 일시 품절이 될 수 있습니다. 
★★★★★큰애때 마코 제품을 너무 잘써서 계속쓰다 다른것 써보자하고사용시작했는데와우 괭장히 보들보들해요.... . 
 더보기 
★★★★★개월남아 잘맞아요 팬티는 잘 세서 킨밴드만 사용하다가 기저귀 뗄.... . 
 더보기 
★★★★★완벽한라인인대 허리자국 안남아좋아여 단점이 있다면애가 입고뭉게고 놀다보면.... . 
 더보기 
 . 
 .제품 리얼후기 더보기 ∇ 
상품정보 
 . 
 .제품정보 더보기 ∇ 
 .?일회용기저귀일회용기저귀.?베피스베피스.? 
 .?팬티형팬티형.?유아동유아동 
 .?물티슈물티슈.? 
 .?남아용남아용.? 
 .?특대형특대형.?출산출산 
 .?소프트소프트.?기저귀기저귀 .?.?매입매입 
해당 글은 제휴 파트너 광고로 일정 커미션 지급을 받을 수 있습니다. 
 베피스 기저귀 사용후기 
베피스 기저귀는 들어본적이 없어서 ㅎㅎ 산모교실을 통해 알게되었는데요 우연히 개나있는데 포장이 다 다르네요
전부 올해껀데 오버액션토끼가 가장최근이에요
소프트앤핏이나 오버액션토끼는 종류에 안보이네요
거의 비슷해요. 사이즈도 같고..베피스의 특징은 뒷면 허리밴딩이 엄청 쫀쫀하게 되어있음.제일 오른쪽게 엑스트라 드라이에요. 그나마 이게 기저귀 표면 느낌이 좀더 부드러움.
위에가 소프트앤핏 가운데가 액션토끼 맨아래가 엑스트라드라이두께차이 별로없음 사용후기 마미포코 군 기저귀와 비교
베피스는 다른기저귀들에 비해 밴드부분이 뻣뻣해요. 그래서 약간 싼티나요...그전에 쓰던것들은 친환경 네띠기저귀빼곤 이건 약간 종이느낌 거의 부드러운데 다른거 쓰다가 쓰면 느낄수있을정도. 흡수력은 나쁘지않음 발진도 없어요. 쓰는데 문제는 없으나 기왕이면 부드러운거 쓰고싶네요. 엄마마음두께감마미포코 뽀송허그 베피스군 군이 제일 도톰하네요 
크기마미포코베피스 군마미포코는 키로까지인데 베피스도 키로인데..베피스로는 키로 못갈듯... ㅋ 현재 키로인데 딱맞아요. 
허리밴딩베피스강 마미포코 약 군밴딩없음 개인적으론 밴딩없는게 좋아요 ㅎㅎ촉감군 마미포코베피스 군이 부드러워요ㅡ 내부촉감마미포코 군 베피스 아기가 닿는면은 마미포코가 더 부드러움그냥 쓰고싶어서 쓰는 산모교실에서 경품으로 받은 베피스 기저귀 가지 사용후기입니다.?베피스베피스.?기저귀비교기저귀비교.?마미포코마미포코.?군기저귀군기저귀.?베피스기저귀베피스기저귀.?기저귀비교기저귀비교.?기저귀후기기저귀후기 
 차원이 다른 부드러움으로 편안함을 입다
베피스 엑스트라 소프트 팬티 기저귀 
 베피스 기저귀의 팬티 기저귀 라인의사이즈 표도 자세하게 나와 있어요
아기에게 해로운 성분은 넣지 않았으며모든 제품에 전성분과 제조일자가 표기가 되어 있으니안심하고 사용하세요 
 기저귀를 꺼내 보았어요꺅 디자인이 너무나 예뻐 
 아기의 체형과 움직임을 고려하여 설계된총 
줄의 허리 밴드가 몸을 따라유연하게 움직여 더욱 편안한 착용감을 제공해요 
....... .......? 본문 이미지
제가 양손으로 기저귀를 당겨봤는데진짜 편안하게 쭉쭉 잘 늘어나더라구요 우리 아이 몸에 닿는다면조이지 않고 활동하기 편할거 같다는 생각이 기존 열처리 접착 방식이 아닌 비 가열식 최신 접착 기술을 적용하여밴드에서도 차별화된 부드러움이 느껴져요
......... ..?....... 본문 이미지
소변이 옆으로 새는 것을 막아 주어움직임이 많아도 샘 걱정 없이 안심하고 사용해요
......... ..?....... 본문 이미지
기저귀를 뒤집어 보았어요피부와 닿는 접촉면의 부드러운 감촉을 통해우리 아기 피부를 포근하게 감싸줄 수 있어요 
......... ..?....... 본문 이미지
두께는 아주 두껍지도 않고얇지도 않아요계절 사용해도 무방할거 같지만개인적으로는 여름보단 봄
 가을
 겨울에 사용하면 좋을거 같아요
 기저귀를 착용해 보았어요 
....... .......? 본문 이미지
...?... ........... ..?......... 본문 이미지 
......... ..?....... 본문 이미지
개당 기저귀 그램수는 
베피스 엑스트라 팬티 기저귀는낮
밤 할것없이 사용해 보았는데낮기저귀로도 밤기저귀로도 손색없이샘 없이 잘 사용하고 있어요 밤동안 한가득 소변을 본 기저귀예요 ...?... ........... ..?......... 본문 이미지 
......... ..?....... 본문 이미지......... ..?....... 본문 이미지......... ..?....... 본문 이미지......... ..?....... 본문 이미지
기저귀 처리 방법은 
기저귀 옆면을 손으로 뜯어 주세요.크게 힘들이지 않아도 잘 뜯기더라구요 
사용한 기저귀를 돌돌돌 말아기저귀 뒷부분에 있는 테이프를 쭉 댕겨서감싸듯이 붙여주면 끝
 우리 둘째가 태어나처음 입어보게된 팬티 기저귀 아무거나 입힐 수 있나요?고르고 골라 베피스 엑스트라 소프트 팬티로 결정했어요
 베피스 기저귀는 전제품 무형광 기저귀로안심하고 우리 아이들에게 입힐 수 있어요
앞으로도 쭉 입힐거랍니다 
해당업체에서 무상으로 제공받아 작성한 후기 입니다 
 《일등맘카페 무료임신축하선물 베피스기저귀 수령후기 
안녕하시렵니까오늘의 수령후기는 산모교실로 유명한 일등맘카페에서 주는 무료임신축하선물 베피스기저귀에요 
저는 월 신규가입자였는데 수령한지 한 달만에야 드디어 후기를 올리네요ㅎㅎ월 한 달간 정신없이 준비하고 정리하고 하다보니 이제서야 생각나서 늦은 후기 올리게 됐어요일등맘에서는 매 월 신규가입자를 대상으로 베피스와 함께 제휴하여 무료임신축하선물을 명에게 베피스 소형 기저귀 한 팩을 쏩니다 
당첨확인은 월 일에 했고 따로 당첨자에게는 문자로 연락이 오는데 보자마자씽긋 웃게됩니다ㅋㅋㅋ흐뭇하게 언제오려나 기다리면 금방와요일부터 순차배송하고 저는 일에 받았어요 
.......
.......?.
.......
.......? .......? .
.......
.......? .......? .
베피스 소프트핏 제품은 기존 제품에 비해더 가볍고 슬림해졌으며 아기체형맞춤 입체 설계로 움직임이 편하게 더 업그레이드 한 제품이라 하네요우리 아가 엉덩이 책임져줄 기저귀로 당첨당첨기저귀마다 아기들에게 맞는게 있다던데 여러 브랜드 중에 베피스 하나 떡하니 자리잡고 있답니다일등맘 카페는 인기가 많아서 달마다 가입자수가 어마어마한데 그 중에 뽑혔다는게 대단하지요별개로 베피스 예비맘기프트박스도 신청했었는데 당첨돼서 곧 올 예정이에요꺄웅신이 납니다 신이나♬ 
일등맘카페와 베피스 기프트박스는 계속 진행중이니 관심있으신 분들 링크따라가보세요 
 기저귀 추천 베피스 사용후기 
내돈주고 구매한 베피스 기저귀 사용후기에용우리 딸 기저귀 발진도 없고 이것저것 써도 문제없어서 좀 저가에 합리적인 가성비갑 기저귀를 찾기 위해 여러 기저귀를 사용해보고 있어요일단 베피스는 가격이 저렴해서 한번 구매해 봤어요이고 용이에요. 
아빠들
어른들 헷갈리지 말라고 앞
 뒤라고 크게 써놨네요 ㅎㅎ 
넓찍하고 길이도 길어요 
밴드도 길어요 ㅎㅎ엉덩이 자국 날까봐 걱정했는데 심하지는 않아요.저옆에 찍찍이는 다소 까끌까끌해서 아기 살 닿으면 아플거깉아요ㅠ 
중으로 막아줘용 
내부는 구멍이 촘촘해요. 음 흡수가 잘되는것같지는 않네요...그리고 엉덩이가 뽀송뽀송하지 않아요.장점과 단점 리뷰할게요장점은 저렴하다. 큼지막해서 샐걱정 안해도 된다.단점은 딱히 강점이 없다. 그래서 저렴하니까 자주자주 갈아주는 분한테 좋을거 같아요 발진 고민하시는 분한테는 비추합니다.이상 베페스 기저귀 리뷰였어요 
 베피스 젠틀온 기저귀 체험단 명 모집쾌적흡수더마테스트 인증 기저귀 
쾌적흡수더마테스트 인증베피스 젠틀온 기저귀 체험단 명 모집 
● 이벤트 안내 응모기간월 일월 일 당첨자 발표월 일 당첨상품베피스 신제품 젠틀온 기저귀당첨인원명 
 체험제품 자세히보기.
● 덧글 신청방법 안내. 이벤트 게시글을 본인 블로그와 로 스크랩 한 . 베피스 젠틀온 기저귀가 필요한 이유. 아기 성별개월 수기저귀 사용 단계 사이즈대형특대형점보 
● 후기작성 미션 안내 맘스홀릭베이비 카페 
건 블로그 
 후기 작성기간 목 까지 
 후기 작성 시
아래 공정위 지시 문구는 꼭 눈에 잘보이게 강조해서 삽입해주세요. 예시 업체명 로부터 제품을 무상으로 지원받아 작성된 후기입니다. 쾌적흡수로 아기 피부가 보송보송한 기저귀 내용 필수 독일 더마테스트 최고등급 인증 받은 부드러운 쾌적한 팬티기저귀라는 내용 필수 기저귀를 입은 아이의 모습 필수 필수 태그 .?베피스베피스.?젠틀온젠틀온.?베피스젠틀온베피스젠틀온.?쾌적흡수쾌적흡수.?기저귀추천기저귀추천.?팬티기저귀팬티기저귀 그 외
기저귀 관련 태그 
● 우수후기 당첨 안내 우수후기 당첨 상품오닉피노유기농 순면커버 생리대 종 명 우수후기 당첨자 발표수 
 베피스 드라이핏 팬티형 기저귀 남녀공용 특대형매손소독 물티슈 팩 
베피스 드라이핏 팬티형 기저귀 남녀공용 특대형매손소독 물티슈 팩 
 원 
가격변동이 있을 수 있으므로 아래 쿠팡 방문으로 확인하시기 바랍니다. 
 .쿠팡 방문하기
 . 
 상품정보 더보기 ∇ 
■ 실사용자 후기 
 . 
 리뷰정보 더보기 ∇ 
 이 포스팅은 쿠팡 파트너스 활동의 일환으로
이에 따른 일정액의 수수료를 제공받고 있습니다. 
 베피스 기저귀 당첨후기 
무료임신축하 선물로
베피스 홈페이지 이벤트에서 예비맘 모여라 신청했는데 한번에 당첨신청은 어렵지 않고
기저귀 한팩이라 소소한 샘플보단 훨 좋다따로 문자가 오지 않으니 당첨자 발표때 홈페이지 공지 확인하기당첨후 배송지 필수로 입력해야한다.당첨자 발표후 주안으로 온거 같음신청은 아래 참조 
....? ....? 
베피스 소형와 아기물티슈 개가 왔다유통기한도 따끈한 최근걸로 주셔서안심하고 쓸 수 있을것 같다. 담달에 별똥이 태어나면 써봐야겠다 
 무형광 안심 기저귀
 베피스 기저귀부드러운기저귀 아이도 편해요 
베피스 기저귀부드러운기저귀 팬티형 기저귀 추천
 베피스 기저귀
무형광기저귀 제품 이라 안심하고 쓸 수 있는 기저귀 베피스 기저귀 전체 형광증백제 무검출 인증 받았대용 짝짝ㅋㅋ
 대형 남아용 팬티형으로 주문했어용 확실히 이제 팬티형이 편하긴 하네요 ㅎㅎㅎ 그래도 밴드형도 아직까지 잘 쓰고 있음 
 통기성 소재로 통풍이 잘되어서 밤기저귀로 사용해도 문제 없고용 엑스트라 소프트 패드로 엄청 부드러운기저귀 에요 허리
허벅지 밴드 부분도 잘 늘어나고
아기 피부에 닿는 부분도 부드럽고용 
 오빠가 좋아했던 점 바로 앞뒤 써져 있는거 ㅎㅎㅎㅎㅎㅎ 기저귀는 다 이렇게 딱 써져 있어야 한다며 칭찬 가득 ㅎ소변 알림선도 남아용 답게 앞쪽부터 쭉패턴도 귀엽죠
 만져봐야 아는데 진짜 짱짱 부드러운 기저귀 베피스 기저귀 네요쿠팡에서 구입했구요 팩에 
원 정도라 엄청 저렴해요ㅋㅋ 역시 기저귀는 인터넷으로 사야 제맛 ㅋㅋ
 밤기저귀로 써도 문제없어요 통잠 자는 아기라
시간 이상 기저귀 차고 아침에 일어나면 갈아주는데이렇게 많이 쌌는데도 제 손에 묻어나질 않아 너무 좋았어요아기 엉덩이도 안 축축하다는 증거겠죠옹 ?? 
 그래서 요즘 밤기저귀로도 잘 쓰고 있답니당팬티형 기저귀라 외출할 때에도 꼭 챙기구요 
 신축성도 정말 장난 아녜요 ㅎㅎㅎㅎ 밴드 부분 진짜 아주 잘 늘어나네요 무형광 기저귀 확인 된 제품이다 보니 안심이고용 가격도 저렴해서 좋아요 베피스 기저귀 후기 끝
 예비맘 이벤트베피스 기저귀 후기♡엄마의 사랑 
 베피스 팬티 기저귀 후기 
 .?베피스러브허브기저귀베피스러브허브기저귀.?베피스러브허브팬티기저귀베피스러브허브팬티기저귀 
 베피스베피스 기저귀 사용후기 
베피스베피스 기저귀 사용후기 
 출산 후일 뒤에 집에 왔는데 어디선가 택배 하나가 도착 했어요 뭐지뭐지??하고 봤는데베피스 기저귀 였지요 월 예비맘 이벤트에 당첨이 되었던 거에요 몇번 도전 끝에 드디어 당첨되서 너무나 행복했어요 
 베피스 물티슈 매와 함께 왔어요 향은 무향이라 아무 향도 나지 않아요 
 사용기한은 년 월 일까지라서우리 방글이가 한달이 되려면 월 중반이넘어가야해서 그때 바로 사용하면 될 것 같아요 
 물티슈를 사용해보려고 스티커를 제거하는데 어찌나 강도가 세던지 아니면 출산후에 손에 힘이 약해진건지 접착력이 엄청나게 강했어요한장을 빼면 다음 한장이 저렇게 반이 따라 나와요ㅜㅜ 그래서 다시 넣기가 좀 불편하다는게 흠이에요. 
 물티슈 크기는 물티슈 크기보다조금 더 넓어요 비침 정도는 아래 그림이 살짝 보이는 정도에요
 옆으로 잡아 당겨 보았는데신축성이 굉장히 좋더라구요 
 베피스기저귀의 예쁜 아기 얼굴이 왜 저렇게 됬냐면요ㅜㅜ 택배가 도착해서 봤더니 다 찢겨져있었어요ㅜㅜ 너무나 속상했어요ㅜㅜ 혹시나 하고 기저귀도 막 보았는데 다행이 기저귀에는 이상이 없는 것 같아 테이프로 다시 붙여주었네요. 택배 기사님들이 조금만 더 신경써주셨으면 좋겠어요 
 베피스 기저귀는 소형이 까지사용할 수 있어요 우리 방글이는 .태어나서언제되려나 모르겠어요 모유수유 열심히 하고 있는데 포동포동 해졌으며 좋겠어요
 베피스 기저귀는엑스트라 드라이 시트와 우수한 통기성 배 길어진 허리밴드와 부드러운 접착 벨트 안심 이중 샘방지 시스템과 편리한 소변알림마크가 있는 기저귀랍니다. 
 제조 일자가 작년 월 일이네요 방글이 되면 바로 사용해봐야 겠어요 
 투명 끈도 있어 들고 다니기도편하답니다. 사실기저귀에는 다 있는 손잡이죠 
 절취선이 점선으로 표시되어 있어보고 조금 벌려주면 이렇게 열려요 굿굿굿 
 하나를 꺼내 보았는데 기저귀에 사이즈가표기 되어 있어 보기 좋았어요 여러가지 기저귀가 섞여있으면헷갈릴 수 있거든요 초보맘 티나지요.ㅋㅋㅋ 저기 보이는 노란 선은 소변 알림 마크에요. 아기가 소변을 보면 노랙색에서 초록색으로 바뀌어 그때 기저기를 바꿔주면 된답니다.디자인도 너무나 귀엽습니다. 
 벌려보면 이렇게 되어 있구요 허리밴드가 부드럽고 신축성이 좋아요 그리고 옆선도 신축성이 좋아서 방글이가 불편해하지 않을 것 같아요
 안쪽면은 부들부들하네요 우리 방글이 엉덩이를 보송보송하게잘 지켜주렴
 .인 우리 방글이에게 조금 큰 감이 있지만 살이 조금 더 찌면 베피스 기저귀로 사용할 수 있을 것 같아요방글이도 좋은지 발버둥치네요
 사랑스런 우리 방글이 베피스 기저귀로 엉덩이 보송보송하게지켜보세요... ... ▲ 베피스 바로가기 ▲
 업체로 부터 본 제품을 무상제공받아 사용후 작성하는 솔직후기글입니다. 
 후기 베피스 기저귀 샘플 
기저귀 한 팩과 물티슈가 무료로베피스 기저귀 예비맘 샘플팩 
이번엔 베피스 예비맘 이벤트 후기에요베피스는 타 기저귀 샘플들과 달리한 두장 낱개가 아닌 통크게 한 팩이 옵니다 
거기에 물티슈 매까지 함께요... 
명에게 돌아가는 베피스 기프트 박스는예비맘과 예비맘 지인이 참여 가능해요저는 한 번 미끄러졌다가두번째 응모했을 때 당첨됐어요 
베피스 인스타 팔로우 중이라이번에 쿠팡에서 진행된 특가로팩이나 구매했는데 한 팩 추가로오랫동안 베피스 기저귀를 사용해볼 수 있게됐어요 
하도 샘플을 많이 받아서여러 제품 찔끔찔끔 쓰다가한 제품을 오래 사용해볼 수 있어서 좋아요ㅎㅎ물티슈는 아직 사용하고 있는게 있어서써보지 못했지만 나중에 휴대용으로외출할 때 사용해보려고 해요 
이벤트 무료 상품이지만올해 월에 만들어진 제품으로따끈...까지는 아니지만 아직 따땃해요 
물티슈는 베피스 제품이겠지만처음보는 물티슈라 어떤 제품일지 궁금해용나중에 여러 물티슈 샘플들 전부 사용하고장단점을 깔끔하게 정리해보려고 해요ㅎㅎ아래는 참여방법이에요인스타그램 아이디가 있어야 참여가능한데
 요즘 다들 인스타 아이디 하나쯤은 있으시죵? 
에 사진 올리신 뒤
 아래 링크로 들어가셔서댓글로 과 인스타 아이디 남기시는 것
 잊지마세용 
다음에는 베피스 기저귀
물티슈사용후기도 들고오겠습니당
 베피스기저귀 사용후기 
 맘스다이어리 별별체험단 베피스 기저귀 체험후기 
드뎌... 받았네요..휴 전 하도 안와서 제 이름 누락됐는 줄 알았다는요. ㅋㅋㅋ 어쨌든.. 잘 받았슴당.예전에 베피스 홈피에서 이벤트 응모해서 당첨돼 한박스 받아 써봤었더랬죠 그땐 후기쓰는 시기를 깜빡 놓쳐 쓰질 못했었네요..죄송요...ㅜ.ㅜ한번 써봤던 베피스라 품질은 믿고 받아 흔쾌히 감사한 마음으로 쓰고있답니다.핑크핑크 러블리 핑크 패캐지 
 뜯어보니 안에도 핑크빛 베피스로고가 이쁘게 정렬 
싸이즈는 제가 갖고있는 다른 브랜드 같은싸이즈와 비교해 보니 비슷하네요. 그런데 좀 더 얇은듯했어요. 큰 차이는 아니지만요.. 
채워보려고 펼쳐보니 안에 패드가 엠보싱처리가 되어있다고 해야하나요?? 더 잘 흡수해줄것같은 느낌 
허리밴드도 편하지만 짱짱하게 잘 늘어나 아가 허리를 죄는일 없이 편한듯했구요지유야.. 착용감이 어때?? 편해?? 물어보고싶네요.. 쩝 기저귀에 소변알림줄 뿐만 아니라 앞.뒤라고 표기되어 있어서 초보엄마 아빠들아빠들은 둘셋을 키워도 영원한 초보니까요에게 좋을꺼같았어요. 활동적인 우리아기 앉았다 일어났다 굴렀다 뛰었다 누웠다를 반복해도 흐트러짐없이 아기불편하지 않게 잘 채워져있네요. 역쉬.. 베피스입니당 
본 체험후기는 무상으로 베피스에서 제공받아 쓴 후기입니다. 
 베피스 엑스트라 소프트 팬티형 기저귀 솔직후기 
베피스 엑스트라 소프트 팬티형 기저귀 솔직후기 
잡고 서기 시작하는 개월아가어떤타입의 기저귀 사용하시나요??밴드형? 팬티형?우리 미코는 지금까지 밴드형 기저귀의 사용빈도가 더 높았어요개월아가이긴 하나 개월아가 평균보다 안나가는 몸무게 그래서 팬티형기저귀는 사이즈가 좀 크더라구요그런데 기저귀는 교체하는 동안 잠시도 가만히 있지 않는 우리 미코 뒤집고 기어서 도망다니고밴드형기저귀는 채우기가 너무 힘들어서 팬티형기저귀를 써야지 했는데미코가 쭉 사용하고 있는 베피스 엑스트라 소프트 기저귀도 팬티형 기저귀가 출시됐다는 반가운 소식다행이 베피스기저귀는 사이즈가 살짝 넉넉하게 딱 맞아서 넘 좋아요 베피스 엑스트라 소프트 팬티형 기저귀 착용해본 솔직후기 남겨볼게요 
베피스기저귀는 포장에 아가모델이 들어가 있어서좀 더 정이 간다고 할까요?ㅋㅋㅋㅋㅋ우리 미코도커버속 아가를 진짜 좋아해요 ㅋㅋㅋ잡아먹을듯한 기세 ㅎㅎ참 이쁜 아가들 많은거 같아요 ㅋ저도 아기 낳으면 저렇게 이쁜 아가 나올줄 알았는데 ㅋㅋㅋㅋㅋㅋㅋ그것은 실패했네요본론으로 돌아와서베피스 엑스트라 소프트 팬티형기저귀도 밴드형처럼 남아용 여아용 구분되어 있으니구매하시는 분들은 참고해서 구매해주세요 
베피스 팬티형 기저귀는 대형 사이즈부터 있어요중형사이즈가 없어서 좀 아쉬웠는데중형사이즈의 아가들도 대형사이즈로 입히면 충분히 잘 맞아요베피스의 기저귀가 타사의 기저귀 보다 살짝 작게 나온거 같아요기준 몸무게 도 적게 표시되더라구요그리고 저는 기저귀를 좀 넉넉하게 채우는 편이여요하루종일 기저귀하고 있는 아가들 답답할까봐 ㅎㅎㅎㅎㅎㅎ 
베피스 엑스트라 소프트 팬티기저귀 핑크 핑크 하니 이쁘죠??기저귀만 채워도 패션이 될 정도로 디자인이 이쁘고핏도 이뻐요 우리 미코 기저귀 갈아줄때마다 어디 기저귀냐고 여러번 질문 받았더랬죠 ㅎㅎㅎ 
기저귀 이름이 괜히 엑스트라 소프트가 아니여요정말 기저귀 한장 꺼내 들자마자 딱 드는 느낌앗 부드럽다안쪽 패드가 부드러워서 아가들이 부드러움을 느끼는건 물론이고
 겉커버까지 부드러워서 기저귀를 갈아주는 엄마들에게도 부드러운 촉감이 그대로 느껴질 정도여요 
기저귀 패드가 엑스트라 소프트라 정말 부들 부들 촉감이 좋구요흡수가 빨라서 구지 여름용 기저귀로 출시된건 아니지만 여름용 기저귀로 사용해도 정말 충분히 자격있어요 ㅋㅋ 
허리밴드 부분에 자글자글한 주름 보이시나요??이것이 울트라 소닉 실링으로 비가열식 최신 접착 기술을 가했다고 해요그래서 정말 부드러움이 말로 표현 못해요 ㅎㅎ 
기저귀라기 보다 그냥 면팬티를 만지는거 같은 부드러움우리 아가들의 연약한 피부에 닿았을때촉감이 진짜 좋아요 
움직임이 많은 우리 미코활동하기 너무 좋아요 ㅋ신축성과 부드러움을 동시에 가지고 있으니 말이죠 ㅎ이건 정말 직접 만져보고 사용해보지 않은 사람들은 모르는 느낌이라직접 사용해보시라고 정말 강추하고 싶어요 
기존에 베피스 엑스트라 소프트 밴드형 기저귀를 쭈욱써와서워낙 좋은건 알고 있었지만이번에 팬티형으로 사용해보면서 또다시 느낀점은베피스 엑스트라 소프트하면 정말 부드럽고 신축성 좋다라는 거네요 ㅎㅎ 
기존에 베피스 엑스트라 소프트 밴드형 기저귀의 자세한 기능을 포스팅한적이 있어요자세한 기능이 보고 싶으면 참고해주시면 되는데요 
부드럽다 신축성이 갑오브갑이다이 두단어로 함축해서 베피스 엑스트라 소프트 기저귀를 표현하면 될거 같아요 ㅎ 
베피스 엑스트라 소프트 이거 맘에 드네? 
몸에 착 감기는 맴시로 아가들의 뒷태가 더욱더 사랑스러워보여요 ㅋ 
깔끔한 뒷태 이쁘죠?? 
요즘 날씨가 더워서 기저귀 잘 안할려고 하는 미코인데엑스트라 소프트 기저귀는 거부 반응없이 잘하고 있어요 
잡고 서는 동작에 재미가 들려서 정말 가만히 있지 않는데요베피스는 다양한 체형를 고려해서 부드럽고 쫀쫀하게 만들어져서움직임 많은 아가들도 샘걱정은 할필요 없어요 
아기 피부에 닿는 부분이 정말 보들 보들하답니다. 줄의 허리밴드가 몸의 움직임에 따라 자유자재로 움직이는 기저귀참 괜찮지요?? 
적은 양의 소변에도 확실하게 반응하는 소변알림선이네요 
동글동글 말아서 테잎핑처리해서 버리면 끝 
부드러운 아기기저귀 신축성좋고 흡수력 좋은 기저귀베피스 엑스트라 소프트 팬티형 기저귀속는셈 치고 한번 사용해보세요재구매의사 일걸요? 
 무료임신축하선물 당첨 후기 베피스 기저귀 
안녕하세요 뿅뿅이맘쓰럽이에요지난번 일등맘산모교실에 가입
 임신축하선물을 신청했는데 당첨 똭이번엔 베피스 엑스트라 드라이 남녀공용 소형 매 한팩을 받았어요아직 우리 뿅뿅이가 쓸려면 조금 시간이 남았지만
뒤에 적힌 설명서를 미리 읽어봤습니다 
엑스트라 드라이 시트많은 양의 소변을 빠르게 흡수하고 새지 않아 아기 엉덩이가 보송보송우수한 통기성통기성 소재를 이용해 공기가 잘 통하도록배 길어진 허리밴드부드럽고 신축성이 뛰어난 허리밴드가 넉넉하게 허리 감싸부드러운 접착 벨트착용감이 우수하고 버릴 때도 깔끔하게 정리안심 이중 샘방지 시스템 소변이 옆으로 새는 것을 막아 줌편리한 소변알림마크소변 알림 라인의 색이 노란색에서 초록색으로 바뀜이런 우수 기능이 있다고 하는데... 뿅뿅이가 태어나면 직접 써보고 다시리뷰 남겨야겠어요베피스 엑스트라 기저귀 잘 쓸께요
 월 무료임신축하선물 아직 신청 안하신 분들이라면 신청해보세요.. .. 
 베피스 모션핏 팬티기저귀 사용후기 
베피스 가장 큰 장점이죠
 가격이 참 착해요거기다
 흡수율도 좋아서 우리 거니 낮기저귀로 사용 중인 베피스♡하나 보 에는 발진증상을 보이는 예민한 피부의 아가라 베피스 입히고 올레를 외쳤답니다ㅋㅋ그렇게 아기 개월 때부터 돌이 지난 지금까지 개월 사용 중인데요
 자신있게 괜찮은 기저귀라고 말할 수 있는 제품이에요 
베피스 모션핏 팬티 기저귀 
디자인 어떤가요?코듀로이데님 가지 디자인인데 입히면 기저귀같지 않고
 바지를 입힌 것 같아요ㅎ 
뒤가 크게 적혀있어 재빠르게 도망가는 거니를 잡아서 입히기 쉬워요ㅋㅋ앞
 뒤 확인하다 아기 놓치기 쉽잖아요. 하하 
 저만 그런거 아니죵?ㅡ.
 ㅡ 
기저귀 뒷처리밴드도 있어 깔끔하게 처리 가능합니다 
베피스 기저귀는
 고흡수성수지 사용으로
 강력한 흡수력을 자랑하고
뭉침 걱정도 없어요 
 통기성소재로 언제나 뽀송뽀송부드럽답니다거니는 기저귀발진으로 고생이 심했는데 베피스 사용하고는 한번도 트러블이 없어요 
 안심 이중샘 방지로 소변 양이 많아도 샌적이 없어요 
허리 허벅지 밴드도 굉장히 소프트합답니다 
줄의 고무밴드는
 신축성 짱짱아기 엉덩이에 촥촥 감기는 핏이에요ㅋㅋ 
두께도 얇고 가벼워서 아기가 착용하고 생활하기에 불편함이 없어요 
거니의 낮기저귀로 함께해온 베피스베피스 쓰는 거니 친구들은 전부 만족하고 있다는 사실 
거니 외출 할 땐
 언.제.나 베피스와 함께 랍니다♡데일리 기저귀로 사용해보세요후회하지 않으실거에요 
 유흐감사합니다❤다들 축하합니다
ㅎㅎ 감사합니다 모두 축하해용♡
다들 축하드려요
감사합니다
감사합니다
감사합니다
축하드려요
감사합니다❤
감사합니다ㅎ 모두 축하드려요
축하드려요
 가격도저렴하고 좋아요 단점은 팬티형 옆에 뜯는게 힘들어요
그렇군요
저두 잘 쓰고 있어요
저도 잘 썼어요. 발진없이.. 가격도 저렴하고요. 근데
팬티 옆에 뜯는게 땜시 그만 써요. 그거 뜯다가 성격 버릴듯 ..ㅎㅎ
헐. 주문했는데... ㅠㅠㅠ밴드고민하다가 팬티 했는데. ㅠ ㅠ 얼마전에 티몬서 딜 떴었거든요.... ㅠㅠ
옆에 뜯을때 밑에서 위로 뜯으면 쉬워요.위에서 아래로 뜯으려면 잘안돼더라구요.잘쓰고있네요
 전 너무두껍더라구요ㅜㅋ
저희아이는 발진이 잘나서 베피스도 발진났네요..근데 팸퍼스
 리베로빼고는 거의 모든제품이 발진나는 아이었어요
 저는 잘 세서 바꿨어요 신생아인데 제일 작은 사이즈도 크더라고요
 베피스 쓰고있는데 좋은거같아요. 요즘 장염으로 분유를 잘 안먹어서 소변량이 좀 줄긴했지만 밤에 새지도 않고 괜찮은거같아요
베피스흡수력도갼코얇고좋더라구요밤에도쉬야많이해도새거나그런거없구요
마미포코쓰다가 갈아탓어요 얇고흡수력좋고 기저귀닿는부분 보송해요ㅡ허리도편하구요ㅋ단지 허리뜯어지는부위약해서 입히다가잘찢기는거 제외하믄 다좋은듯요ㅋ
한번도 샌적없어요 베피스좋아서 그거 한동안 계속 썼었어요
저도 이번에 좋다해서 쓰는데 진짜 깜짝 놀랄정도로 흡수력좋네요 기저귀 안써본거없는데 감탄중이예요 ㅎ
한팩 써보고 인터넷에서 대량구매하세요 저 신생아용? 단계 남녀공용 한팩있는데요... 구매하실래요??
저..대형필요해요
 좋은정보 감사해요
저도 유목민 ㅠㅠ
저도 아이 신생아때부터 슈베스 오래도록 썼는데 슈베스가 사이즈가 좀 작게 나와서 이제 키로 허벅지 통통 아가는......다른 기저귀 찾아갔습니다ㅠㅠ사이즈 큰게 있었음 좋겠네용
 밤 기저귀로 여름용으로 쓰기 괜찮았네요
감사해요
저는 모션핏 쓰는데 잘쓰고있어요저렴하고 잘 안세고 괜찮아요
맘님혹시한단게크게사용하시나요
임마뮴년풍덕동키로 특대형도 점보도 괜찮게 맞아요여름이니 낙낙하게 한사이즈 업하셔도 괜찮을거같아요
팬티형쓸때 가격이 싸서 잘썼어요ㅎ두가지 다 써봤는데
 크기가 좀 작은거 빼곤 밴드부분도 쫙쫙 잘늘어지고 쓸만해요ㅎ사이즈는 표기된것보다 단계씩 업해야해요. 특대가 타사 대형사이즈....
사이즈가작군요ㅠ그걸노칠뻔햇네요
임마뮴년풍덕동전 팬티형만 써봐서.. 팬티형은표기사이즈보다 단계 작다고 보심 되어요
지니맘년중동네ㅎ저두지금팬티형보구있어요ㅎ
임마뮴년풍덕동점보실제로는 특대형ㅎㅎ까지 나와요킬로일때 점보썼었어요ㅎ 전 하ㄱㅅ보다 밴드부분이 부드러워서 좋았어요.스스로입고.벗고 하게 팬티입는연습시키기도 좋았구요ㅎ매직벨트는 찍찍이가 자꼬 애기살에 찔려서..ㅠㅠ
 축하드려요 아이키울때 기저귀만큼 필요한선물도없죠ㅎ
감사합니다 기저귀 오니 아직 아가도 없는데 좋네요 
축하드려요저도 출산용품에잘놨두었다 아기태어나면 바로써보려구요
네 저도 지금 하나 하나 모으고 있어요 ㅋㅋ 고맙습니다 
축하드려요 저두방금 받았어요 ㅎㅎ
축하드려요ㅋ 선물 좋네용 
저도 이거 받았어요ㅎㅎ기저귀선물은 언제나 기분좋지요 이거 미끄러지는분들도 있으시던데 축하드려요
축하드려요기저귀 선물 좋네용 
기저귀 받으신거 축하드려요.다른 경품도 좋지만 요즘은 기저귀가 젤 좋은것같아요
맞아요 기저귀 선물 좋네용고맙습니다 
 베피스 첨 출시됐을때부터 썼는데 괜찮았어요.둘짼 친구가 치쿨사줘서 써보고 치쿨로 갈아탔어요ㅎ
 저도 하나하나 써보니 넘 좋아서 만족하는 제품이에요
향도 그렇고 좋더라구요 특히 오일이 너무 맘에들어서 당첨되기 잘 한것같아요ㅎㅎ
오오베피스에이런것도잇군용기저귀두괜찮든뎀ㅎㅎ
기저귀도 괜찮은가요? 한번구입해서 써봐야겠네요
거제꼬미맘네가끔그거신청하는이벤트나오는데신청하시면한팩으로턱하구오거든요그거사용해보시구해도좋을듯싶어요
대전대바깅맘어디서 신청하는지 자세히 여쭈어도 될까요?ㅎㅎ
거제꼬미맘카페하시다보시면 가끔씩올라와요 그거 나오면 신청하시면되요 여기 일등맘카페에서 공고해드려요 ㅎㅎ
대전대바깅맘아 그렇군요ㅎㅎ 감사합니다
거제꼬미맘꼭해보세요 ㅎㅎ잘들어오셔서 확인잘해보시면 될거가타요 ㅎㅎ
대전대바깅맘자주 들어와바야 되는거겠죠?ㅎㅎ
 구매해 봤어요
사은품 꼭 챙기세여 ㅎ
◆리워드 알리미◆ 지금 몰리 경유해서 구매 하면 . 적립됩니다....? ...?적립된 포인트는 언제든지 현금환급 또는 배송비로 사용가능합니다.
모션핏 좋아요 가성비 ㅋ 새지도 않고 부드럽구요
소프트는 안써봤는데 비슷하다는 후기땜에 저도 모션핏만 써요
첫아이 신생아때 하루에 개이상써서신생아꺼 한번사봤어요ㅎ곧 둘째 나올꺼라저렴하게 잘샀어요감사해요
저도 가성비 있는거 찾아보다가 후기 좋은걸로 사는편이라 이것저것 써보긴 하는데 요건 항상 만족하고 써요
크림이맘님이시죠아이디랑 옆닉네임 확인차 댓글 드렸어요
넵 몰텔 아이디가 바뀌어서요 주말에도 수고 많으셔요
 몰테일 아이디가 지금 우기기이신가요?몰테일 아이디가 바뀌긴 어려운데요..사서함번호 여쭤봐도 되나요?
 축하드려요 이거 은근 미끄러지는분들 많다고 하시더라구용ㅋㅋㅋ
월달에이벤트신청했던게 다미끄덩한지라 전 이벤트신청해 놓고까먹고있었어요 ㅎ다른이벤트에당첨되서물티슈도받았는데일등맘하고는인연이있나봐요
저도 오늘 받아봤어요 ㅎㅎ 기저귀 통째로 받는거 첨이예요
저도이벤트해서 기저귀한팩으로받기는처음이에요 ㅎ어서사용해보고싶네요
우와 축하드려용
감사합니다
전 떨어졌는데 받으신거 축하드려요
감사합니다
축하드려요 당첨되면 하루종일 기쁘죠
설레이더라구요 ㅎㅎ감사합니다
 축하드려요
감사드려요 ㅋㅋ 넘나 기분좋아요 ㅋ
우왓 기저귀는 넘좋즁ㅋㅋ축하드립니당
아직 아가가 뱃속에 있지만 살림하나 느는것같아 너무 기분좋아요 ㅋㅋ 산모교실에서 당첨안되서 너무 서운했는데 이런 행운이 ㅋ
축하드려횽
감사드려용 ㅋㅋ
우와 ㅎㅎㅎ 전 오늘 비움의 태교햇어요 ㅡㅡㅋㅋㅋㅋ
저도 늘 비움의 태교를 하는데.. 부지런히 다니니까 그래도 행운은 주어지더라구요 
축하드립니다 꼭필요한거라 더좋으시겟어영
네 ㅋ 너무 좋아요 ★ 너무 기뻐요♥
 네 했어요 ㅋ 몰랐어요♥ 죄송해요
 배피스 슈퍼대디는 뜯을때 고무줄 아파요. 비츄
슈퍼대디 밴드형 써봤는데 저는 괜찮았어요 개인적으론군이랑 비슷한 느낌이더라고요.
베피스 밴드부분이 까슬해서 별로예요
킨도기저귀도 좋은거같아요ㅎㅎ
베피스 비추리베로 밴드형 좋아요팬티형은 샀는데 아직 안써봤고요
 요거 좋아?나도 현호 하 요기꺼만 쓰는데비싸고 자고 일어나서 새네근데 현호가 쉬를 많이 하기도 하고기저귀 바꿔보고 싶고만
어어 자고 일어나서 새는거 ㅜㅜ 문예으니도 ㅎ 밴드형은이거 한 번 써봐 진짜 난 좋더라구 
기저귀발진 땜에 바꾸는거 쉽진않은데..괜찮다고하니 한번 써보고싶은 맘이 드네용ㅎ
후기야 의무라서 쓴거긴 하지만 진짜 부드럽고 좋더라구요 전 그래서 이번에도 이걸로 샀어요 가격도 하기스에 비해 많이 저렴해서 ㅋ
가격도 저렴하다고 하니 바꿔볼까 싶네요
베피스 좋아요부드럽고 도톰하고ㅎㅎ
 저 지금 집에서 베피스쓰고있어요 베피스 전 완전만족하네요ㅋㅋ지금 세박스네박스째쟁였어요
답변 감사합니다. 밖에서 쓰기에도 괜찮나요?
후랑 환이랑유촌동전 밖에선 기저귀갈기 쉽게 매직팬티 옆에뗏다붙였다하는걸로써용근데 이거 밖에나갈때도 채우고나가곤해용
저도베피스써요 밴드는 별로고 팬티는 저렴한가격에 만족하며써요 발진없었구 센적두없어요
무난하게 쓸만한가보네요. 저도 주문해야겠네요.
저도팬티이것저것. 마미포코.하기스.네츄럴블라썸.보솜이.베피스 이렇게썻는데 별반다른거 없이 괜차나요. 기저귀지겨워서 종류별로써보거든요ㅋ
답변 감사해요. 지금 주문 해야겠네요
저도 첫째때 베피스 팬티기저귀 좀 채웠는데. .쏘쏘정도인것같아요저렴하지만.나쁘지않고...그렇다고 엄청 좋은것은 아닌...가격대비 괜찮은정도..
전 이거 쓴지 오래되었어여..팬티가 넘 편해서 저렴해서 사용하다보니 요거 세일하면 쟁이고 있어여
저도 의심적어 하면서 함써봤는데 좋아요 ㅋㅋ
 저두 잠깐써봤는데기저귀갯수도 많고저렴하긴해요 새거나하지는 않구요저는 팬티썼는데좀 뭉치는게 있긴하네요 처진다고해야될까요
아... 급한맘에 막 주문하고 오는길이에요 ㅜㅜ 쳐지는 현상이 있구나 ㅠㅠ 경험이라 생각하고 써볼께용 감사합니다
쏠펨퍼스도 처지든데요뭘참팬티면옆트임이 잘안찢기네요 나비잠이나 마미포코는좀 낫더라구요 나비잠도 괜찮아요
울 딸랑구 아... 전 밴드로 구입했어요 겨울이라서 이제 팬티는 외출시에 옷 다 벗기고 갈아입히기 힘들것 같아서요 ㅎㅎㅎ
그냥저냥 비슷비슷 쓸만해요 다른기저귀랑 큰차이 없었어요
감사해용 오늘 배송오는데... 새는거만 없음 좋겠어욯ㅎ
 그냥 이따 이마트에서 네이처메이드 행사하나 가봐야겠네요
저도 별로여 냄새나요 화학냄새요ㅠㅠ
별루군요..미리물어보길 잘했네요
안쓰던건 샘플써보게 하는싸이트나 블로그도 있더라구요 반가워용
그런데도 있어요??몰랐네요저도 반갑습니당
저만 괜찮나보네요 ㅎㅎ 전 베피스 팬티기저귀 모션핏 입히는데요 저는 싼걸 사서 자주 갈아주자 주의라서 걍 팍팍 써요 근데 대변 봐서 씻길땐 옆 부분이 매직팬티처럼 양쪽으로 뜯어지는게 아니라 헐크처럼 잡아당겨서 뜯어야하는 단점 빼곤 모르겠어요 오히려 매직팬티 입히면 밤에 쉬야가 새는데 이건 안새더라구요 글서 외출땐 매직팬티 집에선 모션핏 입혀요 똥꼬 발진도 없구요 이건 애마다 틀려서 ㅎㅎ 여튼 전 잘쓰고있어요참고로 갤이고 팬티기저귀 입힐때부터 이거 사용했네요
아괜찮으신 분도있으니 다행이네요
전.바바랩 쓰는데..장당 원이예요..팬티기저귀이고.옆에도 잘 뜯기고 .. 만족하면서 쓰고 있어요 ㅎㅎ
바바랩이라는 브랜드도 있나요?제가 넘 올드한가봐요ㅎ
 저희는 아주만족하면서 써요 울아기는 기저귀발진이예민한데 이건괜찮네요ㅋ
ㅇㅏ 그래요 사이즈는 다른 회사랑 비슷 한가요?
아주민소영회사마다 사이즈가 다달라서 뭐라이야기하긴 그렇지만 저아기가여태까지쓴기저귀들이랑은 거진 비슷했어요ㅋ
장평정영희넵 이른아침 답변 넘 감사해요
아주민소영아니에요 애기엄마끼리ㅋㅋ당연히 서로돕는거죠ㅋㅋ
베피스 소형때부터 중형까지 쓰다 하기스랑 보솜이 마미포코 페넬로페 정도 써봣는데가격대비 만족이여ㅎㅎ최악은 보솜이였네요ㅜ옵션은 다다르겠지만 사이즈는 정사이즈인지 조금 작은편에속해요 저희애기 허벅지가 짱짱보라그럴지도
답글 감사드려요이번에 베피스꺼 한번써봐야겠어요
 출산 예정이예요ㅎㅎ 받고 싶은데 어디쯤 사시는지 여쭤봐도 될까요? 
거리가 머네요ㅜㅜ 드림 응원합니다 명절 잘 보내세요ㅎㅎ
몽이몽이맘좋은 명절되셔요 출산이 얼마 안 남으셨다니 편히 지내시구용♡
월초 예정일인데 받을수있을까용? 얼마전에 드림받아서 괜찮을지 ㅠㅠ
일에 한 번이래요 일 내 받으신거 없음 괜찮을 것 같아요ㅎㅎ
직장이 구서동이라 오늘도 가지러갈수 있는데 가능할까요?
유니짱앗 가능해요가능해요 챗드릴게요
유니짱님께 드릴게요
불발시 줄서 보아요
 본인이 직접찍은 실사첨부는 필수입니다 수정해주세요
아 죄송합니다 수정하겠습니다
 저요.
쳇드릴께요 엄청빠르시다며 
저도 베피스 쓰는데 손 든어 봅니다
저도 손들어봅니다
거래완료
 챗보셔요
 팔렸나요?
판매완료되었습니다
 저용
챗 드리겠습니다.
백군감사합니다♡
줄서보아요
완료되었습니다.댓글 감사합니다. 
 커피 쿠폰 어떤 거 몇장과 교환되나요? 
채팅이 안되서 쪽지로 보냅니다
육아하면서 가장 많이 사용하는 기저귀뭔 기저귀를 써야하나
 다른 분들이 엄청 고민하길래같이 덩달아 고민했었다능다행히 저희 아가는 무슨 기저귀를 써도발진은 안일어나는 것 같더라구요발진유무는 빼고 적는 개인적인 기저귀비교 후기 
 조리원 나와서 가장 먼저 사용해본 킨도 올데이킨도브랜드에도 라인이 여러 종류임소변표시줄이 없다고 하던데 올데이는 있어요조리원에서 사용하던 신생아 기저귀가 르소메였는데르소메에서 킨도로 갈아탔을땐 뭣도 모르고아 확실히 퀄리티가 별로네 뭐 이러냐 싶을 정도로넘나 부드러운거 근데 좀 저렴한 느낌의 부드러움엠보도 뭐도 없었던 기억근데 르소메가 진짜 진짜 좋은거였음ㅋㅋㅋㅋㅋㅋㅋㅋㅋㅋㅋㅋㅋㅋㅋㅋㅋㅋ지금에서야 생각해보면 킨도 정도면가성비가 정말 괜찮은 브랜드구나 싶어요흡수력도 나쁘지 않았음개월차 때라서 밤에도 서너시간마다 깨니이게 밤귀저귀로 괜찮은 제품인지 아닌지는판단을 할 수 없었지만다른 엄마들은 밤기저귀로 킨도도 많이이용하시는 것 같아요
 귀애랑 기저귀이거 매 팩짜리를 팩에 
 원에 팔길래장당 원 꼴오로지 가격 때문에 혹해서 구매함엘지 생건에서 나온 한방라인이니 뭐믿고 사는거 아니겠어? 하고 샀다가 날벼락ㅋㅋㅋㅋㅋㅋㅋㅋㅋㅋㅋㅋㅋㅋㅋㅋㅋㅋㅋ나도 생리대 귀애랑 쓰는데요... 엘지님이렇게 뒷통수 치기 있기 없기완전 뭔가 별로였다기저귀에 대한 경험치가 부족했던 탓이었을까?정말 이건 가격 아니었으면 절대 안샀을걸왜 싸다고 사가지고 다른 더 좋은걸 못썼을까 싶음킨도 한팩 쓸때는 별로 느끼지 못했는데귀애랑 쓰고나서 아
밤기저귀를 따로 사야겠구나하고... 밤기저귀를 장만함ㅋㅋㅋㅋㅋㅋ남은걸 다시 팔아야하나 고민도 했는데그게 더 귀찮아서 낮에 막 쓰고 버릴 생각으로사용한게 지금 벌써 팩 사용하고 마지막 팩째 시작이거 다 쓰면 윗단계로 넘어가면 되게땅 히히지금 와서 생각해보면 어차피 낮에는 자주 갈아주는데가격면에서 부담없이 막 쓰기 나쁘지 않은 것 같음 소형이인데
거의 정사이즈인듯 싶고실제로는까지 무난하게 사용할 수 있을듯 해요저희 아가 일 쯔음에 .였고지금 대략 . 정도 예상되는데 딱 정사이즈 느낌아기가 꿀벅지는 아닌듯 싶음. ㅋㅋㅋㅋ그나저나 많이 컸다. 처음 사용했을 땐기저귀가 너무 커서 달랑?거리는 느낌이었는데 ㅋㅋ지금은 이쁘게 딱 맞아 
 귀애랑보다 더 별로인 기저귀는 없을꺼야
 라고 생각하며 다음으로 구매해 본베피스 엑스트라 드라이팩 매입 팩 
 원. 장당 원꼴.와우 넘나 씐나는거구매했다 귀애랑에 대한 실망이 넘 컸던건지
 처음엔 그래
이게 낫구나. 싶었는데쓰면 쓸수록...넘나 별로인거....기저귀가 왜 이렇게 빳빳해요. ㅋㅋㅋㅋ밴드부분이 최고로 뻣뻣함기저귀 갈때 새 기저귀 밑에 깔고사용한 기저귀를 아기 다리 사이로 빼내면밴드가 안쪽 허벅지를 쓸고 올라오면서아기가 짜증을 낼 때가 있어요.소형인데
사실상 키로 까지 절대 못쓸듯사이즈가 많이 작게 나왔어요쓰다보면 허벅지가 조금씩 붉게 올라옴이거 먼저 쓰자 하고 제일 먼저 써버림...귀애랑은 가격보고 한번 더 사볼 의향은 있지만베피스는 절대 안살꺼야......... 
 오늘의 마지막
케이맘 처음 기저귀마더케이에서 나오는 기저귀 브랜드
케이맘인데요다른 기타 육아용품 준비하면서마더케이를 많이 이용해보기도 했고
 국산브랜드라 더욱 맘에 들었어요.그리고 디자인도 넘 아기자기한게 귀엽고 이뻐기저귀가 그렇게 저렴한 편은 아니던데
 핫딜로 팩 
 원에 가끔 뜹니다. ㅋㅋㅋ사이즈는 장당 원 꼴소량 들은거 있고
점보팩이 있음소량팩은 어디 외출할 때나 박일로 가볍게 여행갈때 들고 다니기 넘 편해요 
 디자인이 두가지임. 넘나 귀여워 ㅠㅠㅠㅠㅠㅠㅠ사이즈별로 다른 동물 디자인이라고 하는데아기여우 너무 이쁜거 아니니ㅋㅋ일단 촉감이 넘나 좋아요. 개취 바깥도 부드럽고
안쪽 엠보도 부드럽고뭔가 여태껏 사용해 본 기저귀랑은 다르다..흡수도 짱 조아 ㅎㅎ 밤기저귀로 낙찰 근데 아기가 서서히 통잠을 자기 시작하면서살짝 새더라구요. 큰사이즈로 해주면 나으려나??ㅠ발버둥 겁나 치다가 일어나서 보면 기저귀가내려가있기도 함.......이건 딸랑구 니 탓이다 ㅋㅋ시간 정도 까진 괜찮은데
 시간 넘어가면 좀 새요근데 이건 다른 기저귀도 마찬가지일거라는육아선배 친구님의 말씀 ㅋㅋㅋㅋ그렇다고 중간에 갈아주다가는 무조건 깨고...그냥 새면 옷을 갈아입혀주는걸로....ㅠ시간 통잠이 어디냐...감지덕지사이즈도 적당해요.인데 저희 아가 아직까지 무난하게 사용 중키로 들어서면 다음 단계로 한치수 업하시는 것도 좋을 것 같아요.케이맘 기저귀는 핫딜 뜨면 무조건 사는걸로최고당퀄리티 대비 인지도가 너무 없어서 슬프네 엉엉기저귀 비교 커밍순 .?신생아기저귀신생아기저귀.?기저귀추천기저귀추천 .?밤기저귀추천밤기저귀추천.?킨도올데이킨도올데이 .?귀애랑기저귀귀애랑기저귀.?베피스베피스.?마더케이기저귀마더케이기저귀 .?케이맘기저귀케이맘기저귀.?케이맘처음기저귀케이맘처음기저귀 .?밴드기저귀밴드기저귀 
.개월동안.아기 키우며 여러가지귀저기 를 거치고있다.처음 조리원쓰던 군 에서 시작해서 샘플로온 팸퍼스 까지 다양하게 써보았다.지금까지 다행히 발진은 없었다.군기저귀는 평타치는것같음 팸퍼스도 저녁귀저기로 괜찮은것같고 .군 계속쓰다가 선물받은게 있어서 갈아타봄.일본거라 찝찝 한게어느정도 있기도해꾸요.사용하는동안 발진도없고 별문제는 없슴미당ㅎ..우리아기는 발진은 없고.그냥 엉덩이 빨개진정도 .발진이 없어서 너무감사했다.암것도 모를때.엉덩이발진을 걱정하며물로씻기리라 천기저귀하겠다고 다짐했지만.쓸대없는걱정이었다..케이스바이케이스 겠지만.물티슈와 기저귀 잘갈아주고 엉덩이피부 관리만잘해줘도 발진이 없는것같다.지극히 내애기준으로ㅋㅋ..여기부터 기저귀 리뷰시작..가격.가격 순위는 저렴한 순으로 .베피스소프트앤핏 중형 매 최저가원.하기스매직핏남아용 단계만원중반.네이쳐메이드 남아용 단계 만원중반. 순이다. 길이및 샘방지선 비교베피스네이쳐메이드매직핏
 .베피스가젤 길고네이처가 젤 짧다사진상 잘나오진 않았지만 샘방지선과 뒷부분을잡아주는 선들이 베피스아주 깡깡해보인다특히베피스는 배꼽위까지올라와서갠적으로는 길게올라오는게 좋은것같음 
 .내부 흡수면 비교베피스네이쳐메이드매직핏
 .맨아래 찍힌 매직핏이 가장두꺼움 베피스가 가장얇음 흡수율면에서는 매직핏이 가장 난것같음.. .각각장단점 . 베피스.장점얇고 길고옆 밴드 도 탄탄해서 잘안샘앞뒤라고 써있어서 밴드보고 앞인지 뒤인지 안찾아도됨베뤼 굿.단점흡수력이 아무래도 얇다보니 다른기저귀에비해 자주갈아주면 상관없음. 
 .네이쳐 메이드.장점 개인적으로 디자인 좋음.기저귀닿는부분들이 좀 부드러운것 같음 특히 공용은 날개처럼 돼있던것 같음 밤부재질이라함 ..단점밤귀저기론 비추 이유는 가끔 샘 상대적 짧아서 그런것 같음 오줌많이 싸면 기저귀 무거움 
 . 매직핏..장점대체적으로 위 제품들의 단점을 커버 함 .단점약간 닿는면들이 뻑뻑하다고 느껴짐.나의생각.....위에설명했듯이.나는 발진예방을위해.최대한 피부자극 안하고 물티슈 로 닦은뒤.로션 발라주고 기저귀도 자주 갈아주고있음.종종.방수요나 속싸개 깔아주고 기저귀없이 있게하기도함좋다고 소문난기저귀들은.가격이 사악하다 보니 가격이저렴하고 가성비좋은 .베피스로 활동많은 낮에 사용하고.땀많은날엔 부드러운 내이쳐메이드 .잘땐 매직핏 착용하고있음..오늘도 소중한 울아기 뽀송뽀송 엉덩이를 위해 화이팅하세용♡♡.. .?기저귀기저귀.?기저귀사용후기기저귀사용후기기저귀추천.?매직핏매직핏하기스네이쳐메이드베피스. 
 베피스 써본 적 있는 맘들 기저귀 어떤가요? 무형광이래서 한번 써보려고하는데 어떤지 궁금해서요사용후기 부탁해요
베피스 드라이핏 팬티 기저귀 후기 
 아기가 돌이 지나니 신기하게도 아장아장 걷기 시작했다.추가로 밤에 자면서 몸부림은 덤그래서인지 낮에도 밤에도.. 새는 기저귀와의 전쟁이 시작되었다.낮에도 활발하게 놀고 나면 어느새 젖어 있는 바지특히나 밤에 바지가 젖어서 깨면 아기도 짜증
옷을 갈아 입히는 나도 짜증이 났다.국민 기저귀 브랜드를 쓰다가 주변 지인들에게 물어봐서 베피스를 구매해보았다. 
 특징밴드가 다르다기존 밴드는 기저귀 재질이 이어져 있어서 잘 늘어나지 않아 아기의 허리에 맞추기 위해 많이 늘려야 했고
 팬티 기저귀의 특성 상 위치를 잘 잡아주기 어려웠다.하지만 베피스를 처음 꺼내보고는 어머 이건 그믈 형태로 되어 있어 쑥 올라가고 아기 허리에도 착 붙는 것이 아닌가남편도 입히기 편하고 아기 허리가 땀도 안차고 좋아 보인다며 이걸로 바꾸자고 칭찬했다.
 특징옆샘 방지가 튼튼요즘 대부분의 기저귀는 옆샘 방지가 되어 있다지만 활달한 돌쟁이의 활동량을 잡아 주지 못했다 ㅠㅠ하지만 베피스는 옆 샘 방지선이 두꺼워서 아기가 마구뛰어 몸부림을 쳐도 아주 소량 새거나 새지 않는다내가 손으로 벌려 보아도 허벅지에 찰싹 붙어 있음특징무형광 제품으로 보송 보송기저귀가 다른 회사 보다 얇다는 느낌이 있다.그래서 금방 불어날 것 같지만 노노긴 외출 중에도 새지 않고 잘 버텨주고흡수량이 어마어마 하다시간 동안 잔뜩 싸도 새지 않고 모두 흡수해서 무거워질 정도특징다양한 디자인 아기는 모르지만 엄마에게는 중요한 부분기저귀를 매일 만지는 엄마에게 귀여운 디자인은 소소한 재미를 준다.덤으로 사진 찍기도 좋다 
뒤처리는 뒤에 붙은 테이프로 쓱 붙이고 휴지통으로 쏙 버리면 된다.
 아기도 편안해하고
갈아주는 엄마 아빠도 편안한 팬티 기저귀베피스 드라이핏 기저귀 
베피스 홈페이지 이벤트를 통해 제공받은 제품을 사용한 후 남기는 후기 입니다. 
 .뽀뽀가 생기기 전엔이벤트 같은 건 관심이 없었다..어쩌다 참여했어도 물론 당첨되어본 적도 없다ㅋㅋ.그런데 뽀뽀를 위해 참여해보는 이벤트는. 우리 복덩이 덕분인지 빵빵 당첨.덕분에 택배가 끊이지 않는 우리집ㅋㅋ.오빠가 퇴근 후 빈 박스를 보며 오늘은 또 뭐냐고...오늘은 뭐냐면 여기다 써볼게ㅎㅎ... 
 ..마더스베이비 수유브라. 
 ..마더스베이비 모유수유 응원 이벤트.나는 수유브라가 갖고 싶어서 소문내기 이벤트만.참여했는데 운 좋게 당첨됐다.😚. 
 ..바비즈몰에서 온 택배
수유브라가 들어있겠지.박스를 열면 예쁜 글이 쓰여있는 카드가 나온다..태어날 아가를 보고 하는 말인가?💕..살면서 첫눈에 사랑에 빠지는 일이 이렇게 또 생기네. 
 ..색이 아이보리다 블랙일 줄 알았는데.사이즈는 보통 두 컵 정도 크게 주문한다길래.타고난 내 덩치붓기 때문에 혹시 안 맞을까 봐.제일 큰 로 시켰는데..많이크다ㅋㅋ.살이 더더더 쪄도 여유 있게 입을 수 있겠다.🤣. 
 ..수유하기 편한 랩 스타일 어깨 끈도 편해 보인다. 
 ..넘넘 시원해 보이는 디자인
 .노 와이어라 더 편하고 단계 후크가 있어서 더 좋다..세탁해서 출산 가방에 넣어놔야지 잘 입을게요. 
 ..베피스 오버액션토끼 기저귀. 
 ..베피스 예비맘 모여라 이벤트.초음파 사진을 간단한 태그 몇 개랑 업로드 당첨. 
 ..택배 택배😆.뽁뽁이 밑에 귀여운 기저귀랑 물티슈가 들어있다.. 
 ..토끼 앞태 뒤태ㅋㅋ 너무 귀엽다ㅋㅋ.소형 매
유통기한도 빵빵해요.뽀뽀 좀 크면 쓸 수 있겠지💕. 
 ..오아 물티슈는 매 짜리.성분 좋고
유통기한도 넉넉하군요ㅎㅎ.기저귀랑 물티슈 잘 쓸게요
베피스. 
 ..마미포코 리프가닉 기저귀 . 
 ..온니유어리프가닉 캡쳐 이벤트.홈페이지에서 가족사진이나 아기사진을 담은.기저귀 디자인을 미리보기 한 후 캡쳐해서 업로드. 
 ..나는 뽀뽀 초음파 사진으로 응모했는데 당첨. 
 ..리프가닉 기저귀는 비닐에 왔어용. 
 ..우아 매 엄청 많이 들어있다.뒤쪽엔 안심하고 쓰라고 쓰여있다
안심 또 안심.유통기한 넉넉하고 이것도 소형이라 나중에 써야지.잘 쓸게요
마미포코..후기 쓰다 알았는데 마미포코가 일본.. 음...받은 건 잘 쓸게요.😅. 
 ..이상
당첨돼서 기분좋은 뽀뽀엄마 였습니다.😍. 
 .. .?이벤트이벤트.?이벤트당첨이벤트당첨.?출산준비출산준비.?임신주임신주.?임산부임산부. .?황금돼지띠아기황금돼지띠아기.?황금돼지띠예비맘황금돼지띠예비맘.?좋아요좋아요 . .?마더스베이비마더스베이비.?수유브라수유브라.?베피스베피스.?오버액션토끼오버액션토끼. .?신생아기저귀신생아기저귀.?마미포코마미포코.?리프가닉기저귀리프가닉기저귀 
 하기스
보솜이
마미포코 이런 종류의 기저귀만 쓰다가 밑에 글에베피스라는 기저귀가 있네요.기저귀를 한번 바꿔 볼까 해서요.사용하신 분들 후기 부탁드립니다.
 베피스 기저귀 밴드 쓰시는 맘님개월 남자아기 기저귀로 어떤지 혹시 제품 추천이나 후기좀 부탁드려요 
 베피스 기저귀 써보신분들 어떠셧어용?후기 좀 알려주세영 ㅎ
 개월 에너자이저 여아 맘 입니다..키로 꿀벅지구요.하기스만 쭉 써오다가아가가 하기스 테이프를 쭈욱 뜯어버리는 일 자주 발생꿀벅지 아가라 허벅지에 쬐는지 자국이 생기고뛰어다니면서 허벅지에 테이프가 쓸려 자꾸만 상처가 생겼어요.하기스에 테이프 마감을 둥글게 해달라고소비자 의견을 개진했지만 회신도 없고.. ㅎㅎ절이 싫으면 중이 떠나야지요. 과감히 하기스와 안녕을 고하고새로운 기저귀를 찾아 떠나기로 합니다. 인터넷에서 무료 샘플링을 구해볼까조동이나 문센 엄마들에게 두어개씩 빌려볼까하는데써봄이라는 사이트가 있더라구요. 여러 종류와 단계로개씩 구매를 할 수 있어요. 테스트해보고 결정하면 되겠다 싶어 빌려서 써봤을 때 좋았던 기저귀와좋다고 주워들은 기저귀들 주문개씩 비닐포장에 네이밍 잘 붙어 왔구요.사진 안 찍은게 아쉽네요.깔끔하게 왔어요구입한거 중에서 슈베스 빼고 하나씩 모아 찍어봤어요. 제가 젤 맘에 든 건비교할 수 있게 표도 만들어져 왔어요. ....... .......? 본문 이미지....... .......? 본문 이미지위에 사진은 함께온 비교표예요.제가 주문한 것들로 저렇게 오더라구요.생각나는대로 쓴거라 너저분해서 내용은 가렸어요.정리해서 후기 쓸게요. 저렇게 있으니 헷갈리지 않고 정확히 비교할 수 있었어요.주문한 기저귀는 모두 팬티형으로페넬로페 씬씬씬 단계여아슈베스 슈퍼슬림 단계공용펨퍼스 드라이 단계공용킨도 프리미엄 단계공용베피스 엑스트라소프트 단계여아입니다. .키로는 주로 단계 쓰는데주문할 때부터 크기가 작다는 평이 있는펨퍼스는 단계로 페넬로페와 킨도는 단계를 써봐서 꿀벅지 아가를 위해 크기 비교를 위해 단계를베피스와 슈베스는 정사이즈를 주문했어요. 기저귀 모두 흡수력 좋고 발진 없고 새지 않았어요.그래서 착용감이나 느낌으로 비교할게요.단점만 먼저 비교하자면팸퍼스는 기저귀 안 알갱이가 만져지고 냄새가 나요. 슈베스는 엉덩이쪽 기저귀 폭이 좁아요.페넬로페는 뜯을 때 힘이 들어요. 뜯다가 빡칠뻔.킨도랑 베피스는 다른 애들에 비해 뻣뻣하고 두꺼운 느낌.그래서 저는 슈베스를 한사이즈 업해서 단계로 구입했어요.부드러움과 얇음도 만족하고페넬로페에 비해 조금 저렴하고 잘 뜯겨서요.밤기저귀로 따로 하지 않아도 새지 않고 잘 잡아주네요. 무엇보다 땡땡이가 귀여워요. 기저귀만 입고 쏘다녀도 귀욤터지네요.기저귀 고민 중이 분들은 써봄이라는 사이트에서테스트해보세요. 좀 더 일찍 알았더라면 아가 허벅지 상처도 덜 생겼을텐데 미안해지더라구요. 
 천연코튼쓰는데 가격이절계속배신하구있네요ㅠ후기보면베피스괜찮던데쓰시는분들 밤기저귀로어떻나요?
.쾌적흡수더마테스트 인증.베피스 젠틀온 기저귀 체험단 명 모집. . .● 이벤트 안내. 응모기간월 일 월 일. 당첨자 발표월 일. 당첨상품베피스 신제품 젠틀온 기저귀 . 당첨인원명. . 체험제품 자세히보기.. ..● 덧글 신청방법 안내.. 이벤트 게시글을 본인 블로그와 로 스크랩 한 .. 베피스 젠틀온 기저귀가 필요한 이유.. 아기 성별개월 수기저귀 사용 단계. 사이즈대형특대형점보..● 후기작성 미션 안내. 맘스홀릭베이비 카페건블로그건. 후기 작성기간 목 까지. 후기 작성 시
아래 공정위 지시 문구는꼭 눈에 잘보이게 강조해서 삽입해주세요.. 예시 업체명 로부터 제품을 무상으로 지원받아 작성된 후기입니다.. 쾌적흡수로 아기 피부가 보송보송한 기저귀 내용 필수. 독일 더마테스트 최고등급 인증 받은 부드러운 쾌적한 팬티기저귀라는 내용 필수. 기저귀를 입은 아이의 모습 필수. 필수 태그 .?베피스베피스.?젠틀온젠틀온.?베피스젠틀온베피스젠틀온.?쾌적흡수쾌적흡수.?기저귀추천기저귀추천.?팬티기저귀팬티기저귀 그 외
기저귀 관련 태그..● 우수후기 당첨 안내. 우수후기 당첨 상품오닉피노유기농 순면커버 생리대 종 명. 우수후기 당첨자 발표수.. .?베피스베피스. .?기저귀기저귀. .?베피스기저귀베피스기저귀. .?기저귀체험단기저귀체험단. .?신상기저귀신상기저귀. .?베피스신상기저귀베피스신상기저귀. .?베피스젠틀온베피스젠틀온. .?젠틀온젠틀온. .?젠틀온기저귀젠틀온기저귀. .?더마테스트더마테스트. .?쾌적흡수력쾌적흡수력. .?흡수력좋은기저귀흡수력좋은기저귀. .?흡수기저귀흡수기저귀. .?독일더마테스트독일더마테스트. .?최고등급최고등급. .?부러움부러움. .?기저귀추천기저귀추천. .?기저귀체험단기저귀체험단. .?맘스클럽맘스클럽. .?체험단체험단. .?이벤트이벤트 
.베피스 기저귀 팬티형
밴드형 리뷰.. 
 발진이 잘 나는 아기라서여러가지 바꿔 써봤는데이건 무난히 잘 사용중이다.라서 권장사이즈대로 을 입혀보니작아서 꽉 껴서.... 로 써야한다.소변흡수 잘되고
새는것도 없지만밴드형보다는 소변이 금방 차올라 뭉툭해지고 무거워져서낮에는 팬티형을 쓰고
밤에는 밴드형을 쓴다.개인적으로 페넬로 팬티형과 비슷한 퀄리티 같고가격대비 좋아서 베피스를 계속 사서 쓴다. 
 이것도 권장사이즈 보고 사니 좀 작다.막 움직이다가 붙여놓은 밴드가 떨어져버림딸이 덩치가 좀 있는데몸무게가찍은 후부터는 사이즈로 입혔다.돌무렵 부터인듯.소변을 흡수하는 양도 많고
새지도 않아서외출할때랑 밤기저귀로 유용하다.자주 안갈아줘도 발진이 안나서편하다ㅋㅋㅋ엉덩이부분을 타이트하게 붙이지 않으면엉덩이부위가 떠서 소변이 새버린다.이건 다른 밴드형기저귀도 마찬가지일듯... 
 소형기저귀 때부터 쭉 써온 기저귀다.처음에는 저렴해서 구매했었고이후에 다른 기저귀도 이것저것 써봤는데엉덩이 발진 문제로 베피스로 정착.가격
흡수력
밴드늘림등여러가지 부분도 만족이다.다만 권장사이즈보다는 더 큰 사이즈를 주문해야한다. 주의하기내돈주고 사서 써본 후기.?베피스기저귀베피스기저귀.?.?팬티형팬티형.?밴드형밴드형.?발진없는기저귀발진없는기저귀 
 베피스 맞나요?밴드가 마미포코가 맘에 들어서 첫째 둘째 팬티부터는 계속 쓰고 있는데
이번여름 새로나온 쿨웨이브주위에서 베피스?가 마미포코 밴드랑 비슷하고 괜츈하다하길래..혹시 써보신분 계시면 후기좀 부탁드려요그리구.. 소프트? 뭐 그런 라인별로 있는것 같던데..그것도 알려주심 더욱 감사용
베피스 모션 핏 팬티형 기저귀 남여공용 특대형 단계 총 
 개 상품평의 평균 별점★★★★☆ 
.▼ 후기 및 제품정보 열기 ▼ 
품명 및 모델명
일회용 기저귀
 인증 필 유무
유★★★★
흰색 외
안감부직포
흡수층분쇄펄프
고분자흡수체
방수층폴리에틸렌필름
테이프재접착테이프
사용연령 또는 체중범위
동일모델의 출시년월
년 월
제조자수입자
주서림
제조국
대한민국
취급방법 및 취급시 주의사항
안전표시
제품은 아기의 손이 닿지 않는곳에 보관해주세요. 벌레나 이물질 등이 들어가지 않도록 밀봉하여 보관하여 주세요. 직사광선을 피해 서늘한곳에 보관해주세요.
품질보증기준
공정거래위원회 고시소비자분쟁해결기준에 의거하여 보상해 드립니다.
 제조년월일 ▷ 제조국 ▷ 대한민국개당 수량 ▷ 매수량 ▷ 팩단계 ▷ 특대 
상품평
최고 ★★★★★★☆
좋음 ★★
보통 ☆
별로 ☆
나쁨 ☆
사이즈
예상보다 작아요 ★
정사이즈예요 ★★★★★★★★
예상보다 커요 ☆
두꺼워요 ☆
보통이에요 ★★★★★★★★
얇아요 ★
 단계모션 핏 베피스 팬티형 특대형 남여공용 기저귀 
 예쁜 공주님에서는 여러 물건들을 지속적으로 소개해드립니다
물건 구매하시기 전에 공식 사이트에서 한번 더 정보를 확인해주세요. 
쾌적흡수더마테스트 인증베피스 젠틀온 기저귀 체험단 명 모집● 이벤트 안내 응모기간월 일 월 일 당첨자 발표월 일 당첨상품베피스 신제품 젠틀온 기저귀당첨인원명체험제품 자세히보기.. ● 덧글 신청방법 안내. 이벤트 게시글을 본인 블로그와 로 스크랩 한 . 베피스 젠틀온 기저귀가 필요한 이유. 아기 성별개월 수기저귀 사용 단계 사이즈대형특대형점보● 후기작성 미션 안내 맘스홀릭베이비 카페 건 블로그 건 후기 작성기간 목 까지 후기 작성 시
아래 공정위 지시 문구는꼭 눈에 잘보이게 강조해서 삽입해주세요. 예시 업체명 로부터 제품을 무상으로 지원받아 작성된 후기입니다. 쾌적흡수로 아기 피부가 보송보송한 기저귀 내용 필수 독일 더마테스트 최고등급 인증 받은 부드러운 쾌적한 팬티기저귀라는 내용 필수 기저귀를 입은 아이의 모습 필수 필수 태그 .?베피스베피스.?젠틀온젠틀온.?베피스젠틀온베피스젠틀온.?쾌적흡수쾌적흡수.?기저귀추천기저귀추천.?팬티기저귀팬티기저귀 그 외
기저귀 관련 태그● 우수후기 당첨 안내 우수후기 당첨 상품오닉피노유기농 순면커버 생리대 종 명 우수후기 당첨자 발표수 
 택배가 올일이 없는데 택배가 왔다는 거예요알고보니 베피스 오리엔탈 허브종에 당첨써보고 후기를 쓸까합니다....... .......? 본문 이미지....... .......? 본문 이미지베피스 오리엔탈 허브 워시거품이 잘 나요.향도 물론 좋구요부드럽고 보습이 오래가서 좋았어요워시는 머리부터 발끝까지 샴푸로도 쓰셔도 되요♡....... .......? 본문 이미지....... .......? 본문 이미지베피스 오리엔탈 허브 마일드 샴푸이건 레몬향같은데 제 스타일손에 문질면 거품나기가 조금 힘든데머리결에하면 두번만 돌려도 거품이 짱짱짱....... .......? 본문 이미지....... .......? 본문 이미지베피스 오리엔탈 허브 로션이 아이도 부드러우면서 잘 스며들었어요가벼운느낌인줄 알았는데오랫동안 머물고있어서 좋더라구요 굿굿....... .......? 본문 이미지....... .......? 본문 이미지베피스 오리엔탈 허브 수딩미스트전 미스트를 사용안해요있다하여도 그냥 방치?ㅋㅋ기저귀 발진용으로 쓰는데 쏘쏘 솔직히 금방날라가는 미스트는 전 잘 모르겠어요쓰는방법을 잘 몰라서 그런거일수도 있겠죠?....... .......? 본문 이미지....... .......? 본문 이미지베피스 오리엔탈 허브마사지오일이거 물건건조한부분에 썻는데 바로 스며들더라구요제손에도 바로스며들고 촉촉이건 재구매 의사가 있는 아이였어요....... .......? 본문 이미지체험단을 하면서 이아이 저아이 써보니 재구매의사도 있고 좋은 경험이였습니다감사합니다 
긍정이의 쾌적함을 위해 기저귀체험단 응모기저귀유목민 생활을 끝낼것인가?쾌적흡수더마테스트 인증베피스 젠틀온 기저귀 체험단 명 모집● 이벤트 안내 응모기간월 일 월 일 당첨자 발표월 일 당첨상품베피스 신제품 젠틀온 기저귀당첨인원명체험제품 자세히보기.. ● 덧글 신청방법 안내. 이벤트 게시글을 본인 블로그와 로 스크랩 한 . 베피스 젠틀온 기저귀가 필요한 이유. 아기 성별개월 수기저귀 사용 단계 사이즈대형특대형점보● 후기작성 미션 안내 맘스홀릭베이비 카페 건 블로그 건 후기 작성기간 목 까지 후기 작성 시
아래 공정위 지시 문구는꼭 눈에 잘보이게 강조해서 삽입해주세요. 예시 업체명 로부터 제품을 무상으로 지원받아 작성된 후기입니다. 쾌적흡수로 아기 피부가 보송보송한 기저귀 내용 필수 독일 더마테스트 최고등급 인증 받은 부드러운 쾌적한 팬티기저귀라는 내용 필수 기저귀를 입은 아이의 모습 필수 필수 태그 .?베피스베피스.?젠틀온젠틀온.?베피스젠틀온베피스젠틀온.?쾌적흡수쾌적흡수.?기저귀추천기저귀추천.?팬티기저귀팬티기저귀 그 외
기저귀 관련 태그● 우수후기 당첨 안내 우수후기 당첨 상품오닉피노유기농 순면커버 생리대 종 명 우수후기 당첨자 발표수 
베피스 젠틀온 기저귀 체험단 명 모집쾌적흡수더마테스트 인증 기저귀 ...?...? 
 .쾌적흡수더마테스트 인증.베피스 젠틀온 기저귀 체험단 명 모집. . .● 이벤트 안내. 응모기간월 일 월 일. 당첨자 발표월 일. 당첨상품베피스 신제품 젠틀온 기저귀 . 당첨인원명. . 체험제품 자세히보기... ..● 덧글 신청방법 안내.. 이벤트 게시글을 본인 블로그와 로 스크랩 한 .. 베피스 젠틀온 기저귀가 필요한 이유.. 아기 성별개월 수기저귀 사용 단계. 사이즈대형특대형점보..● 후기작성 미션 안내. 맘스홀릭베이비 카페 건 블로그 건. 후기 작성기간 목 까지. 후기 작성 시
아래 공정위 지시 문구는꼭 눈에 잘보이게 강조해서 삽입해주세요.. 예시 업체명 로부터 제품을 무상으로 지원받아 작성된 후기입니다.. 쾌적흡수로 아기 피부가 보송보송한 기저귀 내용 필수. 독일 더마테스트 최고등급 인증 받은 부드러운 쾌적한 팬티기저귀라는 내용 필수. 기저귀를 입은 아이의 모습 필수. 필수 태그 .?베피스베피스.?젠틀온젠틀온.?베피스젠틀온베피스젠틀온.?쾌적흡수쾌적흡수.?기저귀추천기저귀추천.?팬티기저귀팬티기저귀 그 외
기저귀 관련 태그..● 우수후기 당첨 안내. 우수후기 당첨 상품오닉피노유기농 순면커버 생리대 종 명. 우수후기 당첨자 발표수. .
..쾌적흡수더마테스트 인증.베피스 젠틀온 기저귀 체험단 명 모집. . .● 이벤트 안내. 응모기간월 일 월 일. 당첨자 발표월 일. 당첨상품베피스 신제품 젠틀온 기저귀 . 당첨인원명. . 체험제품 자세히보기... ..● 덧글 신청방법 안내.. 이벤트 게시글을 본인 블로그와 로 스크랩 한 .. 베피스 젠틀온 기저귀가 필요한 이유.. 아기 성별개월 수기저귀 사용 단계. 사이즈대형특대형점보..● 후기작성 미션 안내. 맘스홀릭베이비 카페 건 블로그 건. 후기 작성기간 목 까지. 후기 작성 시
아래 공정위 지시 문구는꼭 눈에 잘보이게 강조해서 삽입해주세요.. 예시 업체명 로부터 제품을 무상으로 지원받아 작성된 후기입니다.. 쾌적흡수로 아기 피부가 보송보송한 기저귀 내용 필수. 독일 더마테스트 최고등급 인증 받은 부드러운 쾌적한 팬티기저귀라는 내용 필수. 기저귀를 입은 아이의 모습 필수. 필수 태그 .?베피스베피스.?젠틀온젠틀온.?베피스젠틀온베피스젠틀온.?쾌적흡수쾌적흡수.?기저귀추천기저귀추천.?팬티기저귀팬티기저귀 그 외
기저귀 관련 태그..● 우수후기 당첨 안내. 우수후기 당첨 상품오닉피노유기농 순면커버 생리대 종 명. 우수후기 당첨자 발표수. .
쾌적흡수더마테스트 인증베피스 젠틀온 기저귀 체험단 명 모집● 이벤트 안내 응모기간월 일 월 일 당첨자 발표월 일 당첨상품베피스 신제품 젠틀온 기저귀당첨인원명체험제품 자세히보기.. ● 덧글 신청방법 안내. 이벤트 게시글을 본인 블로그와 로 스크랩 한 . 베피스 젠틀온 기저귀가 필요한 이유. 아기 성별개월 수기저귀 사용 단계 사이즈대형특대형점보● 후기작성 미션 안내 맘스홀릭베이비 카페 건 블로그 건 후기 작성기간 목 까지 후기 작성 시
아래 공정위 지시 문구는꼭 눈에 잘보이게 강조해서 삽입해주세요. 예시 업체명 로부터 제품을 무상으로 지원받아 작성된 후기입니다. 쾌적흡수로 아기 피부가 보송보송한 기저귀 내용 필수 독일 더마테스트 최고등급 인증 받은 부드러운 쾌적한 팬티기저귀라는 내용 필수 기저귀를 입은 아이의 모습 필수 필수 태그 .?베피스베피스.?젠틀온젠틀온.?베피스젠틀온베피스젠틀온.?쾌적흡수쾌적흡수.?기저귀추천기저귀추천.?팬티기저귀팬티기저귀 그 외
기저귀 관련 태그● 우수후기 당첨 안내 우수후기 당첨 상품오닉피노유기농 순면커버 생리대 종 명 우수후기 당첨자 발표수 
세벨귀 오버액션토끼 기저귀 
 베피스기저귀 신제품 
 안녕하세요. 짱짱맘이예요가끔은 예쁜디자인의 기저귀를 입고싶을때 있잖아요.근데 디자인만 이쁜기저귀일지 몰라서 쓰던걸로 쓰게되던때가 종종있었는데요.또 여름이 돌아오니 예쁜 기저귀를 채우고 싶은 열망이 생기네요그치만 또 맘에 안드는 기저귀일까 쉽사리 기저귀를 바꾸지 못하고 있었는데 제가 애용하던 베피스에서 여름을 맞이해서?벌써여름인가??여름 신제품으로 제가 정말 좋아하는 오버액션토끼를 캐릭터로 기저귀를 출시했더라구요. 
 어쩜 너무 기여운 오버액션토끼가 떡하니 그려져있는것도 모자라서 엉덩이에는 세젤귀라고 적혀있는데 완전 심쿵했답니다. 
 일부로 바지도 안입혔어요.날도 덥기도 하고 엉덩이에 적힌 세젤귀라는 단어도 보고싶었구요.정말로 너무 이쁘다는 말만 생각했었는데 세젤귀라고 떡하니 적혀있으니까 마치 이름표를 달아준것같이 너무 잘어울렸답니다.볼때마다 궁둥이를 팡팡 해주고플 만큼 너무 기여운 디자인이예요. 
 귀엽기만 하면 베피스가 아니죠?디자인도 귀엽지만 정말 엄청난 흡수력을 자라아한답니다뛰어난 뽀송함으로소변을 빠르게 많은양을 흡수 해서 쾌적함을 유지해줘서 더운여름에 기저귀발진에 대비할수가 있어요. 
활동적인 우리 짱짱이에게 샘방지가 정말 중요한데 안심 이중 샘방지 시스템으로 많이 움직여도 큰동작에도 옆으로 샘없이 편안하답니다.소변알림마크는 적은양으로도 노란색에서 초록색으로 바뀌어서 제때 우리 짱짱이의 기저귀를 갈아줄수가 있어요.
 신축성이 뛰어난 입체핏으로 엄청나게 움직이고 뛰어다니고 다리찍기도 하는 우리 짱짱이의 움직임에 있어서 편안하고 자유롭게 해준답니다. 
 정말 세젤귀 뒷모습이예요 
 예쁜디자인에도 뛰어난 기능성까지 더해서 제가 원하던 기저귀예요자주 이용하던 베피스라서 더 안심하고 이용할수가 있답니다. 
 예쁘기만하면 베피스가 아니잖아요.오버액션 캐릭터가 기저귀에 그려져 있어서 입을때마 너무 귀염터지고 통기성 소재를 이용해서 공기가 잘 통하도록 만들었답니다.기저귀 안까지 언제나 쾌적하게 유지해준답니다.요즘처럼 덥고 습한날씨에는 정말 제격인것같아요.여름기저귀로 베피스 오버액션 기저귀로 여름나보려고해요.오버액션 쏙 패드로 밤에 양이 많은 아이들에게도 좋답니다. 
 친절한 오버액션토끼와 곰이 뜯는곳까지 알려주네요.뜯는곳 찾기 어려운 기저귀도 많은데이런 친절함에 세심한 감동도 느꼈답니다. 
 이미지와 맞게 뛰어난 깔끔함으로 기저귀봉투까지 포함되어있어요.요즘엔 날이 더워서 매직캔에 그냥 버려도 버릴때마다 고약한 냄새가 올라오곤하는데 버릴때 오버액션기저귀봉투를 사용하면 정말 좋을듯해요. 
 사이즈도 넉넉해서 기저귀가 두개나 들어간답니다.일반 위생봉투와는 다르게 얇고 부드러운 촉감에 잘 찢어지지 않는 제질이예요.덕분의 기저귀 냄새를 잘 잡아주더라구요. 
 집에서도 요렇게 쓰지만 외출해서는 더 요기나게 쓸수 있을듯해요.매번 사용후 그냥 버리기 일쑤였는데 오버액션 기저귀봉투를 사용하면 보다 외출해서도 보다 깔끔하게 뒤처리를 할수 있답니다. 
 요즘은 길게 외출하는일이 많치 않아서 쓰레기통옆에 배치해서 매번 기저귀버릴때마다 사용하고 있답니다.덕분에 쓰레기통을 열때도 다용도실 공기도 너무 깔끔하고 냄새도 사라졌어요이제 냄새끝 
 ▼▼▼베피스신제품 오버액션토끼 기저귀 보러가기▼▼▼ 
 본 포스팅은 제품만을 제공받아 이용후 솔직하게 작성된 후기입니다. 
베피스젠틀온 체험단모집 이벤트 
 👇베피스 젠틀온 체험단 모집 이벤트👇 .... 흡수력 좋은 기저귀를 찾고 계신 분 모두 손 향상된 쾌적흡수력으로 우리 아이의 피부를 보송보송하게⠀누구보다 빠르게 베피스의 신제품 기저귀 젠틀온’을체험해보고 싶다면
우리 아이에게 베피스 기저귀 젠틀온이필요한 이유를 적어 댓글로 남겨주세요.⠀추첨을 통해 분께 신제품 젠틀온을 체험할 수 있는 기회를 드립니다.⠀☑ 기간 화월☑ 당첨자 발표 화 개인 으로 발표☑ 당첨 지금 바로 베피스 인스타그램 팔로우하고 친구까지 소환하면 당첨확률 ☑ 제공 상품 유형대형 특대형점보 팬티기저귀☑ 체험단 선정 주의사항 체험단 선정 시
기저귀 신제품 베피스 젠틀온이 배송되며 이에 대한후기를 개인 에 꼭 올려주세요. 이에 대한 동의가 어려울 시
당첨은 취소됩니다. 
 사진 설명을 입력하세요.사진 설명을 입력하세요.사진 설명을 입력하세요. 
하...이건 너무 오래전에 받은 이벤트당첨선물무슨 이벵이었는지조차 기억이 나질 않는다ㅠㅠ뭐였더라 뭐했는데 이게 왔더라?에휴 이 망할 기억력 ㅋㅋㅋㅋㅋ베피스 기저귀팩베피스퓨어종을 받았어요.임신후부터 여기저기 다니며 받은 기저귀가 벌써 꽤 되는 것 같네요.기저귀는 많을수록 좋다는 선배맘들의 얘기를 귀담아 잘 쟁여두고 있는 중 ㅋㅋㅋㅋㅋ 
 베피스 기저귀남녀공용이구요 소형 장씩 들어있어요.한달 이후부터 까지 사용할 수 있다는 이야기겠죠?기저귀 잘 몰라요 
 뒷면에는 베피스 기저귀만의 특징이 상세히 적혀 있어요.엑스트라 소프트 패드 피부와 닿는 접촉면의 부드러운 감촉이 아기피부를 포근하게 감싸 줘요부드러운 접착 벨트 접착력이 좋아 착용감 우수하고 버릴때도 깔끔하게 정리가능해요안심 이중 샘방지 시스템 움직임이 많아도 샘 걱정없이 안심 사용가능해요배 길어진 허리밴드 신축성이 뛰어난 허리밴드가 허리를 감싸 더욱 편안해요엑스트라 드라이 시스템 많은 양의 소변을 빠르게 흡수해 아기엉덩이가 항상 보송보송우수한 통기성 통기성소재를 사용하여 기저귀 안까지 쾌적하게 해줘요편리한 소변알림마크 소변을 보면 소변 알림라인의 색이 노란색에서 초록색으로 바뀐대요. 
 기저귀 타입별로 사이즈 안내도 나와있어요.전 아직 뭐가뭔지 잘 감이 안오지만 출산하고 나면 그땐 이해가 확실히 쉬워질 듯 ㅎㅎ아기들은 폭풍성장하기 땜에 사이즈 사기에 살짝 애매할 때는 한사이즈 큰 걸 사서 채워줘도 좋대요. 
 요건 베피스 퓨어 베이비 모이스춰 로션과 헤어바디워시깜찍한 샘플이예용 샘플이라 어디 갈 때 유용하게 사용할 수 있을듯해요.내가 기저귀를 받게되다니....유서방도 신기한 듯 계속 이리보고 저리보고 ㅋㅋㅋㅋㅋ어떻게 생겼을지 뜯어보고싶은데 새거라 뜯지도 못하겠네요막달되면 그 때 기저귀함 하나사서 정리해야하니 그 때 오픈하는 걸로 ㅋㅋㅋㅋ베피스는 다양한 이벤트도 많고 아기들을 위한 용품도 많아서 참 좋아요.앞으로도 쭈욱 응원할게요.이벵당첨 기저귀 감사해요 잘 사용할게요 ♥ 
 군마미포코보솜이 써봤는데또 다른거 써보고싶어요 ㅋㅋㅋ리베로
 베피스
 수퍼대디
 데디베이비 기저귀 후기알려주세요
 베피스 기저귀가 저렴하길래 한번 써볼까하는데 사용해 보신 맘들 후기 좀 부탁 드려요. 흡수력은 괜찮은지. 새지는 안는지. 발진 등 아무거나 아시는데로 댓글 부탁 드려요
 국산 쌍용제지에서 만들었다는 기저귀인데요써보신분 계심 후기좀 알려주심 감사요가격이 엄청 저렴이라 네이처메이드사던 가격에 비함 거의 .배인데 왕창사놨다 안맞을까봐 걱정도되구별 쓸데없는 걱정부터 하고 있네요ㅎㅎ
 한번도 사용해본적없어서 사용해보신분들 혹시 후기좀 알려주심 안될까요?
 기저귀 사용후기 탄
기저귀 비교 및 장단점베피스
 나비잠
 ”네이쳐러브메레
 에코제네시스 
. 베피스 소프트핏 중형 
으로 사이즈를 제작하여 아기가 쯤 되었을 때
다른 기저귀 중형에 비해 허벅지 조임 없이 쓸 수 있는 기저귀. 다른 중형들 보다 조금 더 길고 직접 채웠을 때도 널널하다는 느낌이 들었다.형광물질이 들어가지 않은 기저귀라는 점이 제일 큰 장점이며 가격이 낮은편이라 가성비가 좋다. 앞
뒤 구분이 정확하여 할머니
할아버지들이 봐주실 때잠시 아기를 맡기는 경우ㅎㅎ 혼동 없이 유용할듯하다. 소변 흡수후 기저귀 안쪽 색이 노랗게 변하며 가끔 겉으로 보기에도 노랗게 변한게 희미하게 비침. 기저귀를 그냥 만졌을 때 알갱이 같은게 좀 만져지는편. 팩 매이며 팩에 원에 구입. 한 매당 원 정도.. 나비잠 매직 슬림 소프트 중형사이즈 
왼쪽부터 차례로 베피스
나비잠 매직 슬림 소프트
나비잠 프리미엄 울트라씬 
다른 기저귀들 보다 얇은편이며 겉과 안의 소재가 부드럽다. 나비잠 기저귀 자체의 특징이자 장점인듯 함. 흡수력도 괜찮은 편이며 소변 흡수 후 한쪽으로 쏠려 뭉침이 없다. 기저귀 발진이 적어 주변에서 많이들 사용하고 있었다. 매주 수요일 마미다닷컴나비잠 공식 홈페이지에서 시마다 댓글 이벤트를 실시한다. 명을 선정하여 무료 샘플 매를 랜덤으로 보내주니 직접 사용해보고 구입하는 것도 좋을 것 같다. 중형 팩에 매입이며
매당 약 원 정도에 구입 가능하다.마미다닷컴 홈페이지 정가. 나비잠 프리미엄 울트라씬 중형사이즈 
매우 매우 매우 얇은 초경량 기저귀. 위쪽의 매직 슬림도 얇은편인데 이것보다 더 얇다는게 만졌을 때도 느껴진다. 아마 얇아서 기저귀 발진이 없다는 말이 나오는 것 같다. 주변에서 인생기저귀
기저귀종착역이라고 칭찬이 자자하던데 그 이유가 얇지만 강한 흡수력이 아닐까 싶다. 약간의 단점이라면 패턴이 진한 기저귀라 소변선이 한눈에 확 들어오지 않았다는 점이며
재구매하여 사용하였다. 중형 팩에 매입이며
매당 약 원 정도이다.마미다닷컴 홈페이지 정가. 네이쳐러브메레 더 슬림 밴드 중형 
슬림형은 매우 슬림하다. 얇기는 나비잠 울트라슬림과 유사한? 혹은 더 얇은듯 싶을 정도로 매우 슬림한 기저귀. 흡수 좋고 소변 후 손으로 만져도 축축함이 없으며 역류가 없다. 촉감도 부드러워서 재구매 의사가 높았다. 여름 기저기로 완전 추천ㅎㅎㅎ 약간의 단점 아닌 단점이라고 한다면 양쪽이 붙어있어서 많이 울고 성격이 급한 아기가 사용하려면 미리 펼쳐놓을 필요는 있겠다. 사실... 단점이 별로 없어서 이거라도 적어보아요. 팩에 매입이며
매당 약 원 정도이다.티몬 꿀딜가. 에코 제네시스 인펀트 밴드형 사이즈 
영국제 친환경 기저귀로 옥수수 추출원료 인지오 원단으로 만들어져 개월 이내에지연분해 된다는 자연친화적 기저귀. 두께는 좀 있는편이며 흠수는 좋은편이나 기저귀에 무늬나 오줌선이 전혀 없다. 소변확인은 만져보아야 알 수 있어 불편함은 있었다. 바로바로 갈아주지 못한다는 단점. 곡물 추출 원단을 사용하여 기저귀 발진을 줄였다고 하지만 소변 후 만져보면 덜 흡수된 느낌이 있었다. 가격이 좀 사악하지만 좀 더 좋은걸 주고 싶은게 엄마 마음이니까. 그리고 환경을 생각한다면 더할나위 없다. 인펀트 팩에 매이며
장당 약 원 정도이다.홈페이지 정가 
 무료임신축하선물 베피스 기저귀 당첨 후기 
일등맘 카페 이벤트로 한달에명씩 
무료임신축하선물이 매달 랜덤추첨으로 베피스 기저귀팩을 무료로 보내주고 있습니다 .원래 경품운은 지지리도 없는 저이지만 
혹시나 해서 신청했더니 이렇게 당첨되었네요짝짝짝짝득템했다고 혼자 자축하고 있어요 . 경사났네아싸월에 당첨되서월월에 받았으니 배송도 당첨소식받고일주정도 걸린거 같아요 . 아직 첫아이 임신중이라 기저귀에 대해서 잘 몰라서 베피스 기저귀에 대해서 알아봤어요 .
아기에게 해로운 성분이 없고 
모든 제품에 전성분과 제조일자가 표기 . 피부자극 테스트 무자극 판정 . 인증 . 다이옥신 불검출. . 유해물질 테스트 검출 없음 . 위생적인 자동화 생산 시스템국내생산
베피스 소프트앤핏 만의 편안한 기저귀 . 소프트한 감촉 패드 . 소프트 시크릿 혹 . 와이드허리밴드 . 엣지 롱 벨트 . 안심이중 샘방지 시스템 . 편리한 소변 알림 마크 .입체 슬림핏 
우리아이 성장에 따라서 사이즈 맞게 선택해서 쓰면 될꺼 같아요 .제가 받은건 소프트앤핏 소형 으로 울 제제 태어나면 사용하게 될 첫 기저귀가 되겠네요 .
신생아때는 하루에개정도 기저귀를 갈아야 한다고 하던데 
일등맘 산모교실에서 무료임신축하선물로 받은 베피스 기저귀 너무너무 감사해요울 제제가 사용하게 될 날을 기다리며 ...신청은 일등맘 산모교실카페에서 가능하고 
예비맘분들 신청하셔서 이런 기회 놓치지 마시고 모두 당첨 되셔서 아이에게 좋은 선물이 될 수 있으면 좋겠네여 . 물론 랜덤 추첨이긴하지만 제가 당첨된거 보니깐 당첨 확률이 매우 높은거 같아요 . 
 팬티기저귀
하... 베피스 기저귀 대형 구매 후기 
하............ 
저는 지미니 기저귀를 에서 구매합니다.베피스 역시 에서 구매했구요.원 할인 쿠폰 뭐 이런거까지 해서 상당히 저렴하게 구매했는데...........싸긴 정말 싸요. 저렴해요. 
세일이고 겹쳐서 무려 박스나 구매했지뭡니까.팩박스 였던것 같아요.베피스 모션핏 타이틀이 좋아서 구매했는데....결론은 실패였어요. 
지미니 팬티기저귀는팸퍼스 팬티기저귀를 썼었어요.하지만 토마스 기저귀가 유해물질 발견이라는 보도가 뜬 뒤로마트에서 사라져버렸답니다.저 또한 그걸 더 이상 쓸 수 없었죠.그래서 팬티기저귀 정착을 위해 이것저것 써보는 중이에요.지미니에게 베피스는 실패에요.예전에 밴드기저귀로 쌍용 기저귀를 쓴 적이 있었는데 그 때 실패했었거든요.근데 거기랑 같은 쌍용이 만든 팬티기저귀랍니다. 
문제가 뭐냐면서있을 때는 팬티기저귀가 괜찮은데...눕거나앉거나주저 앉거나기대거나 하면 기저귀가 샙니다.우리지미니가 웬만한 팬티기저귀 흡수율을 못당해서팸퍼스 토마트 팬티기저귀만 쓴 것도 있는데..이건 너무 많이 새서ㅜㅜ 도저히 쓸 수가 없었어요.잠잘 때는 더더욱 안되구요.베피스 기저귀 너무 많이 새서 거의 매일 이불 빨래를 했었네요.이제 겨우 팬티기저귀 정착하려하는데최근에 정말 다양한 팬티기저귀를 사서 썼기 때문에 후기 공유 할게요
 ◆ 베피스기저귀 나눔이벤트기저귀 필요하세요? ◆ 
베피스기저귀 나눔이벤트 신제품 드라이핏 기저귀 나눔해요안녕하세요 이번 포스팅은 아기엄마
 아빠들이라면 좋아할 내용입니다 거두절미하고..
기저귀 나눔해요 
필요한 분들 무브무브 
제가 친구의 서포터즈 활동으로 알게되어베피스맘 기를 지원하고 당선되어활동을 하고 있어요.어느덧 해단식까지 마치고 아쉬운 마무리를 하게 되었답니다.지금까지 서포터즈를 여러개 해봤지만 정말 꿀서포라고 할만큼부담을 주지 않았던 이 곳.육아하느라 힘든데 굳이 컴이나 폰에 붙들려야 겠냐며정말 편안하게 해줬던 베피스맘.아기용품 뿐만 아니라 생활용품 이모저모를 체험하며제품에 대한 의견도 내고 제안을 하며함께 같이 즐거운 시간을 보냈던거 같네요.덕분에 여러 육아맘들과 여러 정보를 공유할 수 있게 되었고저에게는 참 의미있고 좋았던 개월이였습니다.보면 제품도 정말 좋았고 사용감도 좋은데홍보가 덜되서 잘 모른다는게 조금 아쉽더라고요..그래서 서포터즈를 떠나 엄마의 입장에서이 기저귀 진짜 괜찮았다 라고 입을 모아 칭찬했던기저귀
드라이핏을 나눔하려고 해요이번에 신제품으로 나온 아이기도 해요. 
움직임이 편한 기저귀로 
활동성을 고려한 아기들을 위한 드라이핏.편안한 
스포츠웨어 타입으로
좀 더 통기성이 좋고 편한 착용감이 특징인아기기저귀 입니다.저희 이번 기 오프모임을 통해서다양한 라인을 겸험해 봤는데이 제품에 대해서 평이 굉장히 좋았거든요 
제가 사용하고 강추하는 안심 무형광기저귀기도 합니다.사용 후기는 위에 참고해보아요 
베피스 드라이핏의 특징은 홈페이지로도잘 나와있는데요.아이에게 편안한 착용감을 주고게다가 성분도 안심할 수 있고
 흡수력이 좋기 때문에아마 이 기저귀를 사용해본다면만족도는 높을꺼라 예상합니다 
이 리뷰에 적힌 상황의 똥찬이는개월차
.킬로 약간 슬림한 타입이예요.
착용컷
이니 참고하시고요. 
나눔이벤트 공지. 
◆이벤트 기간 월 일 일수요일
첨자발표 월일 자정까지
◆나눔기저귀 드라이핏 팬티기저귀인당 팩 대형 특대형점보중 택
◆당첨인원 명 인스타도 올릴껀데 통합명참여방법
. 을 이웃추가.. 이런거 없어요. 전 소통을 여유있을때만 해서 굳이 안해도 상관없어요ㅋ저도 제대로 못하는걸 후기만 잘 써주세요뭐 제 블로그에 관심이 있다면야.....
.이벤트내용을 스크랩공유 해주세요.
.공유 과 베피스 기저귀를 사용하고 싶은 이유
댓글로 작성해주세요.
 비댓글로 싸이즈
받으실분 성함
연락처등
배송정
보를 알려주세요.
 주소취합기간이 딜레이되는걸 막기 위해
한번에 받으려 합니다. 이벤트 끝나면 정보삭제할께요
 나눔이벤트 당첨자 미션본인블로그베피스홈페이지 리뷰작성선정은 제가 임의로 할껀데성의 있는 써주실 분들을뽑으려 합니다. 
참고로 싸이즈 정보예요.저는 아들내미한테 넉넉하게 특대형으로 입힙니다.흘러내림없이 잘 맞아요. 
기저귀 필요한 분들 지원해주세요 
 페넬로페
하기스
토디앙핑크퐁
베피스
보솜이 여아 팬티기저귀 사용후기 
미니미는개월키로 넘는 몸무게로허벅지가 굵은 여아입니다 
한달전 찍은 사진으로 지금은 더 나 갈꺼예요 
우리 아이 다행히 기저기 발진 없어서엄마 취향대로 여러가지 종류 다 쓰는 중 
왼쪽 위에서 부터베피스 
보솜이 토디앙 핑크퐁 
페넬로페 
하기스
베피스 대형 보솜이 특대형 토디앙 핑크퐁 대형일어서거나 걸음마 걷는 아기페넬로페 대형 하기스 대형 걷기 시작하는 아기 
하기스와 네이처메이드 다들 많이 쓰시던데저는 흐느적 거린다는 느낌이라고 할까요?빳빳하지 않은 느낌이 싫더라구요개인적은 느낌이니 참고만 하세요올여름 페넬로페 많이 썻었어요페넬로페 밴드형 빳빳하니 괜찮았거든요그래서 여름에 쓰던거라 지금페넬로페 대형 는 우리 미니미에게 지금 작아요 
앞뒤 
밴드형이랑 팬티형 두 종류 번갈아 쓰고 있구요팬티형 밴드형 비율로활동이 많고 가만누워있지 않으므로 팬티형 기저귀를 많이 애용 하고 있어요 
소변줄 
안쪽면 
옆라인 
늘어남 
착용모습뒷처리 
페넬로페. 허리밴드잘늘어나고 부드러움. 소변줄선명하게 나타남. 흡수율밤새 기저기 갈아주지 않았는데 나름 흡수율도 좋음. 발진올여름 큰 발진 없이 잘 씀. 옆라인 샘방지이중 구조단점 기저기 뜯을때 너무 질겨서 뜯어내기 힘듦 
소변줄표시없음 
안감 
옆라인늘어남 
토디앙 핑크퐁. 허리밴드잘늘어남. 페넬로페에 비해 조금 거침뜯을때 쉽게 뜯어지는 편임. 소변줄표시가 없음 그래서 귀저기 갈아줄때 만져서 확인함. 흡수율귀저기 교체시기를 만져서 확인그만큼 흡수율은 조금 떨어짐. 발진큰 발진 없음. 옆라인 샘방지넓은 이중 구조라 착용후 재정리 안해서 편함단점 기저기 뜯을때 쉽게 뜯어지니 기저기 입힐때 뜯어지는 경우가 종종 있음 
소변줄 
안감 
옆라인 늘어남 
베피스. 허리밴드잘늘어나고 두번째로 부드러움. 소변줄선명하게 나타남. 흡수율보통. 발진없음. 옆라인 샘방지이중구조 
소변줄 
안감 
옆라인늘어남 
착용모습 
보솜이. 허리밴드허리밴드 뿐만이라 전체적인 촉감은 가장 부드러움. 소변줄선명하게 나타남. 흡수율좋음. 발진없음. 옆라인 샘방지이중 구조단점큰 단점은 그닥 못느낌
디자인 면에서 다른것과는 조금 흐리다고 해야할까? 
소변줄 
안감옆라인 
하기스. 허리밴드고무로만 되어있는 기저기와는 착용감은불편할수 있으나기저귀 교체시 뜯기엔 편함. 소변줄선명하게 나타남. 흡수율나쁘지 않음. 발진큰 발진 없음. 옆라인 샘방지이중 구조단점마지막 뒷처리시 붙이는 부분에서 약간 불안함 큰 단점은 아님 
베피스
페넬로페보솜이
토디앙 핑크퐁하기스 
피부 접촉 부위 촉감베피스보솜이하기스페넬로페토디앙 핑크퐁아주 지극히 개인적인 후기이므로 참고만 하세요협찬 없이 모두 사서 써본 후기입니다 
 무형광기저귀 베피스 새지않아서 좋다 
무형광기저귀 베피스 새지않아서 좋다 
 아이기저귀는 참 브랜드가 많은거같아요 체험단도 많이되서 사용도 해보곤 했지만 꿀벅지나 뱃살이 있는편인 아이들은 사실 하기스만한게 없더라구요 매직밴드가 배에 자국도 남지않고 기저귀 갈때도 편했거든요
밤기저귀는 하기스 오버나이트를 사용중이고 낮기저귀는 이 제품으로 정착한지 좀 됬어요 ㅎㅎ 
 일단 첫번째로 밤기저귀로 채워도 괜찮더라구요
새지않고 물론 물을 옴팡지게 많이 먹은날은 중간에 한번 갈아줘야하는데 이건 하기스 오버나이트도 마찬가지구요 ㅎㅎ 그리고 무엇보다 소프트밴드라서 정말 아이 배에 자국도 생기지 않고 부드러워요 이중 샘방지 때문인지 이 기저귀를 차고는 한번도 샌적이 없어요 ㅎㅎ 
 태오는 이제 막 갤 접어들었꼬 키가 에 몸무게는 키로 돌파해서 사이즈를 사용하고 있어요 ㅎㅎ 
 한달 전 제조된 제품이에요 그리고 무엇보다 오픈했을때 간혹 다른 기저귀들은 화학냄새가 나는 경우도 있는데 이제품은 화학냄새를 느껴본적이 한번도 없어요
그래도 전 늘 한팩씩 다 뜯어서 바구니에 보관하면서 사용중이랍니다. 
 맨첨에 이 기저귀 받고나서 뜯는곳을 한참 찾았더랬죠 ㅎㅎㅎ 보통 윗부분에 있는데 이건 밑에 절취선이 있더라구요 ㅎㅎ
 똑같은 사이즈인데 디자인은 가지에요 ㅎㅎ 근데 사실 디자인보다 기능에 더 충실한게 좋기때문에 디자인이 아무리 이뻐도 그냥 저냥이더라구요 ㅎㅎ 그리고 베피스의 좋은점은 기저귀를 돌돌 팔아서 고정하는 테잎 부분이 강한편이에요 ㅎㅎ 나비잠을 사용할때는 바지입힐때 뜯어지고 돌돌 말아서 고정하면 풀러지고 진짜...몇번 그러니까 승질나더라구요 ㅎㅎ 
 제가 말한 뒷면에 테잎 부분입니다. 정말 강한 편이에요 ㅎㅎ 옴팡지게 젖어서 묵직해서 빵빵해도 절대로 풀린적이 없어요 ㅎㅎ요즘 자기 기저귀는 자기가 버리고 있는데 가다가 떨궈도 안터지더라구요 ㅎㅎ 
 제가 낮기저귀도 하기스를 쓰다 갈아탄 이유는 바로 바로 너무 새서였어요 ㅠ ㅠ 이번에 리뉴얼된 제품 후기들도 보면 아시겠지만 개인적으로 사용한 후기들 보면 샌다는 의견들이 굉장히 많아요 ㅠ ㅠ 그 전 제품도 사실 자주 새는 편이어서 이불빨래를 거의 틀에 한번씩 했는데도 사용했떤 이유는 허리 매직밸트때문이었어여 ㅠㅠ 후기가 좋아서 저역시 베피스를 구매해서 사용해봤는데 정말 배부분이 쪼이지도 않고 새지도 않고 만졌을때 부들부들하고 발진도 없어요 ㅎ 그리고 무엇보다 무형광기저귀라는점그리고 가격도 아주 착해요 장당 원도 안되는 꼴이고 쿠팡에서 정기배송도 되서 더 할인 받으실 수 있답니다 ㅎㅎ 저도 이번에 박스를 주문햇네요새지않고 발진없고 허리나 허벅지 쪼이지않는 기저귀 찾으신다면 베피스 추천해드려요 
 베피스기저귀 바람아솔솔아 베피스 나눔이벤트 모집해요 
안녕하세요 진우맘이예요베피스기저귀 나눔이벤트 한다고 알려드렸는데 이제서야 포스팅 남기네요...ㅠㅠ아이들 없을 때 포스팅해야하니 작업할 시간이 충분치 않네요.....이제 날이 더워지니 슬림핏 기저귀 또는 여름기저귀 찾으시는 분들 많으실텐데 통기성 좋은 기저귀인 베피스기저귀 사용해볼 수 있는이벤트가 있어서 진행해보려해요관심있으신 분들은 참여방법 확인하시고 신청해주세요기한이 오늘까지라 최대한 빨리 해주시면 감사드려요.... 
체험해볼 수 있는 기저귀가 바로 베피스 바람아솔솔아 기저귀예요첫째둘째 사용중인데 얇고 흡수력도 괜찮아서 만족하는 기저귀랍니다통기성이 좋아서 땀이 좀 나도 엉덩이가 빨개지거나발진이 나지 않더라구요참고로 두 아들이 가만히도 안 있는 아가들이라 땀이 좀 많아요ㅎㅎㅎㅎ... 
베피스기저귀가 안심이 되는 건 바로
무형광기저귀 라는 것기저귀에 형광물질있다는 사실 아셨나요?? 전 베피스기저귀 접하면서처음 알았던 사실이였어요....ㅠㅠ그동안 타 브랜드 기저귀에서 발진이 있었던 이유가 다 있었더라구요....베피스는 안에는 물론이고 겉
테이프까지 다 형광증백제 불검출이라니믿고 사용할 만하죠 
베피스 나눔기저귀 이벤트 참여방법 
이벤트기간월 일 금요일당첨자발표월 일 토요일명참여방법진우맘 과이웃추가 해주세요 애정이웃 선호해요ㅎㅎ이벤트 페이지 스크랩공유해주세요공유한 과 베피스 기저귀 사용해보고 싶은 이유
사이즈 댓글로 남겨주세요 
당첨되신 분들은 본인 블로그 및 베피스 홈페이지에 후기 작성해주셔야해요기저귀만 받으시고 후기 안써주시면안되세요ㅠ.ㅠ월 일까지 베피스맘 베피스서포터즈 모집중에도 있으니참여하시고 베피스 제품들도 사용해보세요베피스맘 강추해드려요신청하실 때 진우건강이맘 추천 이라고 적어주시면 감사요♥♥♥ 
임신 축하박스
지금 신청하세요
앙쥬를 비롯해 각종 육아 관련 업체에서 임신부를 위한 임신출산 축하박스를 증정하는 이벤트가 진행되고 있다. 선물 구성도 실용적이고 정기적으로 진행되고 있어 당첨 확률도 높지만 몰라서 놓치는 경우도 많다. 임신을 축하하고 선물을 증정하는 곳을 소개한다. 
최고 경쟁률을 자랑하는 베스트 축하 박스 앙쥬
임신부 샘플팩 
’ ... 
...매거진 앙쥬에서는 매달 임신부를 위한 임신부 샘플팩’을 증정하고 있다. 기존의 임신·출산 관련 브랜드 에서 운하는 것과 달리 다양한 브랜드의 제품이 들어 있어 임신부들 사이에서 입소문이 나 있다. 매달 샘 플팩의 품목이 달라져 각 시즌에 맞는 제품과 새로 나온 제품을 사용해볼 수 있으며 샘플뿐 아니라 정품 도 다수 포함되어 있어 만족도가 높다. 선정 인원이 많은 데도 불구하고 경쟁률이 매우 높다. 치열한 경쟁에 서 당첨되려면 앙쥬 인스타그램과 네이버 포스트를 팔로잉하고 신청 기간이 시작되는 매월 일에 홈페이지 에 접속해 재빨리 신청해야한다. 신규 가입한 달에만 신청할 수 있지만
당첨되지 못한 임신부들을 위해 매 월 일부터 말일까지 명 선착순으로 임신육아생활용품팩’을 증정하는 이벤트도 진행한다. 임신육 아생활용품팩 신청 방법은 임신부 샘플팩 신청과 동일하다. 또한 샘플팩을 받은 사진과 함께 후기를 남기 면 홈페이지에서 사용할 수 있는 마일리지를 받을 수 있다. 신청 대상 앙쥬에 신규 가입한 임신부매달 명신청 기간 매월 일말일 신청 방법 앙쥬 홈페이지에 회원가입 후 이벤트앙쥬 샘플팩’ 메뉴에서 신청한다. 출산 예정일과 임신 증거 자 료를 등록한다. 선물 구성 임신육아 관련 용품 품목은 매달 조금씩 변경됩니다 . 
남양유업
해피마미박스 
임신출산 축하박스 
’ .. .. 기저귀와 앙쥬백과가 증정되는데
기저귀 단계는 등록된 자 녀 정보에 따라 자동 선택되어 발송되므로 사이즈가 맞지 않아 사용하지 못하는 건 아닐까 우려하지 않아도 된다. 신청 대상 임신부부터 출산 일에 해당하는 엄마 회원 중 남 양아이 마케팅 수신 동의 및 자녀 정보출산 정보를 등록한 회원 신청 기간 상시 신청 신청 방법 홈페이지 회원가입 후 해피마미박스’ 메뉴에서 신청 선물 구성 앙쥬백과 권
하기스 기저귀 소형 또는 중형 품목은 내부 사정에 따라 조정될 수 있습니다 . 
매일유업 마더박스’ .. .. 총 종으로 구성되어 있으며 신청 방법만 지킨다면 모두 받 을 수 있으므로 신청 기한을 꼭 지킨다. 신청 대상 임신부부터 출산한 지 일 이내에 해당하는 엄마 회원 신청 기간 회원 정보 등록일로부터 일 이내 신청 방법 홈페이지 회원가입 후 마더박스 신청하기’ 메뉴에 서 원하는 박스를 선택 선물 구성 ①임신 축하 박스임신임신 주 시기 추천하기스 네이처메이드 단계 기저귀 낱개 입
앱솔맘 식이섬유주스 오 렌지 입
매일두유 .식이섬유 각 입
소화가 잘되는 우유 입
난쟁이 똥자루 손싸개 키트
앱솔맘 입 ②출산 기쁨 박 스임신 주출산 일 시기 추천 ③육아 응원 박스출산일일 시기 추천품목은 내부 사정에 따라 조정될 수 있습니다. 
베베폼
임신 박스 
’ ... ... 구성이 알차고 가격대가 높아 경쟁률이 높은 편이다. 신청 대상 임신부매달 명 선정 신청 기간 월말익월 말매달 신청 방법 홈페이지의 임신 박스 신청하기’ 메뉴에서 신청한 뒤 신청 완료된 페이지를 본인의 블로그와 에 공유 선물 구성 칭찬 천연 베이비 미스트
베슈 이너프 물티슈
로고나 베이비아토 로션 샘플 매알로에 수분 젤 샘플 매
보코통 클 래식 수유패드 매
베베샤 바디슈트양말
헤르조그 종 칼세 트
자연들 혼합곡 세트
이유식 실리콘 턱받이
에코인콘 옥수 수 스푼포크 세트
하늘선물 아기 물티슈 매
마더케이 순명아기 건티슈
텐박스 초음파사진앨범
햇살좋은날 스튜디 오 만삭화보촬영권 품목은 매달 조금씩 변경됩니다 . 
베베쿡
베베쿡 박스 
’ .. .. 신청 기간 중 회에 한해 신청할 수 있고
선정되지 않을 경 우 다음 달에 재신청할 수 있다. 베베쿡 공식 인스타그램 계 정을 팔로잉하면 당첨 확률이 더 높아진다. 신청 대상 출산 전 개월출산 후 개월매달 명 선정 신청 기간 매월 일부터 말일까지 신청 신청 방법 홈페이지 회원가입 후 상단의 베베쿡 박스’ 배너로 들어 가 신청 선물 구성 베베쿡 프로바이오맘 일 키트디카페블랙 티백 개 초기 이유식 일 무료 체험권턱받이
마더케이 더블 아기 지 퍼백
베베숲 센시티브 엠보싱 매
군기저귀 신생아용 기저귀
사노산 트래블 세트 종
핀덴베베 체험팩
블룸마터니티 블룸 매 직 클립 개
솔트앤 아가쏠 개 품목은 내부 사정에 따라 조정될 수 있습니다 . 
베피스
기분좋은 기프트 박스 
’ ... ... 매달 진행되지만 당첨 인원이 많지 않아 경쟁률이 높은 편 이다. 임신부의 지인도 참여할 수 있는 이벤트로 주변에 임 신부가 있다면 선물로도 제격이다. 신청 대상 베피스 홈페이지 회원매달 명 신청 기간 월초월말까지매달 신청 방법 베피스 인스타그램을 팔로잉한다. 아기 초음파 사진 을 필수 해시태그와 함께 본인의 에 올리고 해당 포스팅 과 인스타그램 아이디를 베피스 홈페이지의 이벤트예비맘 모여라’ 메뉴 댓글란에 남긴다. 선물 구성 소프트핏 소형 팩
베피스 물티슈 팩 품목은 내부 사정에 따라 조정될 수 있습니다 . 
에리에르 인터내셔널 코리아
임산부는 모여라 
’... ... 대용량으로 구성되어 있어 아이에게 잘 맞는 제품인지 테스 트하기에 적합하다. 블로그 또는 에 군 기저귀와 해당 이벤트를 홍보하고 해당 을 이벤트 신청 시 남기면 당 첨 확률이 높아진다. 신청 대상 에리에르 인터내셔널 홈페이지 회원매달 명 신청 기간 월초부터 월말까지 매달 신청 신청 방법 홈페이지 회원가입 후 군 이벤트’ 메뉴에서 신청 선물 구성 신생아용 박스 또는사이즈 박스 중 랜덤으로 발송 되며 각 박스당 기저귀 매로 구성 ①신생아용 박스군 오리지 널 테이프형군 프리미엄 테이프형 ② 사이즈 박스군 오리지 널 테이프형 
유한킴벌리
허그박스 
’ ... ... 추첨을 통해 진행되지만 비교적 많은 인원에게 선물이 지급 되므로 당첨 확률이 높다. 후기를 작성하면 추첨을 통해 적 립금을 증정하는 이벤트도 진행 중이다. 신청 대상 맘큐 회원매달 
 명 신청 기간 매주 신청 신청 방법 홈페이지에 회원가입 후 이벤트허그박스 이벤트’ 메 뉴에서 신청 선물 구성 하기스 네이처메이드 단계
하기스 매직 단계
하기스 오버나이트 단계
더블 하트 수유패드
그린핑거 베이비세라마이드 
좋은느낌 입는 오버나이트 중형 본 이벤트 일정 및 구성품은 내부 사정에 따라 조정될 수 있 습니다 . 
일동후디스
출산 축하선물 
’ .. .. 일동후디스의 다양한 품목 중 자신이 원하는 제품을 선택해 샘플을 받아볼 수 있다. 출산 후 개월까지 신청할 수 있다 는 것이 장점이다. 신청 대상 출산 일출산 후 개월 신청 기간 상시 신청 신청 방법 홈페이지 회원가입 후 맘’ 서비스–선물샘플신청’ 메뉴에서 신청 선물 구성 트루맘 스틱
트루맘 액상조제식
이유식
유아 카테 고리로 나누어져 있으며 이 중 원하는 제품의 샘플을 선택할 수 있다. 품목은 아기 월령 및 기타 여건에 따라 구성이 달라질 수 있습니다 
파스퇴르
임신 축하 선물세트 
’ .. .. 신청 인원에 상관없이 모두 받아볼 수 있으며
한 가족당회만 신청할 수 있다. 신청 기간이 지난 임신부라면 출산 후 개월 이내에만 신청할 수 있는 출산 축하 선물세트’를 신 청할 수 있다. 중복 신청은 불가능하다. 신청 대상 임신 개월 신청 기간 상시 신청 신청 방법 홈페이지에서 자녀 정보출산 예정일 입력과 함께 정 회원으로 가입한 뒤 육아 회원선물’ 메뉴에서 신청 선물 구성 임신육아 도우미 책자
세움 탯줄 도장 할인 제작권
아이원맘 임신출산 사진 촬영권 품목은 내부 사정에 따라 조정될 수 있습니다 . 
 에디터송미령포토그래퍼이경환 
 베피스 젠틀온 팬티형 기저귀 여아용 대형 
베피스 젠틀온 팬티형 기저귀 여아용 대형
 원 
가격은 변동될 수 있으므로 아래 쿠팡 방문으로 확인바랍니다. 
 .가격 확인하기
 . 
 상품정보 더보기 ∇ 
◎ 솔직한후기 
 . 
 리뷰정보 더보기 ∇ 
 이 포스팅은 쿠팡 파트너스 활동의 일환으로
이에 따른 일정액의 수수료를 제공받고 있습니다. 
 ★나눔이벤트★베피스 오버액션토끼기저귀 같이 써요 
 기저귀 나눔이벤트 
 해요 
 최근에 출시된 세상 귀여운 기저귀
 오버액션토끼기저귀 출시 기념 나눔이벤트 
 입니다
 베피스오버액션토끼 캐릭터 콜라보레이션 제품 
 으로 
 베피스 무형광 기저귀에 
 깜찍한
 캐릭터가 더해진 기저귀예요♥ 
 불과 시간전에 남긴 오버액션토끼기저귀 리뷰 참고해주세요 .. .. 
 신제품 오버액션토끼 기저귀 
 사용해보고 싶으신 분들 신청 해주세요 
이벤트 안내
모집 기간
 월 일월 일일요일까지 
이벤트 제품 베피스 오버액션토끼기저귀 팩씩 
 소형밴드대형팬티특대형팬티 중 선택 가능 중형사이즈는 없어용 
당첨자발표 월 일화 
당첨인원 명 
참여 방법
이웃 추가 후 이벤트 내용을 스크랩공유 해주세요. 
공유 과 베피스 기저귀를 사용해보고 싶은 이유사이즈를 댓글로 작성해주세요. 
당첨자 필수사항
 당첨되신 분들은
 본인 블로그 및 베피스 홈페이지 
 에 후기 작성해 주셔야해요. 
 업체 지원 제품이니 기한내 리뷰 작성은 필수입니다. 리뷰 기한은 추후 안내 드릴게요 
 당첨자발표가 크리스마스 다음 날이기는 하지만 
 그래도 당첨자분들께 하루 늦은 크리스마스 선물이 되길 바라며.... 
 많은 신청 부탁드려요♥ 
 베피스기저귀 오버액션토끼 사용후기 
베피스기저귀 오버액션토끼 사용후기 
어느덧 지우가 태어난지 일이 되었습니다하...지우키우면서 지금까지 가장 많이 사용하는건 아무래도 기저귀가 아닌가 싶은데요
 다행히 지금까지는 제가 직접 돈주고 기저귀를 사지은 않았구요 여기저기에서 받은 기저귀를 사용하고 있답니다
그중에서 베피스 기저귀 한통 받은걸 사용하고 후기 남겨보아용
근데 우리지우 하도 응아도 많이 싸고 쉬도 많이싸서 한팩을 주말에 다썼네요 지우야 고마워 잘먹고 잘자고 잘싸줘서♥ 
베피스기저귀 오버액션토끼 앞부분과 뒷부분 입니다
앞부분에는 앞이라고 표시가 되어 있구요기저귀 갈아주는거 못하는 아빠들을 위한건가요???ㅎㅎㅎ그리구 뒷부분에는
잘때천사 고마워 이렇게 두가지 단어가 쓰여져 있답니다일단 그림이 넘나 귀여워서 굿ㅋㅋㅋ 
베피스 오버액션토끼 기저귀의 경우 허리 밴딩 부분이 늘어날 수 있게 되어 있었습니다.기저귀들마다 다 다르지만 어떤건 그렇지 않은 기저귀도 있었는데
 이렇게 밴딩 부분이 늘어나줘야 아가들 배가 심하게 쪼이지 않고 편할것 같았습니다 
위사진에 까맣게 되어있는 부분 보이시나요?그게 중앙임을 알려주는 표시구요
 앞으로 너무 많이 당겨진게 아닌가? 아니면 뒤로 너무간게 아닌가?이런 의문점이 생기시는 초보 엄마라면 중앙부분을 잘 보고 기저귀를 착용해주면 좋을것 같습니다 
베피스 오버액션토끼 기저귀의 옆쪽도 이렇게 밴딩처리가 되어 있어서옆으로 새는걸 방지하고 있답니다하지만 그렇다고 마구마구 움직였을땐
 ㅋㅋㅋ특히 응아를 엄청 많이싸면 
오버액션토끼 기저귀의 앞부분부터 노란줄 표시가 되어있는거 보이시죠?ㅎㅎㅎ
쉬를 싸면 색상이 노란색에서 초록을거쳐 파란색으로 변한답니다우리 지우 쉬를 많이 쌌네요.노란색 줄의베피스기저귀가 파란색줄로 변했어요
 후다닥 갈아줘야겠죠???ㅎㅎㅎ 
지우가 쉬아를 많이해서 베피스 오버액션토끼 기저귀를 갈아주었더니
시원한지
 저렇게 대자로 뻗어서 잠을자더라구요ㅋㅋㅋ넘나 귀엽죠???역시 잘땐천사 맞습니다엄마들 모두가 공감할듯 합니다ㅋㅋㅋ 
우리지우 쉬아 엄청 많이했구나기저귀 안쪽에 노란색 쉬아 한거 보이시나요???ㅋㅋㅋ베피스기저귀 흡수력 좋아요좀더 싸게 놔뒀어야하나?싶기는 하지만
 기저귀 아깝다고 빨리 안갈아주면
 여름이라 땀띠도 생기고 발진도생길까봐서
베피스 오버액션토끼 기저귀 한팩 사용해보았는데 생각보다 괜찮은것 같습니다우리 지우는 남자아이라 더 괜찮았나?ㅎㅎㅎ여자아가가 쓰면 어떤지는 잘 모르겠네요ㅠㅠ 
지금까지 베피스기저귀 오버액션토끼 사용후기였습니다 
 베피스 팬티형 기저귀 특대 사용후기 
베피스 팬티형 기저귀 특대 사용후기 
저희 아들이 사용했던 것입니다.뭐.. 신생아 때부터 사용한 건 아니고
 신생아 때는 가격이 조금 비싼 걸 사용했답니다.근데
가격이 비싸도아이에게 맞지 않고
발진이 일어난다던가..몸에 맞지 않으면 사용하지 못한다는 점...아이를 키우신 부모님들이라면경험해보셨을꺼라 생각 드는군요.저희 아들도 기저귀를신생아 때부터 번 정도 이것저것사용했던 것 같네요. 
일단 박스를 개봉해서세세하게 알아봅니다.앞부분에 특대형 남아용이라고 적혀있으며
 개에 아이가사용하도록 만들어졌답니다. 
베피스 팬티형 기저귀뒷부분에는 상세한 설명이 
옆면을 보시면
 대형
특대형 
 점보 에 아이가 사용할 수있다고 적혀있답니다. 
베피스 팬티형기저귀 특대형 꺼내서 앞부분을확인합니다.통기성 소재를 이용해서공기가 잘 통하도록 만들어졌다고 하며
 노란색으로 보이는 부분은
 아이가 소변을 봤을 때
 초록색으로 바뀌더군요.뭐
다른 것들도이렇게 표시되는 제품들이 많으니
 요즘은 이런 게 꼭 있어야 하겠죠. 
뒷면입니다.앞뒤를 구별할 수 있게
 구분이 되어있으며
뒷부분에는사용 후 뒤처리를 할 수 있게끔 스티커로되어있으니 앞뒤 헷갈릴 일은 없답니다. 
베피스 팬티형 기저귀 특대형옆면을 살펴봅니다.옆을 보면
 이중으로 샘방지가되어있으며 소변이 옆으로 새는 걸막아주는데
 솔직히 많은 양의 소변은 간혹가다어떤 걸 사용하더라도 새는 건 마찬가지인 듯.. 
베피스 팬티형 기저귀특대형 안쪽 면을 확인해봅니다.엑스트라 드라이 시스템으로빠르게 흡수해서 뽀송뽀송하게 해주며
 피부와 닿는 접촉면이 부드러운감촉을 통해 포근하게 감싸 준다고 하더군요.뭐
이런저런 거 다 필요 없고...기저귀는 그냥옆으로 잘 새지 않으며
 발진이 일어나지 않는 게 좋은 것 같습니다.저희 아들도 여기 거사용하니 발진이 일어나지 않아서년 정도 사용했던 것 같네요.앞으로 둘째가 태어날 날이머지않았는데.. 또 둘째는 어떤 제품이몸에 맞고
안 맞을지 몇 가지 더 사용해 볼 날들이찾아올 것 같네요.무조건 비싸다고다 맞는 건 아니더라고요. 
 일등맘 베피스기저귀 당첨 후기 
월 일등맘 산모교실에 갔다가 가입을 했다.까먹고 있었는데
아침에 기분 좋은 문자가 딱이런거 한번도 된적 없는 나였기에 기분이 좋았다. 
일부터 순차적으로 보내준다는 문자 확인후사정에 따라 지연될수도 있음일날 도착했어요사실 잊고 있을때쯤 온거라 더 반가웠다ㅋㅋ 
두둥 팩이나 들어있는 베피스 기저귀굿굿포장지도 귀여운 토끼 그림형광물질 없는 기저귀베피스 잘쓰겠습니다 
매달 새로운 이벤트를 하는거 같으니 예비맘들도 홈페이지 들어가서 좋은 정보 얻으시고 이벤트 도전해보세요... ... 
 차원이 다른 부드러움으로 편안함을 입다
베피스 엑스트라 소프트 팬티 기저귀 
 베피스 기저귀의 팬티 기저귀 라인의사이즈 표도 자세하게 나와 있어요
아기에게 해로운 성분은 넣지 않았으며모든 제품에 전성분과 제조일자가 표기가 되어 있으니안심하고 사용하세요 
......... ..?....... 본문 이미지기저귀를 꺼내 보았어요꺅 디자인이 너무나 예뻐 
 아기의 체형과 움직임을 고려하여 설계된총 
줄의 허리 밴드가 몸을 따라유연하게 움직여 더욱 편안한 착용감을 제공해요 
....... .......? 본문 이미지
제가 양손으로 기저귀를 당겨봤는데진짜 편안하게 쭉쭉 잘 늘어나더라구요 우리 아이 몸에 닿는다면조이지 않고 활동하기 편할거 같다는 생각이 기존 열처리 접착 방식이 아닌 비 가열식 최신 접착 기술을 적용하여밴드에서도 차별화된 부드러움이 느껴져요
....... .......? 본문 이미지
소변이 옆으로 새는 것을 막아 주어움직임이 많아도 샘 걱정 없이 안심하고 사용해요
....... .......? 본문 이미지
기저귀를 뒤집어 보았어요피부와 닿는 접촉면의 부드러운 감촉을 통해우리 아기 피부를 포근하게 감싸줄 수 있어요 
....... .......? 본문 이미지
두께는 아주 두껍지도 않고얇지도 않아요계절 사용해도 무방할거 같지만개인적으로는 여름보단 봄
 가을
 겨울에 사용하면 좋을거 같아요
 기저귀를 착용해 보았어요 
....... .......? 본문 이미지
...?... ......... ..?....... 본문 이미지 
....... .......? 본문 이미지
개당 기저귀 그램수는 
베피스 엑스트라 팬티 기저귀는낮
밤 할것없이 사용해 보았는데낮기저귀로도 밤기저귀로도 손색없이샘 없이 잘 사용하고 있어요 밤동안 한가득 소변을 본 기저귀예요 ...?... ......... ..?....... 본문 이미지 
....... .......? 본문 이미지....... .......? 본문 이미지....... .......? 본문 이미지....... .......? 본문 이미지
기저귀 처리 방법은 
기저귀 옆면을 손으로 뜯어 주세요.크게 힘들이지 않아도 잘 뜯기더라구요 
사용한 기저귀를 돌돌돌 말아기저귀 뒷부분에 있는 테이프를 쭉 댕겨서감싸듯이 붙여주면 끝
 우리 둘째가 태어나처음 입어보게된 팬티 기저귀 아무거나 입힐 수 있나요?고르고 골라 베피스 엑스트라 소프트 팬티로 결정했어요
 베피스 기저귀는 전제품 무형광 기저귀로안심하고 우리 아이들에게 입힐 수 있어요
앞으로도 쭉 입힐거랍니다 
해당업체에서 무상으로 제공받아 작성한 후기 입니다 
 일등맘 무료임신축하선물 베피스 기저귀 당첨 후기
전국적으로 다양한 지역에서 정말 많은 산모교실을 열고 있는 일등맘에서 무료임신축하선물로 베피스 기저귀를 매달 명을 추첨하여 나눠주고 있어요 뚱땅맘도 일등맘 산모교실 응모하면서 자동 응모가 되어서 베피스 기저귀 당첨 되었어요. 그리하여 받은 소형 팩 
매짜리 소형 한팩이에요 우리 둘찌를 위한 기저귀가 차곡차곡 쌓이고 있어요. ㅎㅎ일등맘 베피스 기저귀 응모는 아래와 같이 할 수 있어요. 현재 월 이벤트 진행 중이구요. 
일등맘 산모교실 신청하면서 신규 회원가입하시면서 베피스에도 신규 회원 가입 하시면 되요. 
그리고 베피스에서 진행되는 예비맘 이벤트에도 응모하시면.. 잘 하시면 기저귀 팩 받으실 수 있어요
베피스 예비맘 이벤트 당첨 후기 가기. . 
다들 일등맘이랑 베피스에서 기저귀 이벤트 응모해보세요 
 부드러운기저귀 베피스 소프트핏 중형 사용후기♩ 
찾았어요 찾았어요우리 아가에게 올 여름 편하게 입힐 부드러운기저귀허리밴드가 부드럽게 늘어나 조이지않고뭉침없어 밤기저귀로도 사용가능한베피스 소프트핏 
절취선이있어 수시로 쉽게 꺼낼수있어요. 
첫째때는 기저귀 한브랜드로만쭉 사용해서 뭐가 좋은지 몰랐는데늦게 낳은 둘째라 그런지좀 더 신중하게 기저귀를 선택하게되요.베피스 소프트핏 부드러운기저귀는여아 남아 기저귀로 나뉘어요.여아기저귀는 핑크핑크한게 역시 나은듯앞뒤 표시가 되어있고 소변알림줄이있어 편해요. 
여자아이라 피부가 매일 매일 닿는 부분이부드러운 착용감이었으면 좋겠다싶었는데엄마의 안목으로 고른 부드러운 기저귀 베피스 기저귀는부드러운 감촉과 흡수력이 좋은소프트 시크릿홀이있는게 특징이에요.무엇보다 손으로 스쳐봤을때 부드러운게 가장 좋더라구요.두께도 굉장히 얇아 더운 여름 힙히기 딱 좋아요. 
지금까지 써본 일부 기저귀는허리밴드가 늘어나지 않는경우도있는데그럴땐 아기가 앉아서 있을때 조이는거같아 별루였는데부드러운기저귀로 들인 베피스 소프트앤핏기저귀는늘었다 줄었다앞면엔숫자 표시가되어있어아기 허리둘레에 맞게 붙여주면되요. 
둘째맘인데도 소변알림줄이있는게 편한데팸스 킨 일부 기저귀는소변알림줄이없어육안으로 쉽게 확인이안되 불편했어요.날이 더워지니 활동량이 많은 낮엔 밤처럼 오래 입히면땀띠나 허벅지부분이 조이게되아기도 불편하게되는데자주 자주 갈아주기 좋더라구요. 
그동안 비도 안와 덥기만할때는덥다로만 생각했는데요즘같이 장마철엔 덥기도하지만끈적끈적 특히 아기와 함께 붙어있다보니아기도 엄마도 힘든데부드러운기저귀 베피스 입히고는울 아가야는 좀 더 편해해졌겠죠?얼마전 영유아 검진했는데몸무게 .로나왔어요. 착용가능한 중형으로 선택했는데넘나 잘 한듯얇은 바디슈트 하나만 입혀놓거나기저귀만 채우고 낮엔 두기도하는데기저귀가 편한지 방긋 방긋 웃어주는울 꼬맹이랍니다뒤집기한지 얼마안되 기지않고바로 앉은 울 아가앉아서 노는 시간이 많은데베피스 소프트앤핏 기저귀 차고 싱글벙글 
부드러운시트가있어 편하기도하지만흡수력 또한 무시못해요쉬아하고나서 기저귀에티슈로 꾹 눌러봤는데 묻어남이 적고역류가 없어 밤기저귀로도 딱일세비싸고 산 유명 기저귀들왜 좋다고하는지..역류로 넘 안좋고 뭉침이 심했는데부드러운기저귀로 들인 베피스 소프트앤핏은뭉침도없고 역류도 없었어요. 함 써보실래요? 
 베피스팬티기저귀 후기하기스팬티기저귀와 군팬티 등 간략비교 개월 딸 
 베피스 무형광기저귀 이것만 써야지 
 .?베피스베피스.?무형광기저귀무형광기저귀 
빠질수 없는 육아용품 기저귀매일 아기피부에 직접 닿는거라기저귀 고를땐정말 꼼꼼하게 살펴보실텐데요.그동안 아기발진은 생기지않는지흡수력 비교하고고르고 골라 사용했는데무형광 기저귀에 대해선 전혀 모르고 있었답니다 
형광물질이 좋지않다는건알고있었는데아기 기저귀에도 있을줄이야 ㅠ영상을 보시면베피스 기저귀에 형광물질이없다는걸 알수 있는데요 
베피스 기저귀는법적 안전기준인 안감뿐아니라겉면
 밴드까지기저귀 모든소재에 형광증백제가들어있지 않아 안심하고 사용할수 있어요 
이렇게 램프로 비춰봐도파란불빛이 보이지않아요 
미녀한의사로 방송에 나와서여러 건강정보를 알려주시던박미경원장님도 추천하는베피스 기저귀 
형광물질이 없는 베피스의무한도전 
현재 홈페이지에서베피스 무한도전 캠페인 이벤트 중이에요영상을 공유하거나에 사진을 업로드한후주소 남기면추첨해서 선물이저처럼 잘 몰랐던 분들이 영상보시고아기기저귀 더 잘 고를실수 있음 좋겠네요ㅎㅎ 
초코는 이번에 새로 출시된소프트앤 핏 제품을 사용해봤어요키로지만 키로 아장아장 걷는 아기특대형으로 초이스 했답니다. 
처음엔 약간 길게 느껴져서크면 어쩌나 했는데신축성좋은 허리밴드와레그라인으로딱 좋은 핏 
어쩜 이리 얇은지두께감에 놀람요얇지만소프트 시크릿 홀 패드로흡수력은 배더 빠르게 
이중안심라인으로마구 움직여도샐염려도 적고 
무엇보다 형광 증백제가 피부에 닿게되면 알레르기성 피부염
 아토피 피부염이 생길수도 있다고 하는데그럴 걱정은 없어서 안심이에요 
위 포스팅은 제품과 소정의원고료를 받고 솔직하게 작성한 후기입니다. 
 썸머 기저귀추천베피스 바람아솔솔아 사용후기
썸머 기저귀추천 베피스 바람아솔솔아 사용후기 
여름이 되다보니 자연스레 썸머 기저귀를 찾게 되요 제가 개인적으로 베피스 써보고 참 좋다 생각했었는데요이번에 여름 썸머 기저귀로 바람아솔솔아가 나왔더라고요 그래서 덥기도 하고.. 자꾸 빨갛게 달아오르는 아이 엉덩이를 보면서... 안되겠다 싶어서 주문했지요 ㅎ 
아장아장 걷는 아기는라 우리 아기를 위해 특대형을 주문했어요 사실 저는 팬티기저귀가 참 편해요 애가 목욕하고 나오면 정말 너무 울거든요.. 물속에서 더 놀고 싶다고... 그럴때 후다닥 입힐 수 있으니까요.
앞 뒤쪽 모양이예요 귀여운 느낌이고 테잎도 뒤에 있답니다.
중 샘방지를 통해 아이의 소변과 응가를 안전하게 지켜주지요 ㅎ가끔 난감할때가 생기지만 ㅋㅋㅋ 깔고 앉을때 ㅋㅋㅋㅋㅋㅋ 
넉넉한 사이즈라 그런지 아이한테 잘 맞아요 활동도 편해서 얼마나 돌아다니는 지..
기저귀 고를 때 어떤걸 중요하게 생각하시나요?? 
밴드랑 팬티 둘다 사용해 보니 뭐니해도 옆쪽에 옆밴드 통기성을 중요하게 생각하는데요 베피스 바람아솔솔아는 딱 봐도 시원해보여요
금방 자다 깬 아이라 비몽사몽 오랜만에 실컷 잠을 자고 일어나 기분이 좋으네요
귀여운 엉덩이 엄마 미소 짓게 하는 순간
실컷 돌아다니다 보니까.. 아이가 벌써 소변을 꽤 봤더라고요
그리고 조금 시간이 흘렀어요
이렇게 휴지를 이용해 혹시나 하고 꾹 눌러 보니..하나도 묻어나지 않네요 흡수가 잘 되었다는 뜻이겠죠?? 
보송한 엉덩이를 위해 더운 여름아이들이 매일 차야하는데 얼마나 더울까요??썸머 기저귀추천 베피스 바람아솔솔아 올 여름 시원하게 보내보자
 부드러운 기저귀 베피스 기저귀맘스다이어리 부제영역은 지식백과에서만 사용되지만 포스트 엔드에 마크업은 잔존하게 됩니다 기본적으로요소는 입니다 
부드럽고 안전한 기저귀베피스 기저귀 
 라꿍이의 기저귀에요 이제 백일이 넘은 라꿍이는정도가 되었답니다. 그래서 소형 기저귀에서 중형 기저귀로 넘어갔지요 ㅎㅎ 이번에 좋은 기회에 사용하게 된 기저귀에요 베피스기저귀랍니다. 
 베피스 중형 기저귀는 백일 무렵 의 아기가 사용한답니다.저희 라꿍이는 이지만 허벅지가 많이 두껍지 않아서 그런지 꽤 크다고 느껴지는 크기였답니다.
 베피스 기저귀는 정말 허리벨트가 길더라구요. 그 점이 정말 좋았어요.
 베피스 기저귀는 소형부터 중형
특대형에 점보 크기도 있어요
 베피스 기저귀 장점 . 소프트 시크릿 홀 덕분에 부드러워요. .입체 슬림핏으로 가볍고 편안하지요. . 소변 알림 마크로 기저귀를 제때에 갈아줄 수 있어요. . 안심 이중 샘 방지 시스템으로 세는 것을 막아주어요. . 와이드 허리밴드 덕분에 허리가 편안해요.
 베피스 기저귀는 얇고 가볍더라구요 
 넉넉한 크기라서 오래도록 쓸 것 같아요. 
 부드러운 감촉 
 구멍이 송송 있어서 엉덩이를 보송보송 
 요 찍찍이 모양도 저는 신경쓰는데요 이게 끝이 각져서 안 좋은 기저귀도 가끔 있거든요 근데 베피스 기저귀는 둥글둥글 좋답니다. 
 넉넉한 허리벨트
 베피스 기저귀를 해보았어요. 오동통한 허벅지 ㅋㅋ 
 다리를 뻥뻥 차도 편안하게 ㅎㅎ 샘 방지도 잘 되어 있지요 
 저는 이 허리밴드가 최고로 마음에 드네요 
 노란색의 소변 알림 마크도 눈에 잘 띄어요 
 이제 베피스기저귀하고 뒹굴뒹굴 놀 시간 
잠시 후 소변 알림 마크가 초록색이 되었지요. 소변을 누었어요
 최대한 지저분해 보이지 않게 사진을 찍었어요. 보송보송한 느낌 
 다 쓴 기저귀는 작게 잘 말리지요 버릴 때를 생각해서 작게 말리는 기저귀가 좋더라구요 ㅎㅎ 소셜을 찾아보니 가격도 저렴하더라구요 저는 한 기저귀만 고집하는 스타일이 아니어서 베피스 기저귀도 종종 구매할 것 같아요저희 라꿍이 베피스 기저귀와 함께 자라겠네요... ... 
이 포스팅은 맘스다이어리에서 별별체험단에 당첨되어 베피스 기저귀를 무료로 받아 작성한 후기입니다. 
 베피스기저귀 예비맘이벤트 당첨선물 받았어요 
 부드러운기저귀 베피스 소프트핏 특대형 
어린이집에선 늘 밴드기저귀를 보내달라셔서팬티기저귀 말고도 어느정도 준비를 해두는 편이에요이번 달엔 다 떨어진 줄 모르고 급히쿠 에서 로켓배송되는 제품으로 알아보다 부드러운기저귀 베피스 밴드형 특대사이즈 써보게 되었어요 
베피스기저귀는 후기가 많이 없는 것 같은데실제로 써보니 가격대비 진짜 괜찮은 것 같아요 한 팩에 개씩 들어있고 남아용여아용 구분되어 나오더라고요 
가격은 쿠 할인 받으니 팩에 만원대 초반 정도였어요가성비 괜찮은 편이죠?실제로 흡수력도 좋고 발진도 없으면 좋을텐데 하고일주일 정도 써보고 원에도 보내게 되었어요 
도착하자마자 또 이리저리 나르고 있어요 ㅎㅎㅎ이번엔 강아지랑 친구가 있는 그림이네? 하면서자기가 쓸 기저귀를 정리? 하는 중입니다 
밴드 부분 궁금해 하실까봐 ㅎㅎ이런 식으로 생겼고요배통통 아이도 잘 맞네요
또한 두께도 굉장히 얇게 잘 나와서여름기저귀로도 활용하기 딱 좋아요
앞 부분은 셔링이 잡혀있지 않은데허리 뒷 부분은 밴드 셔링이 제대로 잡혀 있어서쭉쭉 늘어나서 활동하기에 편하겠더라고요물론 제가 밴드를 채울 때도 쉽고요 
옆 라인은 요로케 ㅎㅎㅎㅎ진짜 부들부들 만져보면 왜 부드러운기저귀라 불리는지 아실거예요절개선도 너무 딱 떨어지게 재단한게 아니라엉덩이
허벅지에 자국이 남지 않도록 해두었더라고요 
또 하나의 쇼킹? 했던 점은앞
뒤가 한글로 쓰여있어서 ㅋㅋㅋㅋㅋㅋㅋㅋㅋㅋ은근 좋았습니다 ㅋㅋㅋㅋㅋㅋㅋㅋㅋㅋㅋㅋㅋㅋ뭔가 더 눈에 잘 띈다고 해야 할까요 ㅋㅋㅋㅋ 
어때요
앞뒤 구분이 명확하죠?ㅎㅎㅎ사실 그동안 수십장의 기저귀를 써봤지만한글로 앞
뒤 적인 건 처음 봤어요 ㅎㅎㅎㅎㅎㅎㅎㅎㅎ대부분의제품은 이라고 써져 있었는데왜 때문인지 갑자기 의구심을 갖게 한 부분이 아닐 수 없습니다 ㅋ 
흡수력은 물론
소변줄 표시로 교체시기도 알기 쉽고무엇보다도 일주일 써본 결과 발.진.이.없.었.어.요여름기저귀는 사실 좀 예민한 부분이라발진나면 바로 못쓰겠다 싶었는데역시 가성비 괜찮은 밴드기저귀 답습니다
밴드기저귀 한 동안 쓰기 너무 힘들어서 잘 못 썼는데요새는 배변 훈련한다고 거의 벗겨 놓거나 바지만 입혀둘 때가 많은데밤잠 들고 나면 누워 있는 상태에서 제가 이렇게 채우기에팬티기저귀 보다 훨씬 편하더라고요 
옆라인 짱짱하게 샘 방지 기능도 되어있고여러모로 구입해보니 마음에 드는 기저귀였답니다
 베피스 소프트드라이 기저귀 중형 비교 및 사용후기 
 아들이 기저귀 발진이 생겨서 이것저것 찾아보다가 베피스도 좋다길래 구입해봤어요. 소프트 타입과 트라이 타입 두 가지가 였는데 어떤게 좋을지 몰라 두개 다 구입해서 사용해봤어요. 구입해서 사용한지는 몇 달됐는데 이제서야 후기 올려봅니다.
 기저귀 발진나면 기저귀도 중요하지만 자구 갈아주는게 좋다길래 넉넉하게 주문기저귀값이 장난이 아니네요ㅜ 
 둘 다 중형으로 주문했는데 
드라이는 개
소프트는 개 들어있네요. 두가지의 큰 차이점이라면 
드라이는 좀 더 흡수가 빠르게 소프트는 좀 더 부드럽고 통기성이 좋게 나왔다는 거에요. 기저귀 발진에선 흡수가 빠른것도 중요하고 통기성도 중요해서 어떤 걸 선택해야될지 모르겠더라구요. 그래서 둘다 구입하게 됐네요.ㅎㅎ 
 베피스의 몸무게별 사이즈표에요. 
 사용해보니 드라이와 소프트 둘다 흡수되는 속도가큰차이는 없어보이는 것 같았어요. 그래서 소프트가 두개 덜 들어있나봐요. 기능이 더 많아서..
 뜯는 선은 손잡이쪽에.. 쉽게 잘 뜯어지더라구요.
 왼쪽이 드라이
오른쪽이 소프트에요.요즘은 냄새로도 어느정도 구분되지만 소변줄 알림마크는 없어서는 안될 기능 중 하나인듯해요.ㅋㅋㅋ
 안쪽 패드는 겉보기엔 큰차이가 없어보여요.만져보면 차이가 나는데
드라이가 좀더 빠빳하고 소프트가 부드러워요. 근데 기본적으로타사의 기저귀에 비해 빠빳한편인 것 같아요. 
 일 때 착용 모습 이에요 .기저귀 발진생기고 부터는 일부러 통기성 좋게 하려고 꽉 조여매지 않기도 하지만
뒤에 허리밴드가 엄청 쫀쫀 하더라구요.그래서 왠지 당겨 붙이면 답답할 것같아서 끝에 붙였더니 요 상태. 이렇게 끝에 겨우 붙여놔도 뒤로 옆으로
오줌이 센적은 한번도 없었어요. 
 조금 더러워 보일수 도 있지만 오줌 싸고나서의 모습이에요.ㅋㅋㅋ 만져보니 뽀송뽀송했어요.
 오줌누면 노란색이 초록색으로
 돌돌돌 마르면 요정도 되구요.사용해보니 기저귀 발진은 확실히 없어졌어요. 이 당시엔 자주 갈아줘서 없어진 것도 있지 않을까 했는데 다른 브랜드꺼 써보니 자주 간다고 기저귀 발진이 없어지는 건 아닌것 같더라구요.오줌이 세는 것도 없고 좋긴 했는데 빳빳한감과 쫀쫀한 밴드가 제 취향은 아니어서 지금은 다른걸 쓰고 있어요.이상입니다. 읽어주셔서 감사합니다.
 베피스 바람아 솔솔아 여름기저귀로 딱이에요 
애정이웃인 술리야가 기저귀 나눔이벤트를 한다기에 신청했었죠그리곤 그 명안에 들어서 당첨아..이런거 처음이라 조곰 ㅋㅋㅋㅋ어색하지만 열심히 써봅니다 히히당첨 후 몇일 뒤 도착한 기저귀 한팩
여름기저귀라 그런걸까요?배경까지 쉬원한 느낌이에요 반갑다 베피스 바람아 솔솔아 팬티기저귀야우리 민재 엉덩이를 부탁해
손잡이도 깔끔하게 잘 되어있어요 
바람아 솔솔아 팬티기저귀는 대형
특대형 두가지구요대형은특대형은 남녀공용입니다민재는 . 남자아이에요그래서 대형사이즈 선택 대형은 한팩에 개 
옆면에 기저귀 뜯는 점선이 앞 뒤로 있어요점선을 좌라락 뜯어주면기저귀가 까꿍잘 안보이니 자세히 보시면 점선이 있어요 
베피스 기저귀의 특징 
 마이크로 
 숨쉬는 허리밴드 
 편리한 소변 알림마크 
 바람이 솔솔시트 
 안심 이중 샘방지 시스템흡수력과 통기성이 우수하다니 여름기저귀로는 딱인거 같지요 ? 
기저귀를 꺼내는 순간 너무 부들부들해서 놀랬어요색깔은 두가지로 옅은 민트색과 옅은 보라색 그려져있는 그림들도 너무 귀여워요전 주로 하의실종 패션이라 기저귀가 이쁜것도 좋더라구요이건 입혀놓아도 은은한 색상 덕분에 이쁠꺼 같아요 
편리한 소변알림마크가 노란색으로 세줄이였다가쉬아를 하게 되면 초록색으로 변해요
뒤처리를 깔끔하게 해주는 테이프가 있어요기저귀를 돌돌 말아 테이프를 쫘악 붙여주면뒤처리 끝 
 마이크로 
 층 구조로 설계된 얇은 패드가 아이의 소변을 빠르게 흡수하고 
 세지않아 아기 엉덩이를 언제나 보송보송 
 한번 테스트 해보겠습니다 
 저는 더치커피 연하게 탄걸로 해보았어요 
커피를 기저귀에 부었습니다붓는순간부터 흡수를 하더니 종이컵 반컵 이상의 더치커피를 빠르게 흡수하더라구요 
더치커피 반컵을 머금은 기저귀에티슈 한장을 가져다 꾹 눌러봤는데하나도 묻어나지 않았어요 
 정말
 흡수력 
 이 끝내줬어요 
 흡수한 기저귀 단면을 살펴보니 
 흡수체가 더치커피를 가득 머금고 있는게 보이죠? 
 이렇게 빨리 흡수하니 
 우리 아이 엉덩이가 보송보송 하겠죠 
 우리 아이는 늘 배가 남산만하게 나와있기에 
 배가 쫌 찡길 줄 알았는데 
 왠걸요
 허리밴드가 너무 부드럽게 늘어나서 
 딱맞게 입혀져서 놀랬어요 
기저귀를 입히고 허리밴드를 잡아 당겨보았는데스윽 잡아당겨지는 것이너무 편해보이더라구요몸에 딱 맞게 입혀지지만 부드럽게 감싸주니 허리에 땀찰 일도 없겠어요 
이중 샘방지로 쉬아를 해도 옆으로 새지 않게 되어있어요저녁에 잘때 입혀도 아침에 보송보송하게새지도 않아서 수면용으로도 딱 이였어요 
 한창 움직임이 많은 개월 우리아이가
 입고 뒤척여도 부드럽게 늘어나서
 편하게 잘 입고 있어요 
 쉬아를 많이 하고 기저귀를 갈아도
 엉덩이가 보송보송하니까 자꾸 손으로 만지게 되더라구요 
 통기성이 뛰어나서 그런거 같애요 
 땀 많이 흘리는 여름엔 딱인 기저귀에요 
 베피스 바람아솔솔아 기저귀와 함께 쓰면 좋은 
 베피스 물티슈
물티슈의 초록색깔이 마음까지 푸근해지는거 같애요 베피스 오리지날 물티슈 
우리 아기를 위한 단계 안심 프로젝트단계 정수과정으로안심걱정되는 성분안심피부자극안심옆면에 제조날짜와 사용할수 있는 기간까지표시되어 있어서 안심하고 쓸 수 있어요 
캡 안쪽에는 스티커로 봉해있구요스티커를 떼고 물티슈를 사용할 수 있어요 
물티슈는 한장씩 잘 뽑혀서 급하게 쓸 때 유용해요너무 얇지도 않고 부들부들 촉촉해서 우리 아기에게 사용해도 문제 없더라구요 
 여름기저귀 찾고 계신다면
 베피스 바람아 솔솔아 기저귀 어떠세요 
 ? 
 본 포스팅은 해당업체로부터 제품만을 제공받아 작성한 객관적인 후기입니다 
 베피스 베피스 기저귀모션 핏 팬티 기저귀 
안녕하세요. 베피스 서포터즈 베피스맘기 신토리입니다.오늘은 현재 쓰고 있는 베피스 기저귀에 대한 내용을 쓰려고 해요.저희 아가는 신생아 시절인 드라마 산부인과와 산후조리원에서 하기스 네이처메이드 기저귀를 썼었구요.저 또한 당연히 기저귀라면 하기스라고 생각했었어요.임신 중에 산모교실을 다녀봐도 하기스 기저귀 홍보를 엄청 하고 무료로 체험팩을 많이 줬던 기억도 새록새록 그래서 산후조리원에 있는 동안 산모교실 다니며 받았던 할인쿠폰 적용해가며 하기스 네이처메이드 기저귀를 몇 팩이나 사들였는지 몰라요.그 다음 썼던 것이 생건 자운보 지금은 쌍용베피스 기저귀로 갈아탔답니다.하기스가 시장점유율 위라는데..마케팅 효과가 꽤 큰 것 같아요. 산모교실에서도 기저귀 브랜드로는 단연 하기스가 눈에 많이 들어왔었고업체는 하기스만 왔던 것 같은 느낌적인 느낌
산후조리원에서도 주로 하기스에서 지원을 많이 해주는 것 같더라구요. 암튼 저희 아가와는 조금 안 맞아서 계속 다른 기저귀 브랜드를 찾고 있었어요.그렇게 하다 알게 된 베피스 모션 핏 팬티 기저귀모션 핏 팬티 기저귀 팩 겉면이에요. 
베피스 기저귀 모든 제품에는 
제조일자가 표기되어 있어서 한 번에 확인이 가능해요. 요건 ..에 제조되었네요. 
베피스 모션 핏 팬티 기저귀 디자인은 총 가지에요.
코듀로이와 
데님 스타일베피스 모션 핏 팬티기저귀만 입혀도 마치 바지를 입은 듯이 보기 이쁘게 디자인해놨더라구요. 요새 거의 대부분의 기저귀들이 디자인까지 신경써서 만들고 있는 것 같아요. 하지만 저는 모션 핏 팬티 기저귀 디자인보다는 베피스 엑스트라 소프트 팬티 기저귀 라인의 디자인을 더 좋아해...요 ...☞☜개취..ㅎㅎㅎ 
그리고 베피스 기저귀하면 빼놓을 수 없는 부분인 
허리밴드와 허벅지 밴드 부분베피스 기저귀를 만져보시면 아시겠지만 
굉장히 부드러워요이 부드러움이 아가야 배와 허리
허벅지까지 편하게 해줄 것 같았어요.확실히 써보니 배부위나 허벅지 부위 자국이 거의 없었어요.처음에 너무 부드럽고 쫀쫀한?그런 느낌이 없어서 혹여나 새지는 않을까 걱정도 됐는데요
다행히 저희 아가는 베피스 기저귀를 사용하면서 새본 적은 단 한번도 없었어요. 이것도 아가마다 다른 것 같아서참고만 하세요 
베피스 기저귀 또한 
이중 샘 방지 시스템으로 소변이 옆으로 새는 것을 막아주는 역할을 톡톡히 하는 것 같아요.안쪽 샘방지 부분이 비교했던 기저귀 샘방지 촉감보다 더 부드러웠던 점도 맘에 들었어요. 길이도 좀 더 긴 편이였구요 
또 하나
 베피스 기저귀만의 독특한 내부 패드 표면 
다이아 형태의 패드로 되어 있는데
이 부분도 소변 또는 대변을 흡수시킨 패드와 아가야 피부와 덜 접촉하게끔 하기 위하여? 이렇게 만들어진거라고 해요. 그러고보니..다른 기저귀들과는 패드가 다르네요 
그래서 한 번 궁금해서 팸퍼스 베이비드라이 제품과 비교해봤습니다.두 개의 제품 모두 키로대 아가야가 쓸 수 있는 단계였다는 점과 단순히 그냥 제가 테스트 해봤을..뿐.....☞☜이랍니다.베피스 기저귀와 팸퍼스 기저귀의 앞쪽과 뒤쪽 
저는 두유로 테스트를 해봤어요.패드의 길이도 제가 시작점부터 끝나는 부분까지형광펜으로 표시해뒀는데
확실히 베피스 모션 핏 팬티 기저귀의 패드 길이가 좀 더 기네요 
똑같이 부었고
똑같이 앞쪽 패드 부위에 중점적으로 부었습니다. 
아래 사진은 두유를 부은 후 바로 찍은 사진인데요
두유를 부은 후에 흡수력 보이시나요?저는 사실 베피스 모션 핏 팬티 기저귀 사용하면서 제일 처음으로 놀랐던 부분이 흡수력이였거든요 첫 날 사용하고 그걸 느꼈던 이유 중 하나가...아가야가 응아를 했는데 그 부분까지 거의 흡수 시키고 잔여물과 색만 남아있었다는....그런 좀 디러운 얘기를...정말 많이 놀라워서 흡수력 짱짱이라고 남편한테 호들갑까지 떨었네요 
좀 더 밀착시켜 찍어보았어요. 보이시나요?좌팸퍼스 베이비드라이우베피스 모션 핏 팬티 기저귀 
그리고 얼마나 되묻어 나오는지 테스트 해보기 위해 티슈로 한 번 확인해봤어요.똑같이 아무것도 안 묻어 있는 티슈를 반으로 접고 또 반으로 접어서 준비
일단은 그냥 올려놓아보기도 했고
 손으로 꾸욱 눌러보기도 했는데요
베피스가 덜 묻어나오길래...제가 오히려 오른손을 좀 더 힘 주기도 했고..앞 쪽 부위보다 뒤쪽 부위가 더 많이 되묻어 나오려나?하면서 뒤쪽 소변패드까지 티슈로 눌러봤는데
확실히 베피스 모션 핏 팬티 기저귀가 되묻어나오는 양이 적더라구요.이런 걸...하고 있는 나도 신기함 ㅎㅎㅎ
그리고 제가 볼 수 있는 기저귀 표면도 베피스 데님은 색상 때문인지 두유 색이 거의 안 보이는 것도 확인이 가능해요.뭉침은 비슷비슷했어요. 딱히 어떤게 더 뭉침이 적다..이런 건 손으로 만져봤을 때 잘 모르겠었어요. 
두유를 머금은 기저귀들의 무게는 어떻게 될 것인가?ㅎㅎ차이가 많을까 싶어 재봤는데
그람정도? 차이가 나긴 나더라구요. 딱 손으로 들어봤을 때는 몰랐는데...꽤 나네요 ㅎㅎ 
이렇게 간단하게 그냥 한 번? 베피스 기저귀가 어떤가싶어 비교해봤습니다
마지막으로 아가야 코듀로이 베피스 모션 핏 팬티 기저귀 착용한 뒤태입니다 
예전에 찍어두었던 활동적으로 움직이는 아가야 뒤태...입니다. ㅎㅎ 
저희 아가의 경우는 한 달에 팩을 구입해놓고 사용해왔었는데요
 베피스 모션핏 기저귀도 한 달에 팩 구매할 경우 
기저귀 매당 원 정도 했어요. 이 정도 가격에 이 정도 퀄리티면 넘넘 만족스럽다는
베피스 기저귀의 전 제품 라인 업오늘 제가 소개해드렸던 제품은 베피스 팬티형 기저귀 중 
모션 핏 남녀공용 대형 사이즈였습니다. 
 본 포스트는 업체로부터 제품을 무상으로 제공받아 작성한 솔직하고 주관적인 후기입니다. 
세일제품 
기저귀 베피스 엑스트라 소프트 팬티형 기저귀 여아용 대형 단계 
 쿠팡 할인 
베피스 엑스트라 소프트 팬티형 기저귀 여아용 대형 단계 
세일제품 기저귀 
 ▼ 
현재 상품정보는 쿠팡 물품으로 일시 품절이 될 수 있습니다. 
⭐⭐⭐⭐⭐개월쯤에 사용했을땐착용감이 별로라 잊고있다최근에 개월인 아이에게쓸려고 다시 주문했어요예전보다 촉감이 많이부드러워진듯한 느낌이구요허리밴드의 신축성은 적당한것같아요소변 흡수가 잘되어 자면서도새지않고 활동성도 좋은것같아요무엇보다 펌퍼스나 다른기저귀들처럼 흡수제가묻어나지않아서 좋아요아무리안전하다해도 흡수제가나오거나 보풀이 묻어나면신경이 쓰인는데 이건묻어나는건 없어요 단점은기저귀 교체시 옆선이잘찢어지지않아 불편할때가간혹있어요 저희아이가키로인데 싸이즈가딱맞는 느낌이라배꼽에딱맞아 활동후엔 배밑에걸쳐지는느낌 담번엔 로.... . 
 더보기 
🌟🌟🌟🌟🌟첫째때 신상품으로 나와서할인할때 기저귀뗀다고 막쓰려고써본적이있었는데 그때 가격에비해괜찮다 생각했었거든요 그래서둘째 기저귀로 주문해봤답니다흡수력은 상 이에요 가격대비너무괜찮아요 이것저것기저귀많이써봤는데 바로앞전에팸퍼스쓰거든요 근데도 뒤지지않는흡수력이랄까 페넬로페베이비슈주로쓰는데 그것들만큼 괜찮아요그리고 옆에 뜯는 라인도안쪽은 부드럽게처리되서껄끄럽지않다는게 두번째장점근데 가끔 고무줄은튀어요그건 페넬로페라인도 똑같거든요옆에가 견고하게 붙어있는기저귀들은 고무줄튀는경우가많아서그리고 착용했을때 핏으로따지자면 일반 마미포코스러워요옆으로넓고 앞뒤는 길지않아요길지않아도 짧지도않고요그냥 앞뒤긴거쓰시던분들은어조금 짧아보이네 느낌새어나오거나그런건 전혀없어요저희딸은 그냥보통체군데도조금큰감이있어요 넉넉하다고해야되나페넬로페이랑비슷한것같은데조금더넉넉해요 그래서 헐렁한느낌인데크다고는하기어려운 마른애기들 쓰는친구들은 조금클수도있을것같아요그래도새는거없이 흡수잘하고괜찮아요 저는 앞으로도써볼의향 있어요 반신반의하면서샀는데 너무만족스러워서.... . 
 더보기 
 . 
 .제품 리얼후기 더보기 ∇ 
상품정보 
 . 
 .제품정보 더보기 ∇ 
 .?소프트소프트.?일회용기저귀일회용기저귀.?유아동유아동 .?개개.?물티슈물티슈 
 .?여아용여아용.?기저귀기저귀 
 .?엑스트라엑스트라.? 
 .?.?팬티형팬티형 
 .?출산출산.?단계단계 
 .?.?베피스베피스 
이 글은 제휴 파트너 광고로 일정 커미션 지급을 받을 수 있습니다. 
기저귀할인제품 베피스 엑스트라 소프트 팬티형 기저귀 남아용 특대형
매입 
베피스 엑스트라 소프트 팬티형 기저귀 남아용 특대형
매입 
 세일중 
할인제품 기저귀 
 ▼ 
확인된 제품 정보는 쿠팡 품목으로 일시 품절이 될 수 있습니다. 
★★★★★큰애때 마코 제품을 너무 잘써서 계속쓰다 다른것 써보자하고사용시작했는데와우 괭장히 보들보들해요.... . 
 더보기 
★★★★★개월남아 잘맞아요 팬티는 잘 세서 킨밴드만 사용하다가 기저귀 뗄.... . 
 더보기 
★★★★★완벽한라인인대 허리자국 안남아좋아여 단점이 있다면애가 입고뭉게고 놀다보면.... . 
 더보기 
 . 
 .제품 리얼후기 더보기 ∇ 
상품정보 
 . 
 .제품정보 더보기 ∇ 
 .?일회용기저귀일회용기저귀.?베피스베피스.? 
 .?팬티형팬티형.?유아동유아동 
 .?물티슈물티슈.? 
 .?남아용남아용.? 
 .?특대형특대형.?출산출산 
 .?소프트소프트.?기저귀기저귀 .?.?매입매입 
해당 글은 제휴 파트너 광고로 일정 커미션 지급을 받을 수 있습니다. 
 베피스 기저귀 사용후기 
베피스 기저귀는 들어본적이 없어서 ㅎㅎ 산모교실을 통해 알게되었는데요 우연히 개나있는데 포장이 다 다르네요
전부 올해껀데 오버액션토끼가 가장최근이에요
소프트앤핏이나 오버액션토끼는 종류에 안보이네요
거의 비슷해요. 사이즈도 같고..베피스의 특징은 뒷면 허리밴딩이 엄청 쫀쫀하게 되어있음.제일 오른쪽게 엑스트라 드라이에요. 그나마 이게 기저귀 표면 느낌이 좀더 부드러움.
위에가 소프트앤핏 가운데가 액션토끼 맨아래가 엑스트라드라이두께차이 별로없음 사용후기 마미포코 군 기저귀와 비교
베피스는 다른기저귀들에 비해 밴드부분이 뻣뻣해요. 그래서 약간 싼티나요...그전에 쓰던것들은 친환경 네띠기저귀빼곤 이건 약간 종이느낌 거의 부드러운데 다른거 쓰다가 쓰면 느낄수있을정도. 흡수력은 나쁘지않음 발진도 없어요. 쓰는데 문제는 없으나 기왕이면 부드러운거 쓰고싶네요. 엄마마음두께감마미포코 뽀송허그 베피스군 군이 제일 도톰하네요 
크기마미포코베피스 군마미포코는 키로까지인데 베피스도 키로인데..베피스로는 키로 못갈듯... ㅋ 현재 키로인데 딱맞아요. 
허리밴딩베피스강 마미포코 약 군밴딩없음 개인적으론 밴딩없는게 좋아요 ㅎㅎ촉감군 마미포코베피스 군이 부드러워요ㅡ 내부촉감마미포코 군 베피스 아기가 닿는면은 마미포코가 더 부드러움그냥 쓰고싶어서 쓰는 산모교실에서 경품으로 받은 베피스 기저귀 가지 사용후기입니다.?베피스베피스.?기저귀비교기저귀비교.?마미포코마미포코.?군기저귀군기저귀.?베피스기저귀베피스기저귀.?기저귀비교기저귀비교.?기저귀후기기저귀후기 
 차원이 다른 부드러움으로 편안함을 입다
베피스 엑스트라 소프트 팬티 기저귀 
 베피스 기저귀의 팬티 기저귀 라인의사이즈 표도 자세하게 나와 있어요
아기에게 해로운 성분은 넣지 않았으며모든 제품에 전성분과 제조일자가 표기가 되어 있으니안심하고 사용하세요 
 기저귀를 꺼내 보았어요꺅 디자인이 너무나 예뻐 
 아기의 체형과 움직임을 고려하여 설계된총 
줄의 허리 밴드가 몸을 따라유연하게 움직여 더욱 편안한 착용감을 제공해요 
....... .......? 본문 이미지
제가 양손으로 기저귀를 당겨봤는데진짜 편안하게 쭉쭉 잘 늘어나더라구요 우리 아이 몸에 닿는다면조이지 않고 활동하기 편할거 같다는 생각이 기존 열처리 접착 방식이 아닌 비 가열식 최신 접착 기술을 적용하여밴드에서도 차별화된 부드러움이 느껴져요
......... ..?....... 본문 이미지
소변이 옆으로 새는 것을 막아 주어움직임이 많아도 샘 걱정 없이 안심하고 사용해요
......... ..?....... 본문 이미지
기저귀를 뒤집어 보았어요피부와 닿는 접촉면의 부드러운 감촉을 통해우리 아기 피부를 포근하게 감싸줄 수 있어요 
......... ..?....... 본문 이미지
두께는 아주 두껍지도 않고얇지도 않아요계절 사용해도 무방할거 같지만개인적으로는 여름보단 봄
 가을
 겨울에 사용하면 좋을거 같아요
 기저귀를 착용해 보았어요 
....... .......? 본문 이미지
...?... ........... ..?......... 본문 이미지 
......... ..?....... 본문 이미지
개당 기저귀 그램수는 
베피스 엑스트라 팬티 기저귀는낮
밤 할것없이 사용해 보았는데낮기저귀로도 밤기저귀로도 손색없이샘 없이 잘 사용하고 있어요 밤동안 한가득 소변을 본 기저귀예요 ...?... ........... ..?......... 본문 이미지 
......... ..?....... 본문 이미지......... ..?....... 본문 이미지......... ..?....... 본문 이미지......... ..?....... 본문 이미지
기저귀 처리 방법은 
기저귀 옆면을 손으로 뜯어 주세요.크게 힘들이지 않아도 잘 뜯기더라구요 
사용한 기저귀를 돌돌돌 말아기저귀 뒷부분에 있는 테이프를 쭉 댕겨서감싸듯이 붙여주면 끝
 우리 둘째가 태어나처음 입어보게된 팬티 기저귀 아무거나 입힐 수 있나요?고르고 골라 베피스 엑스트라 소프트 팬티로 결정했어요
 베피스 기저귀는 전제품 무형광 기저귀로안심하고 우리 아이들에게 입힐 수 있어요
앞으로도 쭉 입힐거랍니다 
해당업체에서 무상으로 제공받아 작성한 후기 입니다 
 《일등맘카페 무료임신축하선물 베피스기저귀 수령후기 
안녕하시렵니까오늘의 수령후기는 산모교실로 유명한 일등맘카페에서 주는 무료임신축하선물 베피스기저귀에요 
저는 월 신규가입자였는데 수령한지 한 달만에야 드디어 후기를 올리네요ㅎㅎ월 한 달간 정신없이 준비하고 정리하고 하다보니 이제서야 생각나서 늦은 후기 올리게 됐어요일등맘에서는 매 월 신규가입자를 대상으로 베피스와 함께 제휴하여 무료임신축하선물을 명에게 베피스 소형 기저귀 한 팩을 쏩니다 
당첨확인은 월 일에 했고 따로 당첨자에게는 문자로 연락이 오는데 보자마자씽긋 웃게됩니다ㅋㅋㅋ흐뭇하게 언제오려나 기다리면 금방와요일부터 순차배송하고 저는 일에 받았어요 
.......
.......?.
.......
.......? .......? .
.......
.......? .......? .
베피스 소프트핏 제품은 기존 제품에 비해더 가볍고 슬림해졌으며 아기체형맞춤 입체 설계로 움직임이 편하게 더 업그레이드 한 제품이라 하네요우리 아가 엉덩이 책임져줄 기저귀로 당첨당첨기저귀마다 아기들에게 맞는게 있다던데 여러 브랜드 중에 베피스 하나 떡하니 자리잡고 있답니다일등맘 카페는 인기가 많아서 달마다 가입자수가 어마어마한데 그 중에 뽑혔다는게 대단하지요별개로 베피스 예비맘기프트박스도 신청했었는데 당첨돼서 곧 올 예정이에요꺄웅신이 납니다 신이나♬ 
일등맘카페와 베피스 기프트박스는 계속 진행중이니 관심있으신 분들 링크따라가보세요 
 기저귀 추천 베피스 사용후기 
내돈주고 구매한 베피스 기저귀 사용후기에용우리 딸 기저귀 발진도 없고 이것저것 써도 문제없어서 좀 저가에 합리적인 가성비갑 기저귀를 찾기 위해 여러 기저귀를 사용해보고 있어요일단 베피스는 가격이 저렴해서 한번 구매해 봤어요이고 용이에요. 
아빠들
어른들 헷갈리지 말라고 앞
 뒤라고 크게 써놨네요 ㅎㅎ 
넓찍하고 길이도 길어요 
밴드도 길어요 ㅎㅎ엉덩이 자국 날까봐 걱정했는데 심하지는 않아요.저옆에 찍찍이는 다소 까끌까끌해서 아기 살 닿으면 아플거깉아요ㅠ 
중으로 막아줘용 
내부는 구멍이 촘촘해요. 음 흡수가 잘되는것같지는 않네요...그리고 엉덩이가 뽀송뽀송하지 않아요.장점과 단점 리뷰할게요장점은 저렴하다. 큼지막해서 샐걱정 안해도 된다.단점은 딱히 강점이 없다. 그래서 저렴하니까 자주자주 갈아주는 분한테 좋을거 같아요 발진 고민하시는 분한테는 비추합니다.이상 베페스 기저귀 리뷰였어요 
 베피스 젠틀온 기저귀 체험단 명 모집쾌적흡수더마테스트 인증 기저귀 
쾌적흡수더마테스트 인증베피스 젠틀온 기저귀 체험단 명 모집 
● 이벤트 안내 응모기간월 일월 일 당첨자 발표월 일 당첨상품베피스 신제품 젠틀온 기저귀당첨인원명 
 체험제품 자세히보기.
● 덧글 신청방법 안내. 이벤트 게시글을 본인 블로그와 로 스크랩 한 . 베피스 젠틀온 기저귀가 필요한 이유. 아기 성별개월 수기저귀 사용 단계 사이즈대형특대형점보 
● 후기작성 미션 안내 맘스홀릭베이비 카페 
건 블로그 
 후기 작성기간 목 까지 
 후기 작성 시
아래 공정위 지시 문구는 꼭 눈에 잘보이게 강조해서 삽입해주세요. 예시 업체명 로부터 제품을 무상으로 지원받아 작성된 후기입니다. 쾌적흡수로 아기 피부가 보송보송한 기저귀 내용 필수 독일 더마테스트 최고등급 인증 받은 부드러운 쾌적한 팬티기저귀라는 내용 필수 기저귀를 입은 아이의 모습 필수 필수 태그 .?베피스베피스.?젠틀온젠틀온.?베피스젠틀온베피스젠틀온.?쾌적흡수쾌적흡수.?기저귀추천기저귀추천.?팬티기저귀팬티기저귀 그 외
기저귀 관련 태그 
● 우수후기 당첨 안내 우수후기 당첨 상품오닉피노유기농 순면커버 생리대 종 명 우수후기 당첨자 발표수 
 베피스 드라이핏 팬티형 기저귀 남녀공용 특대형매손소독 물티슈 팩 
베피스 드라이핏 팬티형 기저귀 남녀공용 특대형매손소독 물티슈 팩 
 원 
가격변동이 있을 수 있으므로 아래 쿠팡 방문으로 확인하시기 바랍니다. 
 .쿠팡 방문하기
 . 
 상품정보 더보기 ∇ 
■ 실사용자 후기 
 . 
 리뷰정보 더보기 ∇ 
 이 포스팅은 쿠팡 파트너스 활동의 일환으로
이에 따른 일정액의 수수료를 제공받고 있습니다. 
 베피스 기저귀 당첨후기 
무료임신축하 선물로
베피스 홈페이지 이벤트에서 예비맘 모여라 신청했는데 한번에 당첨신청은 어렵지 않고
기저귀 한팩이라 소소한 샘플보단 훨 좋다따로 문자가 오지 않으니 당첨자 발표때 홈페이지 공지 확인하기당첨후 배송지 필수로 입력해야한다.당첨자 발표후 주안으로 온거 같음신청은 아래 참조 
....? ....? 
베피스 소형와 아기물티슈 개가 왔다유통기한도 따끈한 최근걸로 주셔서안심하고 쓸 수 있을것 같다. 담달에 별똥이 태어나면 써봐야겠다 
 무형광 안심 기저귀
 베피스 기저귀부드러운기저귀 아이도 편해요 
베피스 기저귀부드러운기저귀 팬티형 기저귀 추천
 베피스 기저귀
무형광기저귀 제품 이라 안심하고 쓸 수 있는 기저귀 베피스 기저귀 전체 형광증백제 무검출 인증 받았대용 짝짝ㅋㅋ
 대형 남아용 팬티형으로 주문했어용 확실히 이제 팬티형이 편하긴 하네요 ㅎㅎㅎ 그래도 밴드형도 아직까지 잘 쓰고 있음 
 통기성 소재로 통풍이 잘되어서 밤기저귀로 사용해도 문제 없고용 엑스트라 소프트 패드로 엄청 부드러운기저귀 에요 허리
허벅지 밴드 부분도 잘 늘어나고
아기 피부에 닿는 부분도 부드럽고용 
 오빠가 좋아했던 점 바로 앞뒤 써져 있는거 ㅎㅎㅎㅎㅎㅎ 기저귀는 다 이렇게 딱 써져 있어야 한다며 칭찬 가득 ㅎ소변 알림선도 남아용 답게 앞쪽부터 쭉패턴도 귀엽죠
 만져봐야 아는데 진짜 짱짱 부드러운 기저귀 베피스 기저귀 네요쿠팡에서 구입했구요 팩에 
원 정도라 엄청 저렴해요ㅋㅋ 역시 기저귀는 인터넷으로 사야 제맛 ㅋㅋ
 밤기저귀로 써도 문제없어요 통잠 자는 아기라
시간 이상 기저귀 차고 아침에 일어나면 갈아주는데이렇게 많이 쌌는데도 제 손에 묻어나질 않아 너무 좋았어요아기 엉덩이도 안 축축하다는 증거겠죠옹 ?? 
 그래서 요즘 밤기저귀로도 잘 쓰고 있답니당팬티형 기저귀라 외출할 때에도 꼭 챙기구요 
 신축성도 정말 장난 아녜요 ㅎㅎㅎㅎ 밴드 부분 진짜 아주 잘 늘어나네요 무형광 기저귀 확인 된 제품이다 보니 안심이고용 가격도 저렴해서 좋아요 베피스 기저귀 후기 끝
 예비맘 이벤트베피스 기저귀 후기♡엄마의 사랑 
 베피스 팬티 기저귀 후기 
 .?베피스러브허브기저귀베피스러브허브기저귀.?베피스러브허브팬티기저귀베피스러브허브팬티기저귀 
 베피스베피스 기저귀 사용후기 
베피스베피스 기저귀 사용후기 
 출산 후일 뒤에 집에 왔는데 어디선가 택배 하나가 도착 했어요 뭐지뭐지??하고 봤는데베피스 기저귀 였지요 월 예비맘 이벤트에 당첨이 되었던 거에요 몇번 도전 끝에 드디어 당첨되서 너무나 행복했어요 
 베피스 물티슈 매와 함께 왔어요 향은 무향이라 아무 향도 나지 않아요 
 사용기한은 년 월 일까지라서우리 방글이가 한달이 되려면 월 중반이넘어가야해서 그때 바로 사용하면 될 것 같아요 
 물티슈를 사용해보려고 스티커를 제거하는데 어찌나 강도가 세던지 아니면 출산후에 손에 힘이 약해진건지 접착력이 엄청나게 강했어요한장을 빼면 다음 한장이 저렇게 반이 따라 나와요ㅜㅜ 그래서 다시 넣기가 좀 불편하다는게 흠이에요. 
 물티슈 크기는 물티슈 크기보다조금 더 넓어요 비침 정도는 아래 그림이 살짝 보이는 정도에요
 옆으로 잡아 당겨 보았는데신축성이 굉장히 좋더라구요 
 베피스기저귀의 예쁜 아기 얼굴이 왜 저렇게 됬냐면요ㅜㅜ 택배가 도착해서 봤더니 다 찢겨져있었어요ㅜㅜ 너무나 속상했어요ㅜㅜ 혹시나 하고 기저귀도 막 보았는데 다행이 기저귀에는 이상이 없는 것 같아 테이프로 다시 붙여주었네요. 택배 기사님들이 조금만 더 신경써주셨으면 좋겠어요 
 베피스 기저귀는 소형이 까지사용할 수 있어요 우리 방글이는 .태어나서언제되려나 모르겠어요 모유수유 열심히 하고 있는데 포동포동 해졌으며 좋겠어요
 베피스 기저귀는엑스트라 드라이 시트와 우수한 통기성 배 길어진 허리밴드와 부드러운 접착 벨트 안심 이중 샘방지 시스템과 편리한 소변알림마크가 있는 기저귀랍니다. 
 제조 일자가 작년 월 일이네요 방글이 되면 바로 사용해봐야 겠어요 
 투명 끈도 있어 들고 다니기도편하답니다. 사실기저귀에는 다 있는 손잡이죠 
 절취선이 점선으로 표시되어 있어보고 조금 벌려주면 이렇게 열려요 굿굿굿 
 하나를 꺼내 보았는데 기저귀에 사이즈가표기 되어 있어 보기 좋았어요 여러가지 기저귀가 섞여있으면헷갈릴 수 있거든요 초보맘 티나지요.ㅋㅋㅋ 저기 보이는 노란 선은 소변 알림 마크에요. 아기가 소변을 보면 노랙색에서 초록색으로 바뀌어 그때 기저기를 바꿔주면 된답니다.디자인도 너무나 귀엽습니다. 
 벌려보면 이렇게 되어 있구요 허리밴드가 부드럽고 신축성이 좋아요 그리고 옆선도 신축성이 좋아서 방글이가 불편해하지 않을 것 같아요
 안쪽면은 부들부들하네요 우리 방글이 엉덩이를 보송보송하게잘 지켜주렴
 .인 우리 방글이에게 조금 큰 감이 있지만 살이 조금 더 찌면 베피스 기저귀로 사용할 수 있을 것 같아요방글이도 좋은지 발버둥치네요
 사랑스런 우리 방글이 베피스 기저귀로 엉덩이 보송보송하게지켜보세요... ... ▲ 베피스 바로가기 ▲
 업체로 부터 본 제품을 무상제공받아 사용후 작성하는 솔직후기글입니다. 
 후기 베피스 기저귀 샘플 
기저귀 한 팩과 물티슈가 무료로베피스 기저귀 예비맘 샘플팩 
이번엔 베피스 예비맘 이벤트 후기에요베피스는 타 기저귀 샘플들과 달리한 두장 낱개가 아닌 통크게 한 팩이 옵니다 
거기에 물티슈 매까지 함께요... 
명에게 돌아가는 베피스 기프트 박스는예비맘과 예비맘 지인이 참여 가능해요저는 한 번 미끄러졌다가두번째 응모했을 때 당첨됐어요 
베피스 인스타 팔로우 중이라이번에 쿠팡에서 진행된 특가로팩이나 구매했는데 한 팩 추가로오랫동안 베피스 기저귀를 사용해볼 수 있게됐어요 
하도 샘플을 많이 받아서여러 제품 찔끔찔끔 쓰다가한 제품을 오래 사용해볼 수 있어서 좋아요ㅎㅎ물티슈는 아직 사용하고 있는게 있어서써보지 못했지만 나중에 휴대용으로외출할 때 사용해보려고 해요 
이벤트 무료 상품이지만올해 월에 만들어진 제품으로따끈...까지는 아니지만 아직 따땃해요 
물티슈는 베피스 제품이겠지만처음보는 물티슈라 어떤 제품일지 궁금해용나중에 여러 물티슈 샘플들 전부 사용하고장단점을 깔끔하게 정리해보려고 해요ㅎㅎ아래는 참여방법이에요인스타그램 아이디가 있어야 참여가능한데
 요즘 다들 인스타 아이디 하나쯤은 있으시죵? 
에 사진 올리신 뒤
 아래 링크로 들어가셔서댓글로 과 인스타 아이디 남기시는 것
 잊지마세용 
다음에는 베피스 기저귀
물티슈사용후기도 들고오겠습니당
 베피스기저귀 사용후기 
 맘스다이어리 별별체험단 베피스 기저귀 체험후기 
드뎌... 받았네요..휴 전 하도 안와서 제 이름 누락됐는 줄 알았다는요. ㅋㅋㅋ 어쨌든.. 잘 받았슴당.예전에 베피스 홈피에서 이벤트 응모해서 당첨돼 한박스 받아 써봤었더랬죠 그땐 후기쓰는 시기를 깜빡 놓쳐 쓰질 못했었네요..죄송요...ㅜ.ㅜ한번 써봤던 베피스라 품질은 믿고 받아 흔쾌히 감사한 마음으로 쓰고있답니다.핑크핑크 러블리 핑크 패캐지 
 뜯어보니 안에도 핑크빛 베피스로고가 이쁘게 정렬 
싸이즈는 제가 갖고있는 다른 브랜드 같은싸이즈와 비교해 보니 비슷하네요. 그런데 좀 더 얇은듯했어요. 큰 차이는 아니지만요.. 
채워보려고 펼쳐보니 안에 패드가 엠보싱처리가 되어있다고 해야하나요?? 더 잘 흡수해줄것같은 느낌 
허리밴드도 편하지만 짱짱하게 잘 늘어나 아가 허리를 죄는일 없이 편한듯했구요지유야.. 착용감이 어때?? 편해?? 물어보고싶네요.. 쩝 기저귀에 소변알림줄 뿐만 아니라 앞.뒤라고 표기되어 있어서 초보엄마 아빠들아빠들은 둘셋을 키워도 영원한 초보니까요에게 좋을꺼같았어요. 활동적인 우리아기 앉았다 일어났다 굴렀다 뛰었다 누웠다를 반복해도 흐트러짐없이 아기불편하지 않게 잘 채워져있네요. 역쉬.. 베피스입니당 
본 체험후기는 무상으로 베피스에서 제공받아 쓴 후기입니다. 
 베피스 엑스트라 소프트 팬티형 기저귀 솔직후기 
베피스 엑스트라 소프트 팬티형 기저귀 솔직후기 
잡고 서기 시작하는 개월아가어떤타입의 기저귀 사용하시나요??밴드형? 팬티형?우리 미코는 지금까지 밴드형 기저귀의 사용빈도가 더 높았어요개월아가이긴 하나 개월아가 평균보다 안나가는 몸무게 그래서 팬티형기저귀는 사이즈가 좀 크더라구요그런데 기저귀는 교체하는 동안 잠시도 가만히 있지 않는 우리 미코 뒤집고 기어서 도망다니고밴드형기저귀는 채우기가 너무 힘들어서 팬티형기저귀를 써야지 했는데미코가 쭉 사용하고 있는 베피스 엑스트라 소프트 기저귀도 팬티형 기저귀가 출시됐다는 반가운 소식다행이 베피스기저귀는 사이즈가 살짝 넉넉하게 딱 맞아서 넘 좋아요 베피스 엑스트라 소프트 팬티형 기저귀 착용해본 솔직후기 남겨볼게요 
베피스기저귀는 포장에 아가모델이 들어가 있어서좀 더 정이 간다고 할까요?ㅋㅋㅋㅋㅋ우리 미코도커버속 아가를 진짜 좋아해요 ㅋㅋㅋ잡아먹을듯한 기세 ㅎㅎ참 이쁜 아가들 많은거 같아요 ㅋ저도 아기 낳으면 저렇게 이쁜 아가 나올줄 알았는데 ㅋㅋㅋㅋㅋㅋㅋ그것은 실패했네요본론으로 돌아와서베피스 엑스트라 소프트 팬티형기저귀도 밴드형처럼 남아용 여아용 구분되어 있으니구매하시는 분들은 참고해서 구매해주세요 
베피스 팬티형 기저귀는 대형 사이즈부터 있어요중형사이즈가 없어서 좀 아쉬웠는데중형사이즈의 아가들도 대형사이즈로 입히면 충분히 잘 맞아요베피스의 기저귀가 타사의 기저귀 보다 살짝 작게 나온거 같아요기준 몸무게 도 적게 표시되더라구요그리고 저는 기저귀를 좀 넉넉하게 채우는 편이여요하루종일 기저귀하고 있는 아가들 답답할까봐 ㅎㅎㅎㅎㅎㅎ 
베피스 엑스트라 소프트 팬티기저귀 핑크 핑크 하니 이쁘죠??기저귀만 채워도 패션이 될 정도로 디자인이 이쁘고핏도 이뻐요 우리 미코 기저귀 갈아줄때마다 어디 기저귀냐고 여러번 질문 받았더랬죠 ㅎㅎㅎ 
기저귀 이름이 괜히 엑스트라 소프트가 아니여요정말 기저귀 한장 꺼내 들자마자 딱 드는 느낌앗 부드럽다안쪽 패드가 부드러워서 아가들이 부드러움을 느끼는건 물론이고
 겉커버까지 부드러워서 기저귀를 갈아주는 엄마들에게도 부드러운 촉감이 그대로 느껴질 정도여요 
기저귀 패드가 엑스트라 소프트라 정말 부들 부들 촉감이 좋구요흡수가 빨라서 구지 여름용 기저귀로 출시된건 아니지만 여름용 기저귀로 사용해도 정말 충분히 자격있어요 ㅋㅋ 
허리밴드 부분에 자글자글한 주름 보이시나요??이것이 울트라 소닉 실링으로 비가열식 최신 접착 기술을 가했다고 해요그래서 정말 부드러움이 말로 표현 못해요 ㅎㅎ 
기저귀라기 보다 그냥 면팬티를 만지는거 같은 부드러움우리 아가들의 연약한 피부에 닿았을때촉감이 진짜 좋아요 
움직임이 많은 우리 미코활동하기 너무 좋아요 ㅋ신축성과 부드러움을 동시에 가지고 있으니 말이죠 ㅎ이건 정말 직접 만져보고 사용해보지 않은 사람들은 모르는 느낌이라직접 사용해보시라고 정말 강추하고 싶어요 
기존에 베피스 엑스트라 소프트 밴드형 기저귀를 쭈욱써와서워낙 좋은건 알고 있었지만이번에 팬티형으로 사용해보면서 또다시 느낀점은베피스 엑스트라 소프트하면 정말 부드럽고 신축성 좋다라는 거네요 ㅎㅎ 
기존에 베피스 엑스트라 소프트 밴드형 기저귀의 자세한 기능을 포스팅한적이 있어요자세한 기능이 보고 싶으면 참고해주시면 되는데요 
부드럽다 신축성이 갑오브갑이다이 두단어로 함축해서 베피스 엑스트라 소프트 기저귀를 표현하면 될거 같아요 ㅎ 
베피스 엑스트라 소프트 이거 맘에 드네? 
몸에 착 감기는 맴시로 아가들의 뒷태가 더욱더 사랑스러워보여요 ㅋ 
깔끔한 뒷태 이쁘죠?? 
요즘 날씨가 더워서 기저귀 잘 안할려고 하는 미코인데엑스트라 소프트 기저귀는 거부 반응없이 잘하고 있어요 
잡고 서는 동작에 재미가 들려서 정말 가만히 있지 않는데요베피스는 다양한 체형를 고려해서 부드럽고 쫀쫀하게 만들어져서움직임 많은 아가들도 샘걱정은 할필요 없어요 
아기 피부에 닿는 부분이 정말 보들 보들하답니다. 줄의 허리밴드가 몸의 움직임에 따라 자유자재로 움직이는 기저귀참 괜찮지요?? 
적은 양의 소변에도 확실하게 반응하는 소변알림선이네요 
동글동글 말아서 테잎핑처리해서 버리면 끝 
부드러운 아기기저귀 신축성좋고 흡수력 좋은 기저귀베피스 엑스트라 소프트 팬티형 기저귀속는셈 치고 한번 사용해보세요재구매의사 일걸요? 
 무료임신축하선물 당첨 후기 베피스 기저귀 
안녕하세요 뿅뿅이맘쓰럽이에요지난번 일등맘산모교실에 가입
 임신축하선물을 신청했는데 당첨 똭이번엔 베피스 엑스트라 드라이 남녀공용 소형 매 한팩을 받았어요아직 우리 뿅뿅이가 쓸려면 조금 시간이 남았지만
뒤에 적힌 설명서를 미리 읽어봤습니다 
엑스트라 드라이 시트많은 양의 소변을 빠르게 흡수하고 새지 않아 아기 엉덩이가 보송보송우수한 통기성통기성 소재를 이용해 공기가 잘 통하도록배 길어진 허리밴드부드럽고 신축성이 뛰어난 허리밴드가 넉넉하게 허리 감싸부드러운 접착 벨트착용감이 우수하고 버릴 때도 깔끔하게 정리안심 이중 샘방지 시스템 소변이 옆으로 새는 것을 막아 줌편리한 소변알림마크소변 알림 라인의 색이 노란색에서 초록색으로 바뀜이런 우수 기능이 있다고 하는데... 뿅뿅이가 태어나면 직접 써보고 다시리뷰 남겨야겠어요베피스 엑스트라 기저귀 잘 쓸께요
 월 무료임신축하선물 아직 신청 안하신 분들이라면 신청해보세요.. .. 
 베피스 모션핏 팬티기저귀 사용후기 
베피스 가장 큰 장점이죠
 가격이 참 착해요거기다
 흡수율도 좋아서 우리 거니 낮기저귀로 사용 중인 베피스♡하나 보 에는 발진증상을 보이는 예민한 피부의 아가라 베피스 입히고 올레를 외쳤답니다ㅋㅋ그렇게 아기 개월 때부터 돌이 지난 지금까지 개월 사용 중인데요
 자신있게 괜찮은 기저귀라고 말할 수 있는 제품이에요 
베피스 모션핏 팬티 기저귀 
디자인 어떤가요?코듀로이데님 가지 디자인인데 입히면 기저귀같지 않고
 바지를 입힌 것 같아요ㅎ 
뒤가 크게 적혀있어 재빠르게 도망가는 거니를 잡아서 입히기 쉬워요ㅋㅋ앞
 뒤 확인하다 아기 놓치기 쉽잖아요. 하하 
 저만 그런거 아니죵?ㅡ.
 ㅡ 
기저귀 뒷처리밴드도 있어 깔끔하게 처리 가능합니다 
베피스 기저귀는
 고흡수성수지 사용으로
 강력한 흡수력을 자랑하고
뭉침 걱정도 없어요 
 통기성소재로 언제나 뽀송뽀송부드럽답니다거니는 기저귀발진으로 고생이 심했는데 베피스 사용하고는 한번도 트러블이 없어요 
 안심 이중샘 방지로 소변 양이 많아도 샌적이 없어요 
허리 허벅지 밴드도 굉장히 소프트합답니다 
줄의 고무밴드는
 신축성 짱짱아기 엉덩이에 촥촥 감기는 핏이에요ㅋㅋ 
두께도 얇고 가벼워서 아기가 착용하고 생활하기에 불편함이 없어요 
거니의 낮기저귀로 함께해온 베피스베피스 쓰는 거니 친구들은 전부 만족하고 있다는 사실 
거니 외출 할 땐
 언.제.나 베피스와 함께 랍니다♡데일리 기저귀로 사용해보세요후회하지 않으실거에요 
 유흐감사합니다❤다들 축하합니다
ㅎㅎ 감사합니다 모두 축하해용♡
다들 축하드려요
감사합니다
감사합니다
감사합니다
축하드려요
감사합니다❤
감사합니다ㅎ 모두 축하드려요
축하드려요
 가격도저렴하고 좋아요 단점은 팬티형 옆에 뜯는게 힘들어요
그렇군요
저두 잘 쓰고 있어요
저도 잘 썼어요. 발진없이.. 가격도 저렴하고요. 근데
팬티 옆에 뜯는게 땜시 그만 써요. 그거 뜯다가 성격 버릴듯 ..ㅎㅎ
헐. 주문했는데... ㅠㅠㅠ밴드고민하다가 팬티 했는데. ㅠ ㅠ 얼마전에 티몬서 딜 떴었거든요.... ㅠㅠ
옆에 뜯을때 밑에서 위로 뜯으면 쉬워요.위에서 아래로 뜯으려면 잘안돼더라구요.잘쓰고있네요
 전 너무두껍더라구요ㅜㅋ
저희아이는 발진이 잘나서 베피스도 발진났네요..근데 팸퍼스
 리베로빼고는 거의 모든제품이 발진나는 아이었어요
 저는 잘 세서 바꿨어요 신생아인데 제일 작은 사이즈도 크더라고요
 베피스 쓰고있는데 좋은거같아요. 요즘 장염으로 분유를 잘 안먹어서 소변량이 좀 줄긴했지만 밤에 새지도 않고 괜찮은거같아요
베피스흡수력도갼코얇고좋더라구요밤에도쉬야많이해도새거나그런거없구요
마미포코쓰다가 갈아탓어요 얇고흡수력좋고 기저귀닿는부분 보송해요ㅡ허리도편하구요ㅋ단지 허리뜯어지는부위약해서 입히다가잘찢기는거 제외하믄 다좋은듯요ㅋ
한번도 샌적없어요 베피스좋아서 그거 한동안 계속 썼었어요
저도 이번에 좋다해서 쓰는데 진짜 깜짝 놀랄정도로 흡수력좋네요 기저귀 안써본거없는데 감탄중이예요 ㅎ
한팩 써보고 인터넷에서 대량구매하세요 저 신생아용? 단계 남녀공용 한팩있는데요... 구매하실래요??
저..대형필요해요
 좋은정보 감사해요
저도 유목민 ㅠㅠ
저도 아이 신생아때부터 슈베스 오래도록 썼는데 슈베스가 사이즈가 좀 작게 나와서 이제 키로 허벅지 통통 아가는......다른 기저귀 찾아갔습니다ㅠㅠ사이즈 큰게 있었음 좋겠네용
 밤 기저귀로 여름용으로 쓰기 괜찮았네요
감사해요
저는 모션핏 쓰는데 잘쓰고있어요저렴하고 잘 안세고 괜찮아요
맘님혹시한단게크게사용하시나요
임마뮴년풍덕동키로 특대형도 점보도 괜찮게 맞아요여름이니 낙낙하게 한사이즈 업하셔도 괜찮을거같아요
팬티형쓸때 가격이 싸서 잘썼어요ㅎ두가지 다 써봤는데
 크기가 좀 작은거 빼곤 밴드부분도 쫙쫙 잘늘어지고 쓸만해요ㅎ사이즈는 표기된것보다 단계씩 업해야해요. 특대가 타사 대형사이즈....
사이즈가작군요ㅠ그걸노칠뻔햇네요
임마뮴년풍덕동전 팬티형만 써봐서.. 팬티형은표기사이즈보다 단계 작다고 보심 되어요
지니맘년중동네ㅎ저두지금팬티형보구있어요ㅎ
임마뮴년풍덕동점보실제로는 특대형ㅎㅎ까지 나와요킬로일때 점보썼었어요ㅎ 전 하ㄱㅅ보다 밴드부분이 부드러워서 좋았어요.스스로입고.벗고 하게 팬티입는연습시키기도 좋았구요ㅎ매직벨트는 찍찍이가 자꼬 애기살에 찔려서..ㅠㅠ
 축하드려요 아이키울때 기저귀만큼 필요한선물도없죠ㅎ
감사합니다 기저귀 오니 아직 아가도 없는데 좋네요 
축하드려요저도 출산용품에잘놨두었다 아기태어나면 바로써보려구요
네 저도 지금 하나 하나 모으고 있어요 ㅋㅋ 고맙습니다 
축하드려요 저두방금 받았어요 ㅎㅎ
축하드려요ㅋ 선물 좋네용 
저도 이거 받았어요ㅎㅎ기저귀선물은 언제나 기분좋지요 이거 미끄러지는분들도 있으시던데 축하드려요
축하드려요기저귀 선물 좋네용 
기저귀 받으신거 축하드려요.다른 경품도 좋지만 요즘은 기저귀가 젤 좋은것같아요
맞아요 기저귀 선물 좋네용고맙습니다 
 베피스 첨 출시됐을때부터 썼는데 괜찮았어요.둘짼 친구가 치쿨사줘서 써보고 치쿨로 갈아탔어요ㅎ
 저도 하나하나 써보니 넘 좋아서 만족하는 제품이에요
향도 그렇고 좋더라구요 특히 오일이 너무 맘에들어서 당첨되기 잘 한것같아요ㅎㅎ
오오베피스에이런것도잇군용기저귀두괜찮든뎀ㅎㅎ
기저귀도 괜찮은가요? 한번구입해서 써봐야겠네요
거제꼬미맘네가끔그거신청하는이벤트나오는데신청하시면한팩으로턱하구오거든요그거사용해보시구해도좋을듯싶어요
대전대바깅맘어디서 신청하는지 자세히 여쭈어도 될까요?ㅎㅎ
거제꼬미맘카페하시다보시면 가끔씩올라와요 그거 나오면 신청하시면되요 여기 일등맘카페에서 공고해드려요 ㅎㅎ
대전대바깅맘아 그렇군요ㅎㅎ 감사합니다
거제꼬미맘꼭해보세요 ㅎㅎ잘들어오셔서 확인잘해보시면 될거가타요 ㅎㅎ
대전대바깅맘자주 들어와바야 되는거겠죠?ㅎㅎ
 구매해 봤어요
사은품 꼭 챙기세여 ㅎ
◆리워드 알리미◆ 지금 몰리 경유해서 구매 하면 . 적립됩니다....? ...?적립된 포인트는 언제든지 현금환급 또는 배송비로 사용가능합니다.
모션핏 좋아요 가성비 ㅋ 새지도 않고 부드럽구요
소프트는 안써봤는데 비슷하다는 후기땜에 저도 모션핏만 써요
첫아이 신생아때 하루에 개이상써서신생아꺼 한번사봤어요ㅎ곧 둘째 나올꺼라저렴하게 잘샀어요감사해요
저도 가성비 있는거 찾아보다가 후기 좋은걸로 사는편이라 이것저것 써보긴 하는데 요건 항상 만족하고 써요
크림이맘님이시죠아이디랑 옆닉네임 확인차 댓글 드렸어요
넵 몰텔 아이디가 바뀌어서요 주말에도 수고 많으셔요
 몰테일 아이디가 지금 우기기이신가요?몰테일 아이디가 바뀌긴 어려운데요..사서함번호 여쭤봐도 되나요?
 축하드려요 이거 은근 미끄러지는분들 많다고 하시더라구용ㅋㅋㅋ
월달에이벤트신청했던게 다미끄덩한지라 전 이벤트신청해 놓고까먹고있었어요 ㅎ다른이벤트에당첨되서물티슈도받았는데일등맘하고는인연이있나봐요
저도 오늘 받아봤어요 ㅎㅎ 기저귀 통째로 받는거 첨이예요
저도이벤트해서 기저귀한팩으로받기는처음이에요 ㅎ어서사용해보고싶네요
우와 축하드려용
감사합니다
전 떨어졌는데 받으신거 축하드려요
감사합니다
축하드려요 당첨되면 하루종일 기쁘죠
설레이더라구요 ㅎㅎ감사합니다
 축하드려요
감사드려요 ㅋㅋ 넘나 기분좋아요 ㅋ
우왓 기저귀는 넘좋즁ㅋㅋ축하드립니당
아직 아가가 뱃속에 있지만 살림하나 느는것같아 너무 기분좋아요 ㅋㅋ 산모교실에서 당첨안되서 너무 서운했는데 이런 행운이 ㅋ
축하드려횽
감사드려용 ㅋㅋ
우와 ㅎㅎㅎ 전 오늘 비움의 태교햇어요 ㅡㅡㅋㅋㅋㅋ
저도 늘 비움의 태교를 하는데.. 부지런히 다니니까 그래도 행운은 주어지더라구요 
축하드립니다 꼭필요한거라 더좋으시겟어영
네 ㅋ 너무 좋아요 ★ 너무 기뻐요♥
 네 했어요 ㅋ 몰랐어요♥ 죄송해요
 배피스 슈퍼대디는 뜯을때 고무줄 아파요. 비츄
슈퍼대디 밴드형 써봤는데 저는 괜찮았어요 개인적으론군이랑 비슷한 느낌이더라고요.
베피스 밴드부분이 까슬해서 별로예요
킨도기저귀도 좋은거같아요ㅎㅎ
베피스 비추리베로 밴드형 좋아요팬티형은 샀는데 아직 안써봤고요
 요거 좋아?나도 현호 하 요기꺼만 쓰는데비싸고 자고 일어나서 새네근데 현호가 쉬를 많이 하기도 하고기저귀 바꿔보고 싶고만
어어 자고 일어나서 새는거 ㅜㅜ 문예으니도 ㅎ 밴드형은이거 한 번 써봐 진짜 난 좋더라구 
기저귀발진 땜에 바꾸는거 쉽진않은데..괜찮다고하니 한번 써보고싶은 맘이 드네용ㅎ
후기야 의무라서 쓴거긴 하지만 진짜 부드럽고 좋더라구요 전 그래서 이번에도 이걸로 샀어요 가격도 하기스에 비해 많이 저렴해서 ㅋ
가격도 저렴하다고 하니 바꿔볼까 싶네요
베피스 좋아요부드럽고 도톰하고ㅎㅎ
 저 지금 집에서 베피스쓰고있어요 베피스 전 완전만족하네요ㅋㅋ지금 세박스네박스째쟁였어요
답변 감사합니다. 밖에서 쓰기에도 괜찮나요?
후랑 환이랑유촌동전 밖에선 기저귀갈기 쉽게 매직팬티 옆에뗏다붙였다하는걸로써용근데 이거 밖에나갈때도 채우고나가곤해용
저도베피스써요 밴드는 별로고 팬티는 저렴한가격에 만족하며써요 발진없었구 센적두없어요
무난하게 쓸만한가보네요. 저도 주문해야겠네요.
저도팬티이것저것. 마미포코.하기스.네츄럴블라썸.보솜이.베피스 이렇게썻는데 별반다른거 없이 괜차나요. 기저귀지겨워서 종류별로써보거든요ㅋ
답변 감사해요. 지금 주문 해야겠네요
저도 첫째때 베피스 팬티기저귀 좀 채웠는데. .쏘쏘정도인것같아요저렴하지만.나쁘지않고...그렇다고 엄청 좋은것은 아닌...가격대비 괜찮은정도..
전 이거 쓴지 오래되었어여..팬티가 넘 편해서 저렴해서 사용하다보니 요거 세일하면 쟁이고 있어여
저도 의심적어 하면서 함써봤는데 좋아요 ㅋㅋ
 저두 잠깐써봤는데기저귀갯수도 많고저렴하긴해요 새거나하지는 않구요저는 팬티썼는데좀 뭉치는게 있긴하네요 처진다고해야될까요
아... 급한맘에 막 주문하고 오는길이에요 ㅜㅜ 쳐지는 현상이 있구나 ㅠㅠ 경험이라 생각하고 써볼께용 감사합니다
쏠펨퍼스도 처지든데요뭘참팬티면옆트임이 잘안찢기네요 나비잠이나 마미포코는좀 낫더라구요 나비잠도 괜찮아요
울 딸랑구 아... 전 밴드로 구입했어요 겨울이라서 이제 팬티는 외출시에 옷 다 벗기고 갈아입히기 힘들것 같아서요 ㅎㅎㅎ
그냥저냥 비슷비슷 쓸만해요 다른기저귀랑 큰차이 없었어요
감사해용 오늘 배송오는데... 새는거만 없음 좋겠어욯ㅎ
 그냥 이따 이마트에서 네이처메이드 행사하나 가봐야겠네요
저도 별로여 냄새나요 화학냄새요ㅠㅠ
별루군요..미리물어보길 잘했네요
안쓰던건 샘플써보게 하는싸이트나 블로그도 있더라구요 반가워용
그런데도 있어요??몰랐네요저도 반갑습니당
저만 괜찮나보네요 ㅎㅎ 전 베피스 팬티기저귀 모션핏 입히는데요 저는 싼걸 사서 자주 갈아주자 주의라서 걍 팍팍 써요 근데 대변 봐서 씻길땐 옆 부분이 매직팬티처럼 양쪽으로 뜯어지는게 아니라 헐크처럼 잡아당겨서 뜯어야하는 단점 빼곤 모르겠어요 오히려 매직팬티 입히면 밤에 쉬야가 새는데 이건 안새더라구요 글서 외출땐 매직팬티 집에선 모션핏 입혀요 똥꼬 발진도 없구요 이건 애마다 틀려서 ㅎㅎ 여튼 전 잘쓰고있어요참고로 갤이고 팬티기저귀 입힐때부터 이거 사용했네요
아괜찮으신 분도있으니 다행이네요
전.바바랩 쓰는데..장당 원이예요..팬티기저귀이고.옆에도 잘 뜯기고 .. 만족하면서 쓰고 있어요 ㅎㅎ
바바랩이라는 브랜드도 있나요?제가 넘 올드한가봐요ㅎ
 저희는 아주만족하면서 써요 울아기는 기저귀발진이예민한데 이건괜찮네요ㅋ
ㅇㅏ 그래요 사이즈는 다른 회사랑 비슷 한가요?
아주민소영회사마다 사이즈가 다달라서 뭐라이야기하긴 그렇지만 저아기가여태까지쓴기저귀들이랑은 거진 비슷했어요ㅋ
장평정영희넵 이른아침 답변 넘 감사해요
아주민소영아니에요 애기엄마끼리ㅋㅋ당연히 서로돕는거죠ㅋㅋ
베피스 소형때부터 중형까지 쓰다 하기스랑 보솜이 마미포코 페넬로페 정도 써봣는데가격대비 만족이여ㅎㅎ최악은 보솜이였네요ㅜ옵션은 다다르겠지만 사이즈는 정사이즈인지 조금 작은편에속해요 저희애기 허벅지가 짱짱보라그럴지도
답글 감사드려요이번에 베피스꺼 한번써봐야겠어요
 출산 예정이예요ㅎㅎ 받고 싶은데 어디쯤 사시는지 여쭤봐도 될까요? 
거리가 머네요ㅜㅜ 드림 응원합니다 명절 잘 보내세요ㅎㅎ
몽이몽이맘좋은 명절되셔요 출산이 얼마 안 남으셨다니 편히 지내시구용♡
월초 예정일인데 받을수있을까용? 얼마전에 드림받아서 괜찮을지 ㅠㅠ
일에 한 번이래요 일 내 받으신거 없음 괜찮을 것 같아요ㅎㅎ
직장이 구서동이라 오늘도 가지러갈수 있는데 가능할까요?
유니짱앗 가능해요가능해요 챗드릴게요
유니짱님께 드릴게요
불발시 줄서 보아요
 본인이 직접찍은 실사첨부는 필수입니다 수정해주세요
아 죄송합니다 수정하겠습니다
 저요.
쳇드릴께요 엄청빠르시다며 
저도 베피스 쓰는데 손 든어 봅니다
저도 손들어봅니다
거래완료
 챗보셔요
 팔렸나요?
판매완료되었습니다
 저용
챗 드리겠습니다.
백군감사합니다♡
줄서보아요
완료되었습니다.댓글 감사합니다. 
 커피 쿠폰 어떤 거 몇장과 교환되나요? 
채팅이 안되서 쪽지로 보냅니다
육아하면서 가장 많이 사용하는 기저귀뭔 기저귀를 써야하나
 다른 분들이 엄청 고민하길래같이 덩달아 고민했었다능다행히 저희 아가는 무슨 기저귀를 써도발진은 안일어나는 것 같더라구요발진유무는 빼고 적는 개인적인 기저귀비교 후기 
 조리원 나와서 가장 먼저 사용해본 킨도 올데이킨도브랜드에도 라인이 여러 종류임소변표시줄이 없다고 하던데 올데이는 있어요조리원에서 사용하던 신생아 기저귀가 르소메였는데르소메에서 킨도로 갈아탔을땐 뭣도 모르고아 확실히 퀄리티가 별로네 뭐 이러냐 싶을 정도로넘나 부드러운거 근데 좀 저렴한 느낌의 부드러움엠보도 뭐도 없었던 기억근데 르소메가 진짜 진짜 좋은거였음ㅋㅋㅋㅋㅋㅋㅋㅋㅋㅋㅋㅋㅋㅋㅋㅋㅋㅋ지금에서야 생각해보면 킨도 정도면가성비가 정말 괜찮은 브랜드구나 싶어요흡수력도 나쁘지 않았음개월차 때라서 밤에도 서너시간마다 깨니이게 밤귀저귀로 괜찮은 제품인지 아닌지는판단을 할 수 없었지만다른 엄마들은 밤기저귀로 킨도도 많이이용하시는 것 같아요
 귀애랑 기저귀이거 매 팩짜리를 팩에 
 원에 팔길래장당 원 꼴오로지 가격 때문에 혹해서 구매함엘지 생건에서 나온 한방라인이니 뭐믿고 사는거 아니겠어? 하고 샀다가 날벼락ㅋㅋㅋㅋㅋㅋㅋㅋㅋㅋㅋㅋㅋㅋㅋㅋㅋㅋㅋ나도 생리대 귀애랑 쓰는데요... 엘지님이렇게 뒷통수 치기 있기 없기완전 뭔가 별로였다기저귀에 대한 경험치가 부족했던 탓이었을까?정말 이건 가격 아니었으면 절대 안샀을걸왜 싸다고 사가지고 다른 더 좋은걸 못썼을까 싶음킨도 한팩 쓸때는 별로 느끼지 못했는데귀애랑 쓰고나서 아
밤기저귀를 따로 사야겠구나하고... 밤기저귀를 장만함ㅋㅋㅋㅋㅋㅋ남은걸 다시 팔아야하나 고민도 했는데그게 더 귀찮아서 낮에 막 쓰고 버릴 생각으로사용한게 지금 벌써 팩 사용하고 마지막 팩째 시작이거 다 쓰면 윗단계로 넘어가면 되게땅 히히지금 와서 생각해보면 어차피 낮에는 자주 갈아주는데가격면에서 부담없이 막 쓰기 나쁘지 않은 것 같음 소형이인데
거의 정사이즈인듯 싶고실제로는까지 무난하게 사용할 수 있을듯 해요저희 아가 일 쯔음에 .였고지금 대략 . 정도 예상되는데 딱 정사이즈 느낌아기가 꿀벅지는 아닌듯 싶음. ㅋㅋㅋㅋ그나저나 많이 컸다. 처음 사용했을 땐기저귀가 너무 커서 달랑?거리는 느낌이었는데 ㅋㅋ지금은 이쁘게 딱 맞아 
 귀애랑보다 더 별로인 기저귀는 없을꺼야
 라고 생각하며 다음으로 구매해 본베피스 엑스트라 드라이팩 매입 팩 
 원. 장당 원꼴.와우 넘나 씐나는거구매했다 귀애랑에 대한 실망이 넘 컸던건지
 처음엔 그래
이게 낫구나. 싶었는데쓰면 쓸수록...넘나 별로인거....기저귀가 왜 이렇게 빳빳해요. ㅋㅋㅋㅋ밴드부분이 최고로 뻣뻣함기저귀 갈때 새 기저귀 밑에 깔고사용한 기저귀를 아기 다리 사이로 빼내면밴드가 안쪽 허벅지를 쓸고 올라오면서아기가 짜증을 낼 때가 있어요.소형인데
사실상 키로 까지 절대 못쓸듯사이즈가 많이 작게 나왔어요쓰다보면 허벅지가 조금씩 붉게 올라옴이거 먼저 쓰자 하고 제일 먼저 써버림...귀애랑은 가격보고 한번 더 사볼 의향은 있지만베피스는 절대 안살꺼야......... 
 오늘의 마지막
케이맘 처음 기저귀마더케이에서 나오는 기저귀 브랜드
케이맘인데요다른 기타 육아용품 준비하면서마더케이를 많이 이용해보기도 했고
 국산브랜드라 더욱 맘에 들었어요.그리고 디자인도 넘 아기자기한게 귀엽고 이뻐기저귀가 그렇게 저렴한 편은 아니던데
 핫딜로 팩 
 원에 가끔 뜹니다. ㅋㅋㅋ사이즈는 장당 원 꼴소량 들은거 있고
점보팩이 있음소량팩은 어디 외출할 때나 박일로 가볍게 여행갈때 들고 다니기 넘 편해요 
 디자인이 두가지임. 넘나 귀여워 ㅠㅠㅠㅠㅠㅠㅠ사이즈별로 다른 동물 디자인이라고 하는데아기여우 너무 이쁜거 아니니ㅋㅋ일단 촉감이 넘나 좋아요. 개취 바깥도 부드럽고
안쪽 엠보도 부드럽고뭔가 여태껏 사용해 본 기저귀랑은 다르다..흡수도 짱 조아 ㅎㅎ 밤기저귀로 낙찰 근데 아기가 서서히 통잠을 자기 시작하면서살짝 새더라구요. 큰사이즈로 해주면 나으려나??ㅠ발버둥 겁나 치다가 일어나서 보면 기저귀가내려가있기도 함.......이건 딸랑구 니 탓이다 ㅋㅋ시간 정도 까진 괜찮은데
 시간 넘어가면 좀 새요근데 이건 다른 기저귀도 마찬가지일거라는육아선배 친구님의 말씀 ㅋㅋㅋㅋ그렇다고 중간에 갈아주다가는 무조건 깨고...그냥 새면 옷을 갈아입혀주는걸로....ㅠ시간 통잠이 어디냐...감지덕지사이즈도 적당해요.인데 저희 아가 아직까지 무난하게 사용 중키로 들어서면 다음 단계로 한치수 업하시는 것도 좋을 것 같아요.케이맘 기저귀는 핫딜 뜨면 무조건 사는걸로최고당퀄리티 대비 인지도가 너무 없어서 슬프네 엉엉기저귀 비교 커밍순 .?신생아기저귀신생아기저귀.?기저귀추천기저귀추천 .?밤기저귀추천밤기저귀추천.?킨도올데이킨도올데이 .?귀애랑기저귀귀애랑기저귀.?베피스베피스.?마더케이기저귀마더케이기저귀 .?케이맘기저귀케이맘기저귀.?케이맘처음기저귀케이맘처음기저귀 .?밴드기저귀밴드기저귀 
.개월동안.아기 키우며 여러가지귀저기 를 거치고있다.처음 조리원쓰던 군 에서 시작해서 샘플로온 팸퍼스 까지 다양하게 써보았다.지금까지 다행히 발진은 없었다.군기저귀는 평타치는것같음 팸퍼스도 저녁귀저기로 괜찮은것같고 .군 계속쓰다가 선물받은게 있어서 갈아타봄.일본거라 찝찝 한게어느정도 있기도해꾸요.사용하는동안 발진도없고 별문제는 없슴미당ㅎ..우리아기는 발진은 없고.그냥 엉덩이 빨개진정도 .발진이 없어서 너무감사했다.암것도 모를때.엉덩이발진을 걱정하며물로씻기리라 천기저귀하겠다고 다짐했지만.쓸대없는걱정이었다..케이스바이케이스 겠지만.물티슈와 기저귀 잘갈아주고 엉덩이피부 관리만잘해줘도 발진이 없는것같다.지극히 내애기준으로ㅋㅋ..여기부터 기저귀 리뷰시작..가격.가격 순위는 저렴한 순으로 .베피스소프트앤핏 중형 매 최저가원.하기스매직핏남아용 단계만원중반.네이쳐메이드 남아용 단계 만원중반. 순이다. 길이및 샘방지선 비교베피스네이쳐메이드매직핏
 .베피스가젤 길고네이처가 젤 짧다사진상 잘나오진 않았지만 샘방지선과 뒷부분을잡아주는 선들이 베피스아주 깡깡해보인다특히베피스는 배꼽위까지올라와서갠적으로는 길게올라오는게 좋은것같음 
 .내부 흡수면 비교베피스네이쳐메이드매직핏
 .맨아래 찍힌 매직핏이 가장두꺼움 베피스가 가장얇음 흡수율면에서는 매직핏이 가장 난것같음.. .각각장단점 . 베피스.장점얇고 길고옆 밴드 도 탄탄해서 잘안샘앞뒤라고 써있어서 밴드보고 앞인지 뒤인지 안찾아도됨베뤼 굿.단점흡수력이 아무래도 얇다보니 다른기저귀에비해 자주갈아주면 상관없음. 
 .네이쳐 메이드.장점 개인적으로 디자인 좋음.기저귀닿는부분들이 좀 부드러운것 같음 특히 공용은 날개처럼 돼있던것 같음 밤부재질이라함 ..단점밤귀저기론 비추 이유는 가끔 샘 상대적 짧아서 그런것 같음 오줌많이 싸면 기저귀 무거움 
 . 매직핏..장점대체적으로 위 제품들의 단점을 커버 함 .단점약간 닿는면들이 뻑뻑하다고 느껴짐.나의생각.....위에설명했듯이.나는 발진예방을위해.최대한 피부자극 안하고 물티슈 로 닦은뒤.로션 발라주고 기저귀도 자주 갈아주고있음.종종.방수요나 속싸개 깔아주고 기저귀없이 있게하기도함좋다고 소문난기저귀들은.가격이 사악하다 보니 가격이저렴하고 가성비좋은 .베피스로 활동많은 낮에 사용하고.땀많은날엔 부드러운 내이쳐메이드 .잘땐 매직핏 착용하고있음..오늘도 소중한 울아기 뽀송뽀송 엉덩이를 위해 화이팅하세용♡♡.. .?기저귀기저귀.?기저귀사용후기기저귀사용후기기저귀추천.?매직핏매직핏하기스네이쳐메이드베피스. 
 베피스 써본 적 있는 맘들 기저귀 어떤가요? 무형광이래서 한번 써보려고하는데 어떤지 궁금해서요사용후기 부탁해요
베피스 드라이핏 팬티 기저귀 후기 
 아기가 돌이 지나니 신기하게도 아장아장 걷기 시작했다.추가로 밤에 자면서 몸부림은 덤그래서인지 낮에도 밤에도.. 새는 기저귀와의 전쟁이 시작되었다.낮에도 활발하게 놀고 나면 어느새 젖어 있는 바지특히나 밤에 바지가 젖어서 깨면 아기도 짜증
옷을 갈아 입히는 나도 짜증이 났다.국민 기저귀 브랜드를 쓰다가 주변 지인들에게 물어봐서 베피스를 구매해보았다. 
 특징밴드가 다르다기존 밴드는 기저귀 재질이 이어져 있어서 잘 늘어나지 않아 아기의 허리에 맞추기 위해 많이 늘려야 했고
 팬티 기저귀의 특성 상 위치를 잘 잡아주기 어려웠다.하지만 베피스를 처음 꺼내보고는 어머 이건 그믈 형태로 되어 있어 쑥 올라가고 아기 허리에도 착 붙는 것이 아닌가남편도 입히기 편하고 아기 허리가 땀도 안차고 좋아 보인다며 이걸로 바꾸자고 칭찬했다.
 특징옆샘 방지가 튼튼요즘 대부분의 기저귀는 옆샘 방지가 되어 있다지만 활달한 돌쟁이의 활동량을 잡아 주지 못했다 ㅠㅠ하지만 베피스는 옆 샘 방지선이 두꺼워서 아기가 마구뛰어 몸부림을 쳐도 아주 소량 새거나 새지 않는다내가 손으로 벌려 보아도 허벅지에 찰싹 붙어 있음특징무형광 제품으로 보송 보송기저귀가 다른 회사 보다 얇다는 느낌이 있다.그래서 금방 불어날 것 같지만 노노긴 외출 중에도 새지 않고 잘 버텨주고흡수량이 어마어마 하다시간 동안 잔뜩 싸도 새지 않고 모두 흡수해서 무거워질 정도특징다양한 디자인 아기는 모르지만 엄마에게는 중요한 부분기저귀를 매일 만지는 엄마에게 귀여운 디자인은 소소한 재미를 준다.덤으로 사진 찍기도 좋다 
뒤처리는 뒤에 붙은 테이프로 쓱 붙이고 휴지통으로 쏙 버리면 된다.
 아기도 편안해하고
갈아주는 엄마 아빠도 편안한 팬티 기저귀베피스 드라이핏 기저귀 
베피스 홈페이지 이벤트를 통해 제공받은 제품을 사용한 후 남기는 후기 입니다. 
 .뽀뽀가 생기기 전엔이벤트 같은 건 관심이 없었다..어쩌다 참여했어도 물론 당첨되어본 적도 없다ㅋㅋ.그런데 뽀뽀를 위해 참여해보는 이벤트는. 우리 복덩이 덕분인지 빵빵 당첨.덕분에 택배가 끊이지 않는 우리집ㅋㅋ.오빠가 퇴근 후 빈 박스를 보며 오늘은 또 뭐냐고...오늘은 뭐냐면 여기다 써볼게ㅎㅎ... 
 ..마더스베이비 수유브라. 
 ..마더스베이비 모유수유 응원 이벤트.나는 수유브라가 갖고 싶어서 소문내기 이벤트만.참여했는데 운 좋게 당첨됐다.😚. 
 ..바비즈몰에서 온 택배
수유브라가 들어있겠지.박스를 열면 예쁜 글이 쓰여있는 카드가 나온다..태어날 아가를 보고 하는 말인가?💕..살면서 첫눈에 사랑에 빠지는 일이 이렇게 또 생기네. 
 ..색이 아이보리다 블랙일 줄 알았는데.사이즈는 보통 두 컵 정도 크게 주문한다길래.타고난 내 덩치붓기 때문에 혹시 안 맞을까 봐.제일 큰 로 시켰는데..많이크다ㅋㅋ.살이 더더더 쪄도 여유 있게 입을 수 있겠다.🤣. 
 ..수유하기 편한 랩 스타일 어깨 끈도 편해 보인다. 
 ..넘넘 시원해 보이는 디자인
 .노 와이어라 더 편하고 단계 후크가 있어서 더 좋다..세탁해서 출산 가방에 넣어놔야지 잘 입을게요. 
 ..베피스 오버액션토끼 기저귀. 
 ..베피스 예비맘 모여라 이벤트.초음파 사진을 간단한 태그 몇 개랑 업로드 당첨. 
 ..택배 택배😆.뽁뽁이 밑에 귀여운 기저귀랑 물티슈가 들어있다.. 
 ..토끼 앞태 뒤태ㅋㅋ 너무 귀엽다ㅋㅋ.소형 매
유통기한도 빵빵해요.뽀뽀 좀 크면 쓸 수 있겠지💕. 
 ..오아 물티슈는 매 짜리.성분 좋고
유통기한도 넉넉하군요ㅎㅎ.기저귀랑 물티슈 잘 쓸게요
베피스. 
 ..마미포코 리프가닉 기저귀 . 
 ..온니유어리프가닉 캡쳐 이벤트.홈페이지에서 가족사진이나 아기사진을 담은.기저귀 디자인을 미리보기 한 후 캡쳐해서 업로드. 
 ..나는 뽀뽀 초음파 사진으로 응모했는데 당첨. 
 ..리프가닉 기저귀는 비닐에 왔어용. 
 ..우아 매 엄청 많이 들어있다.뒤쪽엔 안심하고 쓰라고 쓰여있다
안심 또 안심.유통기한 넉넉하고 이것도 소형이라 나중에 써야지.잘 쓸게요
마미포코..후기 쓰다 알았는데 마미포코가 일본.. 음...받은 건 잘 쓸게요.😅. 
 ..이상
당첨돼서 기분좋은 뽀뽀엄마 였습니다.😍. 
 .. .?이벤트이벤트.?이벤트당첨이벤트당첨.?출산준비출산준비.?임신주임신주.?임산부임산부. .?황금돼지띠아기황금돼지띠아기.?황금돼지띠예비맘황금돼지띠예비맘.?좋아요좋아요 . .?마더스베이비마더스베이비.?수유브라수유브라.?베피스베피스.?오버액션토끼오버액션토끼. .?신생아기저귀신생아기저귀.?마미포코마미포코.?리프가닉기저귀리프가닉기저귀 
 하기스
보솜이
마미포코 이런 종류의 기저귀만 쓰다가 밑에 글에베피스라는 기저귀가 있네요.기저귀를 한번 바꿔 볼까 해서요.사용하신 분들 후기 부탁드립니다.
 베피스 기저귀 밴드 쓰시는 맘님개월 남자아기 기저귀로 어떤지 혹시 제품 추천이나 후기좀 부탁드려요 
 베피스 기저귀 써보신분들 어떠셧어용?후기 좀 알려주세영 ㅎ
 개월 에너자이저 여아 맘 입니다..키로 꿀벅지구요.하기스만 쭉 써오다가아가가 하기스 테이프를 쭈욱 뜯어버리는 일 자주 발생꿀벅지 아가라 허벅지에 쬐는지 자국이 생기고뛰어다니면서 허벅지에 테이프가 쓸려 자꾸만 상처가 생겼어요.하기스에 테이프 마감을 둥글게 해달라고소비자 의견을 개진했지만 회신도 없고.. ㅎㅎ절이 싫으면 중이 떠나야지요. 과감히 하기스와 안녕을 고하고새로운 기저귀를 찾아 떠나기로 합니다. 인터넷에서 무료 샘플링을 구해볼까조동이나 문센 엄마들에게 두어개씩 빌려볼까하는데써봄이라는 사이트가 있더라구요. 여러 종류와 단계로개씩 구매를 할 수 있어요. 테스트해보고 결정하면 되겠다 싶어 빌려서 써봤을 때 좋았던 기저귀와좋다고 주워들은 기저귀들 주문개씩 비닐포장에 네이밍 잘 붙어 왔구요.사진 안 찍은게 아쉽네요.깔끔하게 왔어요구입한거 중에서 슈베스 빼고 하나씩 모아 찍어봤어요. 제가 젤 맘에 든 건비교할 수 있게 표도 만들어져 왔어요. ....... .......? 본문 이미지....... .......? 본문 이미지위에 사진은 함께온 비교표예요.제가 주문한 것들로 저렇게 오더라구요.생각나는대로 쓴거라 너저분해서 내용은 가렸어요.정리해서 후기 쓸게요. 저렇게 있으니 헷갈리지 않고 정확히 비교할 수 있었어요.주문한 기저귀는 모두 팬티형으로페넬로페 씬씬씬 단계여아슈베스 슈퍼슬림 단계공용펨퍼스 드라이 단계공용킨도 프리미엄 단계공용베피스 엑스트라소프트 단계여아입니다. .키로는 주로 단계 쓰는데주문할 때부터 크기가 작다는 평이 있는펨퍼스는 단계로 페넬로페와 킨도는 단계를 써봐서 꿀벅지 아가를 위해 크기 비교를 위해 단계를베피스와 슈베스는 정사이즈를 주문했어요. 기저귀 모두 흡수력 좋고 발진 없고 새지 않았어요.그래서 착용감이나 느낌으로 비교할게요.단점만 먼저 비교하자면팸퍼스는 기저귀 안 알갱이가 만져지고 냄새가 나요. 슈베스는 엉덩이쪽 기저귀 폭이 좁아요.페넬로페는 뜯을 때 힘이 들어요. 뜯다가 빡칠뻔.킨도랑 베피스는 다른 애들에 비해 뻣뻣하고 두꺼운 느낌.그래서 저는 슈베스를 한사이즈 업해서 단계로 구입했어요.부드러움과 얇음도 만족하고페넬로페에 비해 조금 저렴하고 잘 뜯겨서요.밤기저귀로 따로 하지 않아도 새지 않고 잘 잡아주네요. 무엇보다 땡땡이가 귀여워요. 기저귀만 입고 쏘다녀도 귀욤터지네요.기저귀 고민 중이 분들은 써봄이라는 사이트에서테스트해보세요. 좀 더 일찍 알았더라면 아가 허벅지 상처도 덜 생겼을텐데 미안해지더라구요. 
 천연코튼쓰는데 가격이절계속배신하구있네요ㅠ후기보면베피스괜찮던데쓰시는분들 밤기저귀로어떻나요?
.쾌적흡수더마테스트 인증.베피스 젠틀온 기저귀 체험단 명 모집. . .● 이벤트 안내. 응모기간월 일 월 일. 당첨자 발표월 일. 당첨상품베피스 신제품 젠틀온 기저귀 . 당첨인원명. . 체험제품 자세히보기.. ..● 덧글 신청방법 안내.. 이벤트 게시글을 본인 블로그와 로 스크랩 한 .. 베피스 젠틀온 기저귀가 필요한 이유.. 아기 성별개월 수기저귀 사용 단계. 사이즈대형특대형점보..● 후기작성 미션 안내. 맘스홀릭베이비 카페건블로그건. 후기 작성기간 목 까지. 후기 작성 시
아래 공정위 지시 문구는꼭 눈에 잘보이게 강조해서 삽입해주세요.. 예시 업체명 로부터 제품을 무상으로 지원받아 작성된 후기입니다.. 쾌적흡수로 아기 피부가 보송보송한 기저귀 내용 필수. 독일 더마테스트 최고등급 인증 받은 부드러운 쾌적한 팬티기저귀라는 내용 필수. 기저귀를 입은 아이의 모습 필수. 필수 태그 .?베피스베피스.?젠틀온젠틀온.?베피스젠틀온베피스젠틀온.?쾌적흡수쾌적흡수.?기저귀추천기저귀추천.?팬티기저귀팬티기저귀 그 외
기저귀 관련 태그..● 우수후기 당첨 안내. 우수후기 당첨 상품오닉피노유기농 순면커버 생리대 종 명. 우수후기 당첨자 발표수.. .?베피스베피스. .?기저귀기저귀. .?베피스기저귀베피스기저귀. .?기저귀체험단기저귀체험단. .?신상기저귀신상기저귀. .?베피스신상기저귀베피스신상기저귀. .?베피스젠틀온베피스젠틀온. .?젠틀온젠틀온. .?젠틀온기저귀젠틀온기저귀. .?더마테스트더마테스트. .?쾌적흡수력쾌적흡수력. .?흡수력좋은기저귀흡수력좋은기저귀. .?흡수기저귀흡수기저귀. .?독일더마테스트독일더마테스트. .?최고등급최고등급. .?부러움부러움. .?기저귀추천기저귀추천. .?기저귀체험단기저귀체험단. .?맘스클럽맘스클럽. .?체험단체험단. .?이벤트이벤트 
.베피스 기저귀 팬티형
밴드형 리뷰.. 
 발진이 잘 나는 아기라서여러가지 바꿔 써봤는데이건 무난히 잘 사용중이다.라서 권장사이즈대로 을 입혀보니작아서 꽉 껴서.... 로 써야한다.소변흡수 잘되고
새는것도 없지만밴드형보다는 소변이 금방 차올라 뭉툭해지고 무거워져서낮에는 팬티형을 쓰고
밤에는 밴드형을 쓴다.개인적으로 페넬로 팬티형과 비슷한 퀄리티 같고가격대비 좋아서 베피스를 계속 사서 쓴다. 
 이것도 권장사이즈 보고 사니 좀 작다.막 움직이다가 붙여놓은 밴드가 떨어져버림딸이 덩치가 좀 있는데몸무게가찍은 후부터는 사이즈로 입혔다.돌무렵 부터인듯.소변을 흡수하는 양도 많고
새지도 않아서외출할때랑 밤기저귀로 유용하다.자주 안갈아줘도 발진이 안나서편하다ㅋㅋㅋ엉덩이부분을 타이트하게 붙이지 않으면엉덩이부위가 떠서 소변이 새버린다.이건 다른 밴드형기저귀도 마찬가지일듯... 
 소형기저귀 때부터 쭉 써온 기저귀다.처음에는 저렴해서 구매했었고이후에 다른 기저귀도 이것저것 써봤는데엉덩이 발진 문제로 베피스로 정착.가격
흡수력
밴드늘림등여러가지 부분도 만족이다.다만 권장사이즈보다는 더 큰 사이즈를 주문해야한다. 주의하기내돈주고 사서 써본 후기.?베피스기저귀베피스기저귀.?.?팬티형팬티형.?밴드형밴드형.?발진없는기저귀발진없는기저귀 
 베피스 맞나요?밴드가 마미포코가 맘에 들어서 첫째 둘째 팬티부터는 계속 쓰고 있는데
이번여름 새로나온 쿨웨이브주위에서 베피스?가 마미포코 밴드랑 비슷하고 괜츈하다하길래..혹시 써보신분 계시면 후기좀 부탁드려요그리구.. 소프트? 뭐 그런 라인별로 있는것 같던데..그것도 알려주심 더욱 감사용
베피스 모션 핏 팬티형 기저귀 남여공용 특대형 단계 총 
 개 상품평의 평균 별점★★★★☆ 
.▼ 후기 및 제품정보 열기 ▼ 
품명 및 모델명
일회용 기저귀
 인증 필 유무
유★★★★
흰색 외
안감부직포
흡수층분쇄펄프
고분자흡수체
방수층폴리에틸렌필름
테이프재접착테이프
사용연령 또는 체중범위
동일모델의 출시년월
년 월
제조자수입자
주서림
제조국
대한민국
취급방법 및 취급시 주의사항
안전표시
제품은 아기의 손이 닿지 않는곳에 보관해주세요. 벌레나 이물질 등이 들어가지 않도록 밀봉하여 보관하여 주세요. 직사광선을 피해 서늘한곳에 보관해주세요.
품질보증기준
공정거래위원회 고시소비자분쟁해결기준에 의거하여 보상해 드립니다.
 제조년월일 ▷ 제조국 ▷ 대한민국개당 수량 ▷ 매수량 ▷ 팩단계 ▷ 특대 
상품평
최고 ★★★★★★☆
좋음 ★★
보통 ☆
별로 ☆
나쁨 ☆
사이즈
예상보다 작아요 ★
정사이즈예요 ★★★★★★★★
예상보다 커요 ☆
두꺼워요 ☆
보통이에요 ★★★★★★★★
얇아요 ★
 단계모션 핏 베피스 팬티형 특대형 남여공용 기저귀 
 예쁜 공주님에서는 여러 물건들을 지속적으로 소개해드립니다
물건 구매하시기 전에 공식 사이트에서 한번 더 정보를 확인해주세요. 
쾌적흡수더마테스트 인증베피스 젠틀온 기저귀 체험단 명 모집● 이벤트 안내 응모기간월 일 월 일 당첨자 발표월 일 당첨상품베피스 신제품 젠틀온 기저귀당첨인원명체험제품 자세히보기.. ● 덧글 신청방법 안내. 이벤트 게시글을 본인 블로그와 로 스크랩 한 . 베피스 젠틀온 기저귀가 필요한 이유. 아기 성별개월 수기저귀 사용 단계 사이즈대형특대형점보● 후기작성 미션 안내 맘스홀릭베이비 카페 건 블로그 건 후기 작성기간 목 까지 후기 작성 시
아래 공정위 지시 문구는꼭 눈에 잘보이게 강조해서 삽입해주세요. 예시 업체명 로부터 제품을 무상으로 지원받아 작성된 후기입니다. 쾌적흡수로 아기 피부가 보송보송한 기저귀 내용 필수 독일 더마테스트 최고등급 인증 받은 부드러운 쾌적한 팬티기저귀라는 내용 필수 기저귀를 입은 아이의 모습 필수 필수 태그 .?베피스베피스.?젠틀온젠틀온.?베피스젠틀온베피스젠틀온.?쾌적흡수쾌적흡수.?기저귀추천기저귀추천.?팬티기저귀팬티기저귀 그 외
기저귀 관련 태그● 우수후기 당첨 안내 우수후기 당첨 상품오닉피노유기농 순면커버 생리대 종 명 우수후기 당첨자 발표수 
 택배가 올일이 없는데 택배가 왔다는 거예요알고보니 베피스 오리엔탈 허브종에 당첨써보고 후기를 쓸까합니다....... .......? 본문 이미지....... .......? 본문 이미지베피스 오리엔탈 허브 워시거품이 잘 나요.향도 물론 좋구요부드럽고 보습이 오래가서 좋았어요워시는 머리부터 발끝까지 샴푸로도 쓰셔도 되요♡....... .......? 본문 이미지....... .......? 본문 이미지베피스 오리엔탈 허브 마일드 샴푸이건 레몬향같은데 제 스타일손에 문질면 거품나기가 조금 힘든데머리결에하면 두번만 돌려도 거품이 짱짱짱....... .......? 본문 이미지....... .......? 본문 이미지베피스 오리엔탈 허브 로션이 아이도 부드러우면서 잘 스며들었어요가벼운느낌인줄 알았는데오랫동안 머물고있어서 좋더라구요 굿굿....... .......? 본문 이미지....... .......? 본문 이미지베피스 오리엔탈 허브 수딩미스트전 미스트를 사용안해요있다하여도 그냥 방치?ㅋㅋ기저귀 발진용으로 쓰는데 쏘쏘 솔직히 금방날라가는 미스트는 전 잘 모르겠어요쓰는방법을 잘 몰라서 그런거일수도 있겠죠?....... .......? 본문 이미지....... .......? 본문 이미지베피스 오리엔탈 허브마사지오일이거 물건건조한부분에 썻는데 바로 스며들더라구요제손에도 바로스며들고 촉촉이건 재구매 의사가 있는 아이였어요....... .......? 본문 이미지체험단을 하면서 이아이 저아이 써보니 재구매의사도 있고 좋은 경험이였습니다감사합니다 
긍정이의 쾌적함을 위해 기저귀체험단 응모기저귀유목민 생활을 끝낼것인가?쾌적흡수더마테스트 인증베피스 젠틀온 기저귀 체험단 명 모집● 이벤트 안내 응모기간월 일 월 일 당첨자 발표월 일 당첨상품베피스 신제품 젠틀온 기저귀당첨인원명체험제품 자세히보기.. ● 덧글 신청방법 안내. 이벤트 게시글을 본인 블로그와 로 스크랩 한 . 베피스 젠틀온 기저귀가 필요한 이유. 아기 성별개월 수기저귀 사용 단계 사이즈대형특대형점보● 후기작성 미션 안내 맘스홀릭베이비 카페 건 블로그 건 후기 작성기간 목 까지 후기 작성 시
아래 공정위 지시 문구는꼭 눈에 잘보이게 강조해서 삽입해주세요. 예시 업체명 로부터 제품을 무상으로 지원받아 작성된 후기입니다. 쾌적흡수로 아기 피부가 보송보송한 기저귀 내용 필수 독일 더마테스트 최고등급 인증 받은 부드러운 쾌적한 팬티기저귀라는 내용 필수 기저귀를 입은 아이의 모습 필수 필수 태그 .?베피스베피스.?젠틀온젠틀온.?베피스젠틀온베피스젠틀온.?쾌적흡수쾌적흡수.?기저귀추천기저귀추천.?팬티기저귀팬티기저귀 그 외
기저귀 관련 태그● 우수후기 당첨 안내 우수후기 당첨 상품오닉피노유기농 순면커버 생리대 종 명 우수후기 당첨자 발표수 
베피스 젠틀온 기저귀 체험단 명 모집쾌적흡수더마테스트 인증 기저귀 ...?...? 
 .쾌적흡수더마테스트 인증.베피스 젠틀온 기저귀 체험단 명 모집. . .● 이벤트 안내. 응모기간월 일 월 일. 당첨자 발표월 일. 당첨상품베피스 신제품 젠틀온 기저귀 . 당첨인원명. . 체험제품 자세히보기... ..● 덧글 신청방법 안내.. 이벤트 게시글을 본인 블로그와 로 스크랩 한 .. 베피스 젠틀온 기저귀가 필요한 이유.. 아기 성별개월 수기저귀 사용 단계. 사이즈대형특대형점보..● 후기작성 미션 안내. 맘스홀릭베이비 카페 건 블로그 건. 후기 작성기간 목 까지. 후기 작성 시
아래 공정위 지시 문구는꼭 눈에 잘보이게 강조해서 삽입해주세요.. 예시 업체명 로부터 제품을 무상으로 지원받아 작성된 후기입니다.. 쾌적흡수로 아기 피부가 보송보송한 기저귀 내용 필수. 독일 더마테스트 최고등급 인증 받은 부드러운 쾌적한 팬티기저귀라는 내용 필수. 기저귀를 입은 아이의 모습 필수. 필수 태그 .?베피스베피스.?젠틀온젠틀온.?베피스젠틀온베피스젠틀온.?쾌적흡수쾌적흡수.?기저귀추천기저귀추천.?팬티기저귀팬티기저귀 그 외
기저귀 관련 태그..● 우수후기 당첨 안내. 우수후기 당첨 상품오닉피노유기농 순면커버 생리대 종 명. 우수후기 당첨자 발표수. .
..쾌적흡수더마테스트 인증.베피스 젠틀온 기저귀 체험단 명 모집. . .● 이벤트 안내. 응모기간월 일 월 일. 당첨자 발표월 일. 당첨상품베피스 신제품 젠틀온 기저귀 . 당첨인원명. . 체험제품 자세히보기... ..● 덧글 신청방법 안내.. 이벤트 게시글을 본인 블로그와 로 스크랩 한 .. 베피스 젠틀온 기저귀가 필요한 이유.. 아기 성별개월 수기저귀 사용 단계. 사이즈대형특대형점보..● 후기작성 미션 안내. 맘스홀릭베이비 카페 건 블로그 건. 후기 작성기간 목 까지. 후기 작성 시
아래 공정위 지시 문구는꼭 눈에 잘보이게 강조해서 삽입해주세요.. 예시 업체명 로부터 제품을 무상으로 지원받아 작성된 후기입니다.. 쾌적흡수로 아기 피부가 보송보송한 기저귀 내용 필수. 독일 더마테스트 최고등급 인증 받은 부드러운 쾌적한 팬티기저귀라는 내용 필수. 기저귀를 입은 아이의 모습 필수. 필수 태그 .?베피스베피스.?젠틀온젠틀온.?베피스젠틀온베피스젠틀온.?쾌적흡수쾌적흡수.?기저귀추천기저귀추천.?팬티기저귀팬티기저귀 그 외
기저귀 관련 태그..● 우수후기 당첨 안내. 우수후기 당첨 상품오닉피노유기농 순면커버 생리대 종 명. 우수후기 당첨자 발표수. .
쾌적흡수더마테스트 인증베피스 젠틀온 기저귀 체험단 명 모집● 이벤트 안내 응모기간월 일 월 일 당첨자 발표월 일 당첨상품베피스 신제품 젠틀온 기저귀당첨인원명체험제품 자세히보기.. ● 덧글 신청방법 안내. 이벤트 게시글을 본인 블로그와 로 스크랩 한 . 베피스 젠틀온 기저귀가 필요한 이유. 아기 성별개월 수기저귀 사용 단계 사이즈대형특대형점보● 후기작성 미션 안내 맘스홀릭베이비 카페 건 블로그 건 후기 작성기간 목 까지 후기 작성 시
아래 공정위 지시 문구는꼭 눈에 잘보이게 강조해서 삽입해주세요. 예시 업체명 로부터 제품을 무상으로 지원받아 작성된 후기입니다. 쾌적흡수로 아기 피부가 보송보송한 기저귀 내용 필수 독일 더마테스트 최고등급 인증 받은 부드러운 쾌적한 팬티기저귀라는 내용 필수 기저귀를 입은 아이의 모습 필수 필수 태그 .?베피스베피스.?젠틀온젠틀온.?베피스젠틀온베피스젠틀온.?쾌적흡수쾌적흡수.?기저귀추천기저귀추천.?팬티기저귀팬티기저귀 그 외
기저귀 관련 태그● 우수후기 당첨 안내 우수후기 당첨 상품오닉피노유기농 순면커버 생리대 종 명 우수후기 당첨자 발표수 
세벨귀 오버액션토끼 기저귀 
 베피스기저귀 신제품 
 안녕하세요. 짱짱맘이예요가끔은 예쁜디자인의 기저귀를 입고싶을때 있잖아요.근데 디자인만 이쁜기저귀일지 몰라서 쓰던걸로 쓰게되던때가 종종있었는데요.또 여름이 돌아오니 예쁜 기저귀를 채우고 싶은 열망이 생기네요그치만 또 맘에 안드는 기저귀일까 쉽사리 기저귀를 바꾸지 못하고 있었는데 제가 애용하던 베피스에서 여름을 맞이해서?벌써여름인가??여름 신제품으로 제가 정말 좋아하는 오버액션토끼를 캐릭터로 기저귀를 출시했더라구요. 
 어쩜 너무 기여운 오버액션토끼가 떡하니 그려져있는것도 모자라서 엉덩이에는 세젤귀라고 적혀있는데 완전 심쿵했답니다. 
 일부로 바지도 안입혔어요.날도 덥기도 하고 엉덩이에 적힌 세젤귀라는 단어도 보고싶었구요.정말로 너무 이쁘다는 말만 생각했었는데 세젤귀라고 떡하니 적혀있으니까 마치 이름표를 달아준것같이 너무 잘어울렸답니다.볼때마다 궁둥이를 팡팡 해주고플 만큼 너무 기여운 디자인이예요. 
 귀엽기만 하면 베피스가 아니죠?디자인도 귀엽지만 정말 엄청난 흡수력을 자라아한답니다뛰어난 뽀송함으로소변을 빠르게 많은양을 흡수 해서 쾌적함을 유지해줘서 더운여름에 기저귀발진에 대비할수가 있어요. 
활동적인 우리 짱짱이에게 샘방지가 정말 중요한데 안심 이중 샘방지 시스템으로 많이 움직여도 큰동작에도 옆으로 샘없이 편안하답니다.소변알림마크는 적은양으로도 노란색에서 초록색으로 바뀌어서 제때 우리 짱짱이의 기저귀를 갈아줄수가 있어요.
 신축성이 뛰어난 입체핏으로 엄청나게 움직이고 뛰어다니고 다리찍기도 하는 우리 짱짱이의 움직임에 있어서 편안하고 자유롭게 해준답니다. 
 정말 세젤귀 뒷모습이예요 
 예쁜디자인에도 뛰어난 기능성까지 더해서 제가 원하던 기저귀예요자주 이용하던 베피스라서 더 안심하고 이용할수가 있답니다. 
 예쁘기만하면 베피스가 아니잖아요.오버액션 캐릭터가 기저귀에 그려져 있어서 입을때마 너무 귀염터지고 통기성 소재를 이용해서 공기가 잘 통하도록 만들었답니다.기저귀 안까지 언제나 쾌적하게 유지해준답니다.요즘처럼 덥고 습한날씨에는 정말 제격인것같아요.여름기저귀로 베피스 오버액션 기저귀로 여름나보려고해요.오버액션 쏙 패드로 밤에 양이 많은 아이들에게도 좋답니다. 
 친절한 오버액션토끼와 곰이 뜯는곳까지 알려주네요.뜯는곳 찾기 어려운 기저귀도 많은데이런 친절함에 세심한 감동도 느꼈답니다. 
 이미지와 맞게 뛰어난 깔끔함으로 기저귀봉투까지 포함되어있어요.요즘엔 날이 더워서 매직캔에 그냥 버려도 버릴때마다 고약한 냄새가 올라오곤하는데 버릴때 오버액션기저귀봉투를 사용하면 정말 좋을듯해요. 
 사이즈도 넉넉해서 기저귀가 두개나 들어간답니다.일반 위생봉투와는 다르게 얇고 부드러운 촉감에 잘 찢어지지 않는 제질이예요.덕분의 기저귀 냄새를 잘 잡아주더라구요. 
 집에서도 요렇게 쓰지만 외출해서는 더 요기나게 쓸수 있을듯해요.매번 사용후 그냥 버리기 일쑤였는데 오버액션 기저귀봉투를 사용하면 보다 외출해서도 보다 깔끔하게 뒤처리를 할수 있답니다. 
 요즘은 길게 외출하는일이 많치 않아서 쓰레기통옆에 배치해서 매번 기저귀버릴때마다 사용하고 있답니다.덕분에 쓰레기통을 열때도 다용도실 공기도 너무 깔끔하고 냄새도 사라졌어요이제 냄새끝 
 ▼▼▼베피스신제품 오버액션토끼 기저귀 보러가기▼▼▼ 
 본 포스팅은 제품만을 제공받아 이용후 솔직하게 작성된 후기입니다. 
베피스젠틀온 체험단모집 이벤트 
 👇베피스 젠틀온 체험단 모집 이벤트👇 .... 흡수력 좋은 기저귀를 찾고 계신 분 모두 손 향상된 쾌적흡수력으로 우리 아이의 피부를 보송보송하게⠀누구보다 빠르게 베피스의 신제품 기저귀 젠틀온’을체험해보고 싶다면
우리 아이에게 베피스 기저귀 젠틀온이필요한 이유를 적어 댓글로 남겨주세요.⠀추첨을 통해 분께 신제품 젠틀온을 체험할 수 있는 기회를 드립니다.⠀☑ 기간 화월☑ 당첨자 발표 화 개인 으로 발표☑ 당첨 지금 바로 베피스 인스타그램 팔로우하고 친구까지 소환하면 당첨확률 ☑ 제공 상품 유형대형 특대형점보 팬티기저귀☑ 체험단 선정 주의사항 체험단 선정 시
기저귀 신제품 베피스 젠틀온이 배송되며 이에 대한후기를 개인 에 꼭 올려주세요. 이에 대한 동의가 어려울 시
당첨은 취소됩니다. 
 사진 설명을 입력하세요.사진 설명을 입력하세요.사진 설명을 입력하세요. 
하...이건 너무 오래전에 받은 이벤트당첨선물무슨 이벵이었는지조차 기억이 나질 않는다ㅠㅠ뭐였더라 뭐했는데 이게 왔더라?에휴 이 망할 기억력 ㅋㅋㅋㅋㅋ베피스 기저귀팩베피스퓨어종을 받았어요.임신후부터 여기저기 다니며 받은 기저귀가 벌써 꽤 되는 것 같네요.기저귀는 많을수록 좋다는 선배맘들의 얘기를 귀담아 잘 쟁여두고 있는 중 ㅋㅋㅋㅋㅋ 
 베피스 기저귀남녀공용이구요 소형 장씩 들어있어요.한달 이후부터 까지 사용할 수 있다는 이야기겠죠?기저귀 잘 몰라요 
 뒷면에는 베피스 기저귀만의 특징이 상세히 적혀 있어요.엑스트라 소프트 패드 피부와 닿는 접촉면의 부드러운 감촉이 아기피부를 포근하게 감싸 줘요부드러운 접착 벨트 접착력이 좋아 착용감 우수하고 버릴때도 깔끔하게 정리가능해요안심 이중 샘방지 시스템 움직임이 많아도 샘 걱정없이 안심 사용가능해요배 길어진 허리밴드 신축성이 뛰어난 허리밴드가 허리를 감싸 더욱 편안해요엑스트라 드라이 시스템 많은 양의 소변을 빠르게 흡수해 아기엉덩이가 항상 보송보송우수한 통기성 통기성소재를 사용하여 기저귀 안까지 쾌적하게 해줘요편리한 소변알림마크 소변을 보면 소변 알림라인의 색이 노란색에서 초록색으로 바뀐대요. 
 기저귀 타입별로 사이즈 안내도 나와있어요.전 아직 뭐가뭔지 잘 감이 안오지만 출산하고 나면 그땐 이해가 확실히 쉬워질 듯 ㅎㅎ아기들은 폭풍성장하기 땜에 사이즈 사기에 살짝 애매할 때는 한사이즈 큰 걸 사서 채워줘도 좋대요. 
 요건 베피스 퓨어 베이비 모이스춰 로션과 헤어바디워시깜찍한 샘플이예용 샘플이라 어디 갈 때 유용하게 사용할 수 있을듯해요.내가 기저귀를 받게되다니....유서방도 신기한 듯 계속 이리보고 저리보고 ㅋㅋㅋㅋㅋ어떻게 생겼을지 뜯어보고싶은데 새거라 뜯지도 못하겠네요막달되면 그 때 기저귀함 하나사서 정리해야하니 그 때 오픈하는 걸로 ㅋㅋㅋㅋ베피스는 다양한 이벤트도 많고 아기들을 위한 용품도 많아서 참 좋아요.앞으로도 쭈욱 응원할게요.이벵당첨 기저귀 감사해요 잘 사용할게요 ♥ 
 군마미포코보솜이 써봤는데또 다른거 써보고싶어요 ㅋㅋㅋ리베로
 베피스
 수퍼대디
 데디베이비 기저귀 후기알려주세요
 베피스 기저귀가 저렴하길래 한번 써볼까하는데 사용해 보신 맘들 후기 좀 부탁 드려요. 흡수력은 괜찮은지. 새지는 안는지. 발진 등 아무거나 아시는데로 댓글 부탁 드려요
 국산 쌍용제지에서 만들었다는 기저귀인데요써보신분 계심 후기좀 알려주심 감사요가격이 엄청 저렴이라 네이처메이드사던 가격에 비함 거의 .배인데 왕창사놨다 안맞을까봐 걱정도되구별 쓸데없는 걱정부터 하고 있네요ㅎㅎ
 한번도 사용해본적없어서 사용해보신분들 혹시 후기좀 알려주심 안될까요?
 기저귀 사용후기 탄
기저귀 비교 및 장단점베피스
 나비잠
 ”네이쳐러브메레
 에코제네시스 
. 베피스 소프트핏 중형 
으로 사이즈를 제작하여 아기가 쯤 되었을 때
다른 기저귀 중형에 비해 허벅지 조임 없이 쓸 수 있는 기저귀. 다른 중형들 보다 조금 더 길고 직접 채웠을 때도 널널하다는 느낌이 들었다.형광물질이 들어가지 않은 기저귀라는 점이 제일 큰 장점이며 가격이 낮은편이라 가성비가 좋다. 앞
뒤 구분이 정확하여 할머니
할아버지들이 봐주실 때잠시 아기를 맡기는 경우ㅎㅎ 혼동 없이 유용할듯하다. 소변 흡수후 기저귀 안쪽 색이 노랗게 변하며 가끔 겉으로 보기에도 노랗게 변한게 희미하게 비침. 기저귀를 그냥 만졌을 때 알갱이 같은게 좀 만져지는편. 팩 매이며 팩에 원에 구입. 한 매당 원 정도.. 나비잠 매직 슬림 소프트 중형사이즈 
왼쪽부터 차례로 베피스
나비잠 매직 슬림 소프트
나비잠 프리미엄 울트라씬 
다른 기저귀들 보다 얇은편이며 겉과 안의 소재가 부드럽다. 나비잠 기저귀 자체의 특징이자 장점인듯 함. 흡수력도 괜찮은 편이며 소변 흡수 후 한쪽으로 쏠려 뭉침이 없다. 기저귀 발진이 적어 주변에서 많이들 사용하고 있었다. 매주 수요일 마미다닷컴나비잠 공식 홈페이지에서 시마다 댓글 이벤트를 실시한다. 명을 선정하여 무료 샘플 매를 랜덤으로 보내주니 직접 사용해보고 구입하는 것도 좋을 것 같다. 중형 팩에 매입이며
매당 약 원 정도에 구입 가능하다.마미다닷컴 홈페이지 정가. 나비잠 프리미엄 울트라씬 중형사이즈 
매우 매우 매우 얇은 초경량 기저귀. 위쪽의 매직 슬림도 얇은편인데 이것보다 더 얇다는게 만졌을 때도 느껴진다. 아마 얇아서 기저귀 발진이 없다는 말이 나오는 것 같다. 주변에서 인생기저귀
기저귀종착역이라고 칭찬이 자자하던데 그 이유가 얇지만 강한 흡수력이 아닐까 싶다. 약간의 단점이라면 패턴이 진한 기저귀라 소변선이 한눈에 확 들어오지 않았다는 점이며
재구매하여 사용하였다. 중형 팩에 매입이며
매당 약 원 정도이다.마미다닷컴 홈페이지 정가. 네이쳐러브메레 더 슬림 밴드 중형 
슬림형은 매우 슬림하다. 얇기는 나비잠 울트라슬림과 유사한? 혹은 더 얇은듯 싶을 정도로 매우 슬림한 기저귀. 흡수 좋고 소변 후 손으로 만져도 축축함이 없으며 역류가 없다. 촉감도 부드러워서 재구매 의사가 높았다. 여름 기저기로 완전 추천ㅎㅎㅎ 약간의 단점 아닌 단점이라고 한다면 양쪽이 붙어있어서 많이 울고 성격이 급한 아기가 사용하려면 미리 펼쳐놓을 필요는 있겠다. 사실... 단점이 별로 없어서 이거라도 적어보아요. 팩에 매입이며
매당 약 원 정도이다.티몬 꿀딜가. 에코 제네시스 인펀트 밴드형 사이즈 
영국제 친환경 기저귀로 옥수수 추출원료 인지오 원단으로 만들어져 개월 이내에지연분해 된다는 자연친화적 기저귀. 두께는 좀 있는편이며 흠수는 좋은편이나 기저귀에 무늬나 오줌선이 전혀 없다. 소변확인은 만져보아야 알 수 있어 불편함은 있었다. 바로바로 갈아주지 못한다는 단점. 곡물 추출 원단을 사용하여 기저귀 발진을 줄였다고 하지만 소변 후 만져보면 덜 흡수된 느낌이 있었다. 가격이 좀 사악하지만 좀 더 좋은걸 주고 싶은게 엄마 마음이니까. 그리고 환경을 생각한다면 더할나위 없다. 인펀트 팩에 매이며
장당 약 원 정도이다.홈페이지 정가 
 무료임신축하선물 베피스 기저귀 당첨 후기 
일등맘 카페 이벤트로 한달에명씩 
무료임신축하선물이 매달 랜덤추첨으로 베피스 기저귀팩을 무료로 보내주고 있습니다 .원래 경품운은 지지리도 없는 저이지만 
혹시나 해서 신청했더니 이렇게 당첨되었네요짝짝짝짝득템했다고 혼자 자축하고 있어요 . 경사났네아싸월에 당첨되서월월에 받았으니 배송도 당첨소식받고일주정도 걸린거 같아요 . 아직 첫아이 임신중이라 기저귀에 대해서 잘 몰라서 베피스 기저귀에 대해서 알아봤어요 .
아기에게 해로운 성분이 없고 
모든 제품에 전성분과 제조일자가 표기 . 피부자극 테스트 무자극 판정 . 인증 . 다이옥신 불검출. . 유해물질 테스트 검출 없음 . 위생적인 자동화 생산 시스템국내생산
베피스 소프트앤핏 만의 편안한 기저귀 . 소프트한 감촉 패드 . 소프트 시크릿 혹 . 와이드허리밴드 . 엣지 롱 벨트 . 안심이중 샘방지 시스템 . 편리한 소변 알림 마크 .입체 슬림핏 
우리아이 성장에 따라서 사이즈 맞게 선택해서 쓰면 될꺼 같아요 .제가 받은건 소프트앤핏 소형 으로 울 제제 태어나면 사용하게 될 첫 기저귀가 되겠네요 .
신생아때는 하루에개정도 기저귀를 갈아야 한다고 하던데 
일등맘 산모교실에서 무료임신축하선물로 받은 베피스 기저귀 너무너무 감사해요울 제제가 사용하게 될 날을 기다리며 ...신청은 일등맘 산모교실카페에서 가능하고 
예비맘분들 신청하셔서 이런 기회 놓치지 마시고 모두 당첨 되셔서 아이에게 좋은 선물이 될 수 있으면 좋겠네여 . 물론 랜덤 추첨이긴하지만 제가 당첨된거 보니깐 당첨 확률이 매우 높은거 같아요 . 
 팬티기저귀
하... 베피스 기저귀 대형 구매 후기 
하............ 
저는 지미니 기저귀를 에서 구매합니다.베피스 역시 에서 구매했구요.원 할인 쿠폰 뭐 이런거까지 해서 상당히 저렴하게 구매했는데...........싸긴 정말 싸요. 저렴해요. 
세일이고 겹쳐서 무려 박스나 구매했지뭡니까.팩박스 였던것 같아요.베피스 모션핏 타이틀이 좋아서 구매했는데....결론은 실패였어요. 
지미니 팬티기저귀는팸퍼스 팬티기저귀를 썼었어요.하지만 토마스 기저귀가 유해물질 발견이라는 보도가 뜬 뒤로마트에서 사라져버렸답니다.저 또한 그걸 더 이상 쓸 수 없었죠.그래서 팬티기저귀 정착을 위해 이것저것 써보는 중이에요.지미니에게 베피스는 실패에요.예전에 밴드기저귀로 쌍용 기저귀를 쓴 적이 있었는데 그 때 실패했었거든요.근데 거기랑 같은 쌍용이 만든 팬티기저귀랍니다. 
문제가 뭐냐면서있을 때는 팬티기저귀가 괜찮은데...눕거나앉거나주저 앉거나기대거나 하면 기저귀가 샙니다.우리지미니가 웬만한 팬티기저귀 흡수율을 못당해서팸퍼스 토마트 팬티기저귀만 쓴 것도 있는데..이건 너무 많이 새서ㅜㅜ 도저히 쓸 수가 없었어요.잠잘 때는 더더욱 안되구요.베피스 기저귀 너무 많이 새서 거의 매일 이불 빨래를 했었네요.이제 겨우 팬티기저귀 정착하려하는데최근에 정말 다양한 팬티기저귀를 사서 썼기 때문에 후기 공유 할게요
 ◆ 베피스기저귀 나눔이벤트기저귀 필요하세요? ◆ 
베피스기저귀 나눔이벤트 신제품 드라이핏 기저귀 나눔해요안녕하세요 이번 포스팅은 아기엄마
 아빠들이라면 좋아할 내용입니다 거두절미하고..
기저귀 나눔해요 
필요한 분들 무브무브 
제가 친구의 서포터즈 활동으로 알게되어베피스맘 기를 지원하고 당선되어활동을 하고 있어요.어느덧 해단식까지 마치고 아쉬운 마무리를 하게 되었답니다.지금까지 서포터즈를 여러개 해봤지만 정말 꿀서포라고 할만큼부담을 주지 않았던 이 곳.육아하느라 힘든데 굳이 컴이나 폰에 붙들려야 겠냐며정말 편안하게 해줬던 베피스맘.아기용품 뿐만 아니라 생활용품 이모저모를 체험하며제품에 대한 의견도 내고 제안을 하며함께 같이 즐거운 시간을 보냈던거 같네요.덕분에 여러 육아맘들과 여러 정보를 공유할 수 있게 되었고저에게는 참 의미있고 좋았던 개월이였습니다.보면 제품도 정말 좋았고 사용감도 좋은데홍보가 덜되서 잘 모른다는게 조금 아쉽더라고요..그래서 서포터즈를 떠나 엄마의 입장에서이 기저귀 진짜 괜찮았다 라고 입을 모아 칭찬했던기저귀
드라이핏을 나눔하려고 해요이번에 신제품으로 나온 아이기도 해요. 
움직임이 편한 기저귀로 
활동성을 고려한 아기들을 위한 드라이핏.편안한 
스포츠웨어 타입으로
좀 더 통기성이 좋고 편한 착용감이 특징인아기기저귀 입니다.저희 이번 기 오프모임을 통해서다양한 라인을 겸험해 봤는데이 제품에 대해서 평이 굉장히 좋았거든요 
제가 사용하고 강추하는 안심 무형광기저귀기도 합니다.사용 후기는 위에 참고해보아요 
베피스 드라이핏의 특징은 홈페이지로도잘 나와있는데요.아이에게 편안한 착용감을 주고게다가 성분도 안심할 수 있고
 흡수력이 좋기 때문에아마 이 기저귀를 사용해본다면만족도는 높을꺼라 예상합니다 
이 리뷰에 적힌 상황의 똥찬이는개월차
.킬로 약간 슬림한 타입이예요.
착용컷
이니 참고하시고요. 
나눔이벤트 공지. 
◆이벤트 기간 월 일 일수요일
첨자발표 월일 자정까지
◆나눔기저귀 드라이핏 팬티기저귀인당 팩 대형 특대형점보중 택
◆당첨인원 명 인스타도 올릴껀데 통합명참여방법
. 을 이웃추가.. 이런거 없어요. 전 소통을 여유있을때만 해서 굳이 안해도 상관없어요ㅋ저도 제대로 못하는걸 후기만 잘 써주세요뭐 제 블로그에 관심이 있다면야.....
.이벤트내용을 스크랩공유 해주세요.
.공유 과 베피스 기저귀를 사용하고 싶은 이유
댓글로 작성해주세요.
 비댓글로 싸이즈
받으실분 성함
연락처등
배송정
보를 알려주세요.
 주소취합기간이 딜레이되는걸 막기 위해
한번에 받으려 합니다. 이벤트 끝나면 정보삭제할께요
 나눔이벤트 당첨자 미션본인블로그베피스홈페이지 리뷰작성선정은 제가 임의로 할껀데성의 있는 써주실 분들을뽑으려 합니다. 
참고로 싸이즈 정보예요.저는 아들내미한테 넉넉하게 특대형으로 입힙니다.흘러내림없이 잘 맞아요. 
기저귀 필요한 분들 지원해주세요 
 페넬로페
하기스
토디앙핑크퐁
베피스
보솜이 여아 팬티기저귀 사용후기 
미니미는개월키로 넘는 몸무게로허벅지가 굵은 여아입니다 
한달전 찍은 사진으로 지금은 더 나 갈꺼예요 
우리 아이 다행히 기저기 발진 없어서엄마 취향대로 여러가지 종류 다 쓰는 중 
왼쪽 위에서 부터베피스 
보솜이 토디앙 핑크퐁 
페넬로페 
하기스
베피스 대형 보솜이 특대형 토디앙 핑크퐁 대형일어서거나 걸음마 걷는 아기페넬로페 대형 하기스 대형 걷기 시작하는 아기 
하기스와 네이처메이드 다들 많이 쓰시던데저는 흐느적 거린다는 느낌이라고 할까요?빳빳하지 않은 느낌이 싫더라구요개인적은 느낌이니 참고만 하세요올여름 페넬로페 많이 썻었어요페넬로페 밴드형 빳빳하니 괜찮았거든요그래서 여름에 쓰던거라 지금페넬로페 대형 는 우리 미니미에게 지금 작아요 
앞뒤 
밴드형이랑 팬티형 두 종류 번갈아 쓰고 있구요팬티형 밴드형 비율로활동이 많고 가만누워있지 않으므로 팬티형 기저귀를 많이 애용 하고 있어요 
소변줄 
안쪽면 
옆라인 
늘어남 
착용모습뒷처리 
페넬로페. 허리밴드잘늘어나고 부드러움. 소변줄선명하게 나타남. 흡수율밤새 기저기 갈아주지 않았는데 나름 흡수율도 좋음. 발진올여름 큰 발진 없이 잘 씀. 옆라인 샘방지이중 구조단점 기저기 뜯을때 너무 질겨서 뜯어내기 힘듦 
소변줄표시없음 
안감 
옆라인늘어남 
토디앙 핑크퐁. 허리밴드잘늘어남. 페넬로페에 비해 조금 거침뜯을때 쉽게 뜯어지는 편임. 소변줄표시가 없음 그래서 귀저기 갈아줄때 만져서 확인함. 흡수율귀저기 교체시기를 만져서 확인그만큼 흡수율은 조금 떨어짐. 발진큰 발진 없음. 옆라인 샘방지넓은 이중 구조라 착용후 재정리 안해서 편함단점 기저기 뜯을때 쉽게 뜯어지니 기저기 입힐때 뜯어지는 경우가 종종 있음 
소변줄 
안감 
옆라인 늘어남 
베피스. 허리밴드잘늘어나고 두번째로 부드러움. 소변줄선명하게 나타남. 흡수율보통. 발진없음. 옆라인 샘방지이중구조 
소변줄 
안감 
옆라인늘어남 
착용모습 
보솜이. 허리밴드허리밴드 뿐만이라 전체적인 촉감은 가장 부드러움. 소변줄선명하게 나타남. 흡수율좋음. 발진없음. 옆라인 샘방지이중 구조단점큰 단점은 그닥 못느낌
디자인 면에서 다른것과는 조금 흐리다고 해야할까? 
소변줄 
안감옆라인 
하기스. 허리밴드고무로만 되어있는 기저기와는 착용감은불편할수 있으나기저귀 교체시 뜯기엔 편함. 소변줄선명하게 나타남. 흡수율나쁘지 않음. 발진큰 발진 없음. 옆라인 샘방지이중 구조단점마지막 뒷처리시 붙이는 부분에서 약간 불안함 큰 단점은 아님 
베피스
페넬로페보솜이
토디앙 핑크퐁하기스 
피부 접촉 부위 촉감베피스보솜이하기스페넬로페토디앙 핑크퐁아주 지극히 개인적인 후기이므로 참고만 하세요협찬 없이 모두 사서 써본 후기입니다 
 무형광기저귀 베피스 새지않아서 좋다 
무형광기저귀 베피스 새지않아서 좋다 
 아이기저귀는 참 브랜드가 많은거같아요 체험단도 많이되서 사용도 해보곤 했지만 꿀벅지나 뱃살이 있는편인 아이들은 사실 하기스만한게 없더라구요 매직밴드가 배에 자국도 남지않고 기저귀 갈때도 편했거든요
밤기저귀는 하기스 오버나이트를 사용중이고 낮기저귀는 이 제품으로 정착한지 좀 됬어요 ㅎㅎ 
 일단 첫번째로 밤기저귀로 채워도 괜찮더라구요
새지않고 물론 물을 옴팡지게 많이 먹은날은 중간에 한번 갈아줘야하는데 이건 하기스 오버나이트도 마찬가지구요 ㅎㅎ 그리고 무엇보다 소프트밴드라서 정말 아이 배에 자국도 생기지 않고 부드러워요 이중 샘방지 때문인지 이 기저귀를 차고는 한번도 샌적이 없어요 ㅎㅎ 
 태오는 이제 막 갤 접어들었꼬 키가 에 몸무게는 키로 돌파해서 사이즈를 사용하고 있어요 ㅎㅎ 
 한달 전 제조된 제품이에요 그리고 무엇보다 오픈했을때 간혹 다른 기저귀들은 화학냄새가 나는 경우도 있는데 이제품은 화학냄새를 느껴본적이 한번도 없어요
그래도 전 늘 한팩씩 다 뜯어서 바구니에 보관하면서 사용중이랍니다. 
 맨첨에 이 기저귀 받고나서 뜯는곳을 한참 찾았더랬죠 ㅎㅎㅎ 보통 윗부분에 있는데 이건 밑에 절취선이 있더라구요 ㅎㅎ
 똑같은 사이즈인데 디자인은 가지에요 ㅎㅎ 근데 사실 디자인보다 기능에 더 충실한게 좋기때문에 디자인이 아무리 이뻐도 그냥 저냥이더라구요 ㅎㅎ 그리고 베피스의 좋은점은 기저귀를 돌돌 팔아서 고정하는 테잎 부분이 강한편이에요 ㅎㅎ 나비잠을 사용할때는 바지입힐때 뜯어지고 돌돌 말아서 고정하면 풀러지고 진짜...몇번 그러니까 승질나더라구요 ㅎㅎ 
 제가 말한 뒷면에 테잎 부분입니다. 정말 강한 편이에요 ㅎㅎ 옴팡지게 젖어서 묵직해서 빵빵해도 절대로 풀린적이 없어요 ㅎㅎ요즘 자기 기저귀는 자기가 버리고 있는데 가다가 떨궈도 안터지더라구요 ㅎㅎ 
 제가 낮기저귀도 하기스를 쓰다 갈아탄 이유는 바로 바로 너무 새서였어요 ㅠ ㅠ 이번에 리뉴얼된 제품 후기들도 보면 아시겠지만 개인적으로 사용한 후기들 보면 샌다는 의견들이 굉장히 많아요 ㅠ ㅠ 그 전 제품도 사실 자주 새는 편이어서 이불빨래를 거의 틀에 한번씩 했는데도 사용했떤 이유는 허리 매직밸트때문이었어여 ㅠㅠ 후기가 좋아서 저역시 베피스를 구매해서 사용해봤는데 정말 배부분이 쪼이지도 않고 새지도 않고 만졌을때 부들부들하고 발진도 없어요 ㅎ 그리고 무엇보다 무형광기저귀라는점그리고 가격도 아주 착해요 장당 원도 안되는 꼴이고 쿠팡에서 정기배송도 되서 더 할인 받으실 수 있답니다 ㅎㅎ 저도 이번에 박스를 주문햇네요새지않고 발진없고 허리나 허벅지 쪼이지않는 기저귀 찾으신다면 베피스 추천해드려요 
 베피스기저귀 바람아솔솔아 베피스 나눔이벤트 모집해요 
안녕하세요 진우맘이예요베피스기저귀 나눔이벤트 한다고 알려드렸는데 이제서야 포스팅 남기네요...ㅠㅠ아이들 없을 때 포스팅해야하니 작업할 시간이 충분치 않네요.....이제 날이 더워지니 슬림핏 기저귀 또는 여름기저귀 찾으시는 분들 많으실텐데 통기성 좋은 기저귀인 베피스기저귀 사용해볼 수 있는이벤트가 있어서 진행해보려해요관심있으신 분들은 참여방법 확인하시고 신청해주세요기한이 오늘까지라 최대한 빨리 해주시면 감사드려요.... 
체험해볼 수 있는 기저귀가 바로 베피스 바람아솔솔아 기저귀예요첫째둘째 사용중인데 얇고 흡수력도 괜찮아서 만족하는 기저귀랍니다통기성이 좋아서 땀이 좀 나도 엉덩이가 빨개지거나발진이 나지 않더라구요참고로 두 아들이 가만히도 안 있는 아가들이라 땀이 좀 많아요ㅎㅎㅎㅎ... 
베피스기저귀가 안심이 되는 건 바로
무형광기저귀 라는 것기저귀에 형광물질있다는 사실 아셨나요?? 전 베피스기저귀 접하면서처음 알았던 사실이였어요....ㅠㅠ그동안 타 브랜드 기저귀에서 발진이 있었던 이유가 다 있었더라구요....베피스는 안에는 물론이고 겉
테이프까지 다 형광증백제 불검출이라니믿고 사용할 만하죠 
베피스 나눔기저귀 이벤트 참여방법 
이벤트기간월 일 금요일당첨자발표월 일 토요일명참여방법진우맘 과이웃추가 해주세요 애정이웃 선호해요ㅎㅎ이벤트 페이지 스크랩공유해주세요공유한 과 베피스 기저귀 사용해보고 싶은 이유
사이즈 댓글로 남겨주세요 
당첨되신 분들은 본인 블로그 및 베피스 홈페이지에 후기 작성해주셔야해요기저귀만 받으시고 후기 안써주시면안되세요ㅠ.ㅠ월 일까지 베피스맘 베피스서포터즈 모집중에도 있으니참여하시고 베피스 제품들도 사용해보세요베피스맘 강추해드려요신청하실 때 진우건강이맘 추천 이라고 적어주시면 감사요♥♥♥ 
임신 축하박스
지금 신청하세요
앙쥬를 비롯해 각종 육아 관련 업체에서 임신부를 위한 임신출산 축하박스를 증정하는 이벤트가 진행되고 있다. 선물 구성도 실용적이고 정기적으로 진행되고 있어 당첨 확률도 높지만 몰라서 놓치는 경우도 많다. 임신을 축하하고 선물을 증정하는 곳을 소개한다. 
최고 경쟁률을 자랑하는 베스트 축하 박스 앙쥬
임신부 샘플팩 
’ ... 
...매거진 앙쥬에서는 매달 임신부를 위한 임신부 샘플팩’을 증정하고 있다. 기존의 임신·출산 관련 브랜드 에서 운하는 것과 달리 다양한 브랜드의 제품이 들어 있어 임신부들 사이에서 입소문이 나 있다. 매달 샘 플팩의 품목이 달라져 각 시즌에 맞는 제품과 새로 나온 제품을 사용해볼 수 있으며 샘플뿐 아니라 정품 도 다수 포함되어 있어 만족도가 높다. 선정 인원이 많은 데도 불구하고 경쟁률이 매우 높다. 치열한 경쟁에 서 당첨되려면 앙쥬 인스타그램과 네이버 포스트를 팔로잉하고 신청 기간이 시작되는 매월 일에 홈페이지 에 접속해 재빨리 신청해야한다. 신규 가입한 달에만 신청할 수 있지만
당첨되지 못한 임신부들을 위해 매 월 일부터 말일까지 명 선착순으로 임신육아생활용품팩’을 증정하는 이벤트도 진행한다. 임신육 아생활용품팩 신청 방법은 임신부 샘플팩 신청과 동일하다. 또한 샘플팩을 받은 사진과 함께 후기를 남기 면 홈페이지에서 사용할 수 있는 마일리지를 받을 수 있다. 신청 대상 앙쥬에 신규 가입한 임신부매달 명신청 기간 매월 일말일 신청 방법 앙쥬 홈페이지에 회원가입 후 이벤트앙쥬 샘플팩’ 메뉴에서 신청한다. 출산 예정일과 임신 증거 자 료를 등록한다. 선물 구성 임신육아 관련 용품 품목은 매달 조금씩 변경됩니다 . 
남양유업
해피마미박스 
임신출산 축하박스 
’ .. .. 기저귀와 앙쥬백과가 증정되는데
기저귀 단계는 등록된 자 녀 정보에 따라 자동 선택되어 발송되므로 사이즈가 맞지 않아 사용하지 못하는 건 아닐까 우려하지 않아도 된다. 신청 대상 임신부부터 출산 일에 해당하는 엄마 회원 중 남 양아이 마케팅 수신 동의 및 자녀 정보출산 정보를 등록한 회원 신청 기간 상시 신청 신청 방법 홈페이지 회원가입 후 해피마미박스’ 메뉴에서 신청 선물 구성 앙쥬백과 권
하기스 기저귀 소형 또는 중형 품목은 내부 사정에 따라 조정될 수 있습니다 . 
매일유업 마더박스’ .. .. 총 종으로 구성되어 있으며 신청 방법만 지킨다면 모두 받 을 수 있으므로 신청 기한을 꼭 지킨다. 신청 대상 임신부부터 출산한 지 일 이내에 해당하는 엄마 회원 신청 기간 회원 정보 등록일로부터 일 이내 신청 방법 홈페이지 회원가입 후 마더박스 신청하기’ 메뉴에 서 원하는 박스를 선택 선물 구성 ①임신 축하 박스임신임신 주 시기 추천하기스 네이처메이드 단계 기저귀 낱개 입
앱솔맘 식이섬유주스 오 렌지 입
매일두유 .식이섬유 각 입
소화가 잘되는 우유 입
난쟁이 똥자루 손싸개 키트
앱솔맘 입 ②출산 기쁨 박 스임신 주출산 일 시기 추천 ③육아 응원 박스출산일일 시기 추천품목은 내부 사정에 따라 조정될 수 있습니다. 
베베폼
임신 박스 
’ ... ... 구성이 알차고 가격대가 높아 경쟁률이 높은 편이다. 신청 대상 임신부매달 명 선정 신청 기간 월말익월 말매달 신청 방법 홈페이지의 임신 박스 신청하기’ 메뉴에서 신청한 뒤 신청 완료된 페이지를 본인의 블로그와 에 공유 선물 구성 칭찬 천연 베이비 미스트
베슈 이너프 물티슈
로고나 베이비아토 로션 샘플 매알로에 수분 젤 샘플 매
보코통 클 래식 수유패드 매
베베샤 바디슈트양말
헤르조그 종 칼세 트
자연들 혼합곡 세트
이유식 실리콘 턱받이
에코인콘 옥수 수 스푼포크 세트
하늘선물 아기 물티슈 매
마더케이 순명아기 건티슈
텐박스 초음파사진앨범
햇살좋은날 스튜디 오 만삭화보촬영권 품목은 매달 조금씩 변경됩니다 . 
베베쿡
베베쿡 박스 
’ .. .. 신청 기간 중 회에 한해 신청할 수 있고
선정되지 않을 경 우 다음 달에 재신청할 수 있다. 베베쿡 공식 인스타그램 계 정을 팔로잉하면 당첨 확률이 더 높아진다. 신청 대상 출산 전 개월출산 후 개월매달 명 선정 신청 기간 매월 일부터 말일까지 신청 신청 방법 홈페이지 회원가입 후 상단의 베베쿡 박스’ 배너로 들어 가 신청 선물 구성 베베쿡 프로바이오맘 일 키트디카페블랙 티백 개 초기 이유식 일 무료 체험권턱받이
마더케이 더블 아기 지 퍼백
베베숲 센시티브 엠보싱 매
군기저귀 신생아용 기저귀
사노산 트래블 세트 종
핀덴베베 체험팩
블룸마터니티 블룸 매 직 클립 개
솔트앤 아가쏠 개 품목은 내부 사정에 따라 조정될 수 있습니다 . 
베피스
기분좋은 기프트 박스 
’ ... ... 매달 진행되지만 당첨 인원이 많지 않아 경쟁률이 높은 편 이다. 임신부의 지인도 참여할 수 있는 이벤트로 주변에 임 신부가 있다면 선물로도 제격이다. 신청 대상 베피스 홈페이지 회원매달 명 신청 기간 월초월말까지매달 신청 방법 베피스 인스타그램을 팔로잉한다. 아기 초음파 사진 을 필수 해시태그와 함께 본인의 에 올리고 해당 포스팅 과 인스타그램 아이디를 베피스 홈페이지의 이벤트예비맘 모여라’ 메뉴 댓글란에 남긴다. 선물 구성 소프트핏 소형 팩
베피스 물티슈 팩 품목은 내부 사정에 따라 조정될 수 있습니다 . 
에리에르 인터내셔널 코리아
임산부는 모여라 
’... ... 대용량으로 구성되어 있어 아이에게 잘 맞는 제품인지 테스 트하기에 적합하다. 블로그 또는 에 군 기저귀와 해당 이벤트를 홍보하고 해당 을 이벤트 신청 시 남기면 당 첨 확률이 높아진다. 신청 대상 에리에르 인터내셔널 홈페이지 회원매달 명 신청 기간 월초부터 월말까지 매달 신청 신청 방법 홈페이지 회원가입 후 군 이벤트’ 메뉴에서 신청 선물 구성 신생아용 박스 또는사이즈 박스 중 랜덤으로 발송 되며 각 박스당 기저귀 매로 구성 ①신생아용 박스군 오리지 널 테이프형군 프리미엄 테이프형 ② 사이즈 박스군 오리지 널 테이프형 
유한킴벌리
허그박스 
’ ... ... 추첨을 통해 진행되지만 비교적 많은 인원에게 선물이 지급 되므로 당첨 확률이 높다. 후기를 작성하면 추첨을 통해 적 립금을 증정하는 이벤트도 진행 중이다. 신청 대상 맘큐 회원매달 
 명 신청 기간 매주 신청 신청 방법 홈페이지에 회원가입 후 이벤트허그박스 이벤트’ 메 뉴에서 신청 선물 구성 하기스 네이처메이드 단계
하기스 매직 단계
하기스 오버나이트 단계
더블 하트 수유패드
그린핑거 베이비세라마이드 
좋은느낌 입는 오버나이트 중형 본 이벤트 일정 및 구성품은 내부 사정에 따라 조정될 수 있 습니다 . 
일동후디스
출산 축하선물 
’ .. .. 일동후디스의 다양한 품목 중 자신이 원하는 제품을 선택해 샘플을 받아볼 수 있다. 출산 후 개월까지 신청할 수 있다 는 것이 장점이다. 신청 대상 출산 일출산 후 개월 신청 기간 상시 신청 신청 방법 홈페이지 회원가입 후 맘’ 서비스–선물샘플신청’ 메뉴에서 신청 선물 구성 트루맘 스틱
트루맘 액상조제식
이유식
유아 카테 고리로 나누어져 있으며 이 중 원하는 제품의 샘플을 선택할 수 있다. 품목은 아기 월령 및 기타 여건에 따라 구성이 달라질 수 있습니다 
파스퇴르
임신 축하 선물세트 
’ .. .. 신청 인원에 상관없이 모두 받아볼 수 있으며
한 가족당회만 신청할 수 있다. 신청 기간이 지난 임신부라면 출산 후 개월 이내에만 신청할 수 있는 출산 축하 선물세트’를 신 청할 수 있다. 중복 신청은 불가능하다. 신청 대상 임신 개월 신청 기간 상시 신청 신청 방법 홈페이지에서 자녀 정보출산 예정일 입력과 함께 정 회원으로 가입한 뒤 육아 회원선물’ 메뉴에서 신청 선물 구성 임신육아 도우미 책자
세움 탯줄 도장 할인 제작권
아이원맘 임신출산 사진 촬영권 품목은 내부 사정에 따라 조정될 수 있습니다 . 
 에디터송미령포토그래퍼이경환 
 베피스 젠틀온 팬티형 기저귀 여아용 대형 
베피스 젠틀온 팬티형 기저귀 여아용 대형
 원 
가격은 변동될 수 있으므로 아래 쿠팡 방문으로 확인바랍니다. 
 .가격 확인하기
 . 
 상품정보 더보기 ∇ 
◎ 솔직한후기 
 . 
 리뷰정보 더보기 ∇ 
 이 포스팅은 쿠팡 파트너스 활동의 일환으로
이에 따른 일정액의 수수료를 제공받고 있습니다. 
 ★나눔이벤트★베피스 오버액션토끼기저귀 같이 써요 
 기저귀 나눔이벤트 
 해요 
 최근에 출시된 세상 귀여운 기저귀
 오버액션토끼기저귀 출시 기념 나눔이벤트 
 입니다
 베피스오버액션토끼 캐릭터 콜라보레이션 제품 
 으로 
 베피스 무형광 기저귀에 
 깜찍한
 캐릭터가 더해진 기저귀예요♥ 
 불과 시간전에 남긴 오버액션토끼기저귀 리뷰 참고해주세요 .. .. 
 신제품 오버액션토끼 기저귀 
 사용해보고 싶으신 분들 신청 해주세요 
이벤트 안내
모집 기간
 월 일월 일일요일까지 
이벤트 제품 베피스 오버액션토끼기저귀 팩씩 
 소형밴드대형팬티특대형팬티 중 선택 가능 중형사이즈는 없어용 
당첨자발표 월 일화 
당첨인원 명 
참여 방법
이웃 추가 후 이벤트 내용을 스크랩공유 해주세요. 
공유 과 베피스 기저귀를 사용해보고 싶은 이유사이즈를 댓글로 작성해주세요. 
당첨자 필수사항
 당첨되신 분들은
 본인 블로그 및 베피스 홈페이지 
 에 후기 작성해 주셔야해요. 
 업체 지원 제품이니 기한내 리뷰 작성은 필수입니다. 리뷰 기한은 추후 안내 드릴게요 
 당첨자발표가 크리스마스 다음 날이기는 하지만 
 그래도 당첨자분들께 하루 늦은 크리스마스 선물이 되길 바라며.... 
 많은 신청 부탁드려요♥ 
 베피스기저귀 오버액션토끼 사용후기 
베피스기저귀 오버액션토끼 사용후기 
어느덧 지우가 태어난지 일이 되었습니다하...지우키우면서 지금까지 가장 많이 사용하는건 아무래도 기저귀가 아닌가 싶은데요
 다행히 지금까지는 제가 직접 돈주고 기저귀를 사지은 않았구요 여기저기에서 받은 기저귀를 사용하고 있답니다
그중에서 베피스 기저귀 한통 받은걸 사용하고 후기 남겨보아용
근데 우리지우 하도 응아도 많이 싸고 쉬도 많이싸서 한팩을 주말에 다썼네요 지우야 고마워 잘먹고 잘자고 잘싸줘서♥ 
베피스기저귀 오버액션토끼 앞부분과 뒷부분 입니다
앞부분에는 앞이라고 표시가 되어 있구요기저귀 갈아주는거 못하는 아빠들을 위한건가요???ㅎㅎㅎ그리구 뒷부분에는
잘때천사 고마워 이렇게 두가지 단어가 쓰여져 있답니다일단 그림이 넘나 귀여워서 굿ㅋㅋㅋ 
베피스 오버액션토끼 기저귀의 경우 허리 밴딩 부분이 늘어날 수 있게 되어 있었습니다.기저귀들마다 다 다르지만 어떤건 그렇지 않은 기저귀도 있었는데
 이렇게 밴딩 부분이 늘어나줘야 아가들 배가 심하게 쪼이지 않고 편할것 같았습니다 
위사진에 까맣게 되어있는 부분 보이시나요?그게 중앙임을 알려주는 표시구요
 앞으로 너무 많이 당겨진게 아닌가? 아니면 뒤로 너무간게 아닌가?이런 의문점이 생기시는 초보 엄마라면 중앙부분을 잘 보고 기저귀를 착용해주면 좋을것 같습니다 
베피스 오버액션토끼 기저귀의 옆쪽도 이렇게 밴딩처리가 되어 있어서옆으로 새는걸 방지하고 있답니다하지만 그렇다고 마구마구 움직였을땐
 ㅋㅋㅋ특히 응아를 엄청 많이싸면 
오버액션토끼 기저귀의 앞부분부터 노란줄 표시가 되어있는거 보이시죠?ㅎㅎㅎ
쉬를 싸면 색상이 노란색에서 초록을거쳐 파란색으로 변한답니다우리 지우 쉬를 많이 쌌네요.노란색 줄의베피스기저귀가 파란색줄로 변했어요
 후다닥 갈아줘야겠죠???ㅎㅎㅎ 
지우가 쉬아를 많이해서 베피스 오버액션토끼 기저귀를 갈아주었더니
시원한지
 저렇게 대자로 뻗어서 잠을자더라구요ㅋㅋㅋ넘나 귀엽죠???역시 잘땐천사 맞습니다엄마들 모두가 공감할듯 합니다ㅋㅋㅋ 
우리지우 쉬아 엄청 많이했구나기저귀 안쪽에 노란색 쉬아 한거 보이시나요???ㅋㅋㅋ베피스기저귀 흡수력 좋아요좀더 싸게 놔뒀어야하나?싶기는 하지만
 기저귀 아깝다고 빨리 안갈아주면
 여름이라 땀띠도 생기고 발진도생길까봐서
베피스 오버액션토끼 기저귀 한팩 사용해보았는데 생각보다 괜찮은것 같습니다우리 지우는 남자아이라 더 괜찮았나?ㅎㅎㅎ여자아가가 쓰면 어떤지는 잘 모르겠네요ㅠㅠ 
지금까지 베피스기저귀 오버액션토끼 사용후기였습니다 
 베피스 팬티형 기저귀 특대 사용후기 
베피스 팬티형 기저귀 특대 사용후기 
저희 아들이 사용했던 것입니다.뭐.. 신생아 때부터 사용한 건 아니고
 신생아 때는 가격이 조금 비싼 걸 사용했답니다.근데
가격이 비싸도아이에게 맞지 않고
발진이 일어난다던가..몸에 맞지 않으면 사용하지 못한다는 점...아이를 키우신 부모님들이라면경험해보셨을꺼라 생각 드는군요.저희 아들도 기저귀를신생아 때부터 번 정도 이것저것사용했던 것 같네요. 
일단 박스를 개봉해서세세하게 알아봅니다.앞부분에 특대형 남아용이라고 적혀있으며
 개에 아이가사용하도록 만들어졌답니다. 
베피스 팬티형 기저귀뒷부분에는 상세한 설명이 
옆면을 보시면
 대형
특대형 
 점보 에 아이가 사용할 수있다고 적혀있답니다. 
베피스 팬티형기저귀 특대형 꺼내서 앞부분을확인합니다.통기성 소재를 이용해서공기가 잘 통하도록 만들어졌다고 하며
 노란색으로 보이는 부분은
 아이가 소변을 봤을 때
 초록색으로 바뀌더군요.뭐
다른 것들도이렇게 표시되는 제품들이 많으니
 요즘은 이런 게 꼭 있어야 하겠죠. 
뒷면입니다.앞뒤를 구별할 수 있게
 구분이 되어있으며
뒷부분에는사용 후 뒤처리를 할 수 있게끔 스티커로되어있으니 앞뒤 헷갈릴 일은 없답니다. 
베피스 팬티형 기저귀 특대형옆면을 살펴봅니다.옆을 보면
 이중으로 샘방지가되어있으며 소변이 옆으로 새는 걸막아주는데
 솔직히 많은 양의 소변은 간혹가다어떤 걸 사용하더라도 새는 건 마찬가지인 듯.. 
베피스 팬티형 기저귀특대형 안쪽 면을 확인해봅니다.엑스트라 드라이 시스템으로빠르게 흡수해서 뽀송뽀송하게 해주며
 피부와 닿는 접촉면이 부드러운감촉을 통해 포근하게 감싸 준다고 하더군요.뭐
이런저런 거 다 필요 없고...기저귀는 그냥옆으로 잘 새지 않으며
 발진이 일어나지 않는 게 좋은 것 같습니다.저희 아들도 여기 거사용하니 발진이 일어나지 않아서년 정도 사용했던 것 같네요.앞으로 둘째가 태어날 날이머지않았는데.. 또 둘째는 어떤 제품이몸에 맞고
안 맞을지 몇 가지 더 사용해 볼 날들이찾아올 것 같네요.무조건 비싸다고다 맞는 건 아니더라고요. 
 일등맘 베피스기저귀 당첨 후기 
월 일등맘 산모교실에 갔다가 가입을 했다.까먹고 있었는데
아침에 기분 좋은 문자가 딱이런거 한번도 된적 없는 나였기에 기분이 좋았다. 
일부터 순차적으로 보내준다는 문자 확인후사정에 따라 지연될수도 있음일날 도착했어요사실 잊고 있을때쯤 온거라 더 반가웠다ㅋㅋ 
두둥 팩이나 들어있는 베피스 기저귀굿굿포장지도 귀여운 토끼 그림형광물질 없는 기저귀베피스 잘쓰겠습니다 
매달 새로운 이벤트를 하는거 같으니 예비맘들도 홈페이지 들어가서 좋은 정보 얻으시고 이벤트 도전해보세요... ... 
 차원이 다른 부드러움으로 편안함을 입다
베피스 엑스트라 소프트 팬티 기저귀 
 베피스 기저귀의 팬티 기저귀 라인의사이즈 표도 자세하게 나와 있어요
아기에게 해로운 성분은 넣지 않았으며모든 제품에 전성분과 제조일자가 표기가 되어 있으니안심하고 사용하세요 
......... ..?....... 본문 이미지기저귀를 꺼내 보았어요꺅 디자인이 너무나 예뻐 
 아기의 체형과 움직임을 고려하여 설계된총 
줄의 허리 밴드가 몸을 따라유연하게 움직여 더욱 편안한 착용감을 제공해요 
....... .......? 본문 이미지
제가 양손으로 기저귀를 당겨봤는데진짜 편안하게 쭉쭉 잘 늘어나더라구요 우리 아이 몸에 닿는다면조이지 않고 활동하기 편할거 같다는 생각이 기존 열처리 접착 방식이 아닌 비 가열식 최신 접착 기술을 적용하여밴드에서도 차별화된 부드러움이 느껴져요
....... .......? 본문 이미지
소변이 옆으로 새는 것을 막아 주어움직임이 많아도 샘 걱정 없이 안심하고 사용해요
....... .......? 본문 이미지
기저귀를 뒤집어 보았어요피부와 닿는 접촉면의 부드러운 감촉을 통해우리 아기 피부를 포근하게 감싸줄 수 있어요 
....... .......? 본문 이미지
두께는 아주 두껍지도 않고얇지도 않아요계절 사용해도 무방할거 같지만개인적으로는 여름보단 봄
 가을
 겨울에 사용하면 좋을거 같아요
 기저귀를 착용해 보았어요 
....... .......? 본문 이미지
...?... ......... ..?....... 본문 이미지 
....... .......? 본문 이미지
개당 기저귀 그램수는 
베피스 엑스트라 팬티 기저귀는낮
밤 할것없이 사용해 보았는데낮기저귀로도 밤기저귀로도 손색없이샘 없이 잘 사용하고 있어요 밤동안 한가득 소변을 본 기저귀예요 ...?... ......... ..?....... 본문 이미지 
....... .......? 본문 이미지....... .......? 본문 이미지....... .......? 본문 이미지....... .......? 본문 이미지
기저귀 처리 방법은 
기저귀 옆면을 손으로 뜯어 주세요.크게 힘들이지 않아도 잘 뜯기더라구요 
사용한 기저귀를 돌돌돌 말아기저귀 뒷부분에 있는 테이프를 쭉 댕겨서감싸듯이 붙여주면 끝
 우리 둘째가 태어나처음 입어보게된 팬티 기저귀 아무거나 입힐 수 있나요?고르고 골라 베피스 엑스트라 소프트 팬티로 결정했어요
 베피스 기저귀는 전제품 무형광 기저귀로안심하고 우리 아이들에게 입힐 수 있어요
앞으로도 쭉 입힐거랍니다 
해당업체에서 무상으로 제공받아 작성한 후기 입니다 
 일등맘 무료임신축하선물 베피스 기저귀 당첨 후기
전국적으로 다양한 지역에서 정말 많은 산모교실을 열고 있는 일등맘에서 무료임신축하선물로 베피스 기저귀를 매달 명을 추첨하여 나눠주고 있어요 뚱땅맘도 일등맘 산모교실 응모하면서 자동 응모가 되어서 베피스 기저귀 당첨 되었어요. 그리하여 받은 소형 팩 
매짜리 소형 한팩이에요 우리 둘찌를 위한 기저귀가 차곡차곡 쌓이고 있어요. ㅎㅎ일등맘 베피스 기저귀 응모는 아래와 같이 할 수 있어요. 현재 월 이벤트 진행 중이구요. 
일등맘 산모교실 신청하면서 신규 회원가입하시면서 베피스에도 신규 회원 가입 하시면 되요. 
그리고 베피스에서 진행되는 예비맘 이벤트에도 응모하시면.. 잘 하시면 기저귀 팩 받으실 수 있어요
베피스 예비맘 이벤트 당첨 후기 가기. . 
다들 일등맘이랑 베피스에서 기저귀 이벤트 응모해보세요 
 부드러운기저귀 베피스 소프트핏 중형 사용후기♩ 
찾았어요 찾았어요우리 아가에게 올 여름 편하게 입힐 부드러운기저귀허리밴드가 부드럽게 늘어나 조이지않고뭉침없어 밤기저귀로도 사용가능한베피스 소프트핏 
절취선이있어 수시로 쉽게 꺼낼수있어요. 
첫째때는 기저귀 한브랜드로만쭉 사용해서 뭐가 좋은지 몰랐는데늦게 낳은 둘째라 그런지좀 더 신중하게 기저귀를 선택하게되요.베피스 소프트핏 부드러운기저귀는여아 남아 기저귀로 나뉘어요.여아기저귀는 핑크핑크한게 역시 나은듯앞뒤 표시가 되어있고 소변알림줄이있어 편해요. 
여자아이라 피부가 매일 매일 닿는 부분이부드러운 착용감이었으면 좋겠다싶었는데엄마의 안목으로 고른 부드러운 기저귀 베피스 기저귀는부드러운 감촉과 흡수력이 좋은소프트 시크릿홀이있는게 특징이에요.무엇보다 손으로 스쳐봤을때 부드러운게 가장 좋더라구요.두께도 굉장히 얇아 더운 여름 힙히기 딱 좋아요. 
지금까지 써본 일부 기저귀는허리밴드가 늘어나지 않는경우도있는데그럴땐 아기가 앉아서 있을때 조이는거같아 별루였는데부드러운기저귀로 들인 베피스 소프트앤핏기저귀는늘었다 줄었다앞면엔숫자 표시가되어있어아기 허리둘레에 맞게 붙여주면되요. 
둘째맘인데도 소변알림줄이있는게 편한데팸스 킨 일부 기저귀는소변알림줄이없어육안으로 쉽게 확인이안되 불편했어요.날이 더워지니 활동량이 많은 낮엔 밤처럼 오래 입히면땀띠나 허벅지부분이 조이게되아기도 불편하게되는데자주 자주 갈아주기 좋더라구요. 
그동안 비도 안와 덥기만할때는덥다로만 생각했는데요즘같이 장마철엔 덥기도하지만끈적끈적 특히 아기와 함께 붙어있다보니아기도 엄마도 힘든데부드러운기저귀 베피스 입히고는울 아가야는 좀 더 편해해졌겠죠?얼마전 영유아 검진했는데몸무게 .로나왔어요. 착용가능한 중형으로 선택했는데넘나 잘 한듯얇은 바디슈트 하나만 입혀놓거나기저귀만 채우고 낮엔 두기도하는데기저귀가 편한지 방긋 방긋 웃어주는울 꼬맹이랍니다뒤집기한지 얼마안되 기지않고바로 앉은 울 아가앉아서 노는 시간이 많은데베피스 소프트앤핏 기저귀 차고 싱글벙글 
부드러운시트가있어 편하기도하지만흡수력 또한 무시못해요쉬아하고나서 기저귀에티슈로 꾹 눌러봤는데 묻어남이 적고역류가 없어 밤기저귀로도 딱일세비싸고 산 유명 기저귀들왜 좋다고하는지..역류로 넘 안좋고 뭉침이 심했는데부드러운기저귀로 들인 베피스 소프트앤핏은뭉침도없고 역류도 없었어요. 함 써보실래요? 
 베피스팬티기저귀 후기하기스팬티기저귀와 군팬티 등 간략비교 개월 딸 
 베피스 무형광기저귀 이것만 써야지 
 .?베피스베피스.?무형광기저귀무형광기저귀 
빠질수 없는 육아용품 기저귀매일 아기피부에 직접 닿는거라기저귀 고를땐정말 꼼꼼하게 살펴보실텐데요.그동안 아기발진은 생기지않는지흡수력 비교하고고르고 골라 사용했는데무형광 기저귀에 대해선 전혀 모르고 있었답니다 
형광물질이 좋지않다는건알고있었는데아기 기저귀에도 있을줄이야 ㅠ영상을 보시면베피스 기저귀에 형광물질이없다는걸 알수 있는데요 
베피스 기저귀는법적 안전기준인 안감뿐아니라겉면
 밴드까지기저귀 모든소재에 형광증백제가들어있지 않아 안심하고 사용할수 있어요 
이렇게 램프로 비춰봐도파란불빛이 보이지않아요 
미녀한의사로 방송에 나와서여러 건강정보를 알려주시던박미경원장님도 추천하는베피스 기저귀 
형광물질이 없는 베피스의무한도전 
현재 홈페이지에서베피스 무한도전 캠페인 이벤트 중이에요영상을 공유하거나에 사진을 업로드한후주소 남기면추첨해서 선물이저처럼 잘 몰랐던 분들이 영상보시고아기기저귀 더 잘 고를실수 있음 좋겠네요ㅎㅎ 
초코는 이번에 새로 출시된소프트앤 핏 제품을 사용해봤어요키로지만 키로 아장아장 걷는 아기특대형으로 초이스 했답니다. 
처음엔 약간 길게 느껴져서크면 어쩌나 했는데신축성좋은 허리밴드와레그라인으로딱 좋은 핏 
어쩜 이리 얇은지두께감에 놀람요얇지만소프트 시크릿 홀 패드로흡수력은 배더 빠르게 
이중안심라인으로마구 움직여도샐염려도 적고 
무엇보다 형광 증백제가 피부에 닿게되면 알레르기성 피부염
 아토피 피부염이 생길수도 있다고 하는데그럴 걱정은 없어서 안심이에요 
위 포스팅은 제품과 소정의원고료를 받고 솔직하게 작성한 후기입니다. 
 썸머 기저귀추천베피스 바람아솔솔아 사용후기
썸머 기저귀추천 베피스 바람아솔솔아 사용후기 
여름이 되다보니 자연스레 썸머 기저귀를 찾게 되요 제가 개인적으로 베피스 써보고 참 좋다 생각했었는데요이번에 여름 썸머 기저귀로 바람아솔솔아가 나왔더라고요 그래서 덥기도 하고.. 자꾸 빨갛게 달아오르는 아이 엉덩이를 보면서... 안되겠다 싶어서 주문했지요 ㅎ 
아장아장 걷는 아기는라 우리 아기를 위해 특대형을 주문했어요 사실 저는 팬티기저귀가 참 편해요 애가 목욕하고 나오면 정말 너무 울거든요.. 물속에서 더 놀고 싶다고... 그럴때 후다닥 입힐 수 있으니까요.
앞 뒤쪽 모양이예요 귀여운 느낌이고 테잎도 뒤에 있답니다.
중 샘방지를 통해 아이의 소변과 응가를 안전하게 지켜주지요 ㅎ가끔 난감할때가 생기지만 ㅋㅋㅋ 깔고 앉을때 ㅋㅋㅋㅋㅋㅋ 
넉넉한 사이즈라 그런지 아이한테 잘 맞아요 활동도 편해서 얼마나 돌아다니는 지..
기저귀 고를 때 어떤걸 중요하게 생각하시나요?? 
밴드랑 팬티 둘다 사용해 보니 뭐니해도 옆쪽에 옆밴드 통기성을 중요하게 생각하는데요 베피스 바람아솔솔아는 딱 봐도 시원해보여요
금방 자다 깬 아이라 비몽사몽 오랜만에 실컷 잠을 자고 일어나 기분이 좋으네요
귀여운 엉덩이 엄마 미소 짓게 하는 순간
실컷 돌아다니다 보니까.. 아이가 벌써 소변을 꽤 봤더라고요
그리고 조금 시간이 흘렀어요
이렇게 휴지를 이용해 혹시나 하고 꾹 눌러 보니..하나도 묻어나지 않네요 흡수가 잘 되었다는 뜻이겠죠?? 
보송한 엉덩이를 위해 더운 여름아이들이 매일 차야하는데 얼마나 더울까요??썸머 기저귀추천 베피스 바람아솔솔아 올 여름 시원하게 보내보자
 부드러운 기저귀 베피스 기저귀맘스다이어리 부제영역은 지식백과에서만 사용되지만 포스트 엔드에 마크업은 잔존하게 됩니다 기본적으로요소는 입니다 
부드럽고 안전한 기저귀베피스 기저귀 
 라꿍이의 기저귀에요 이제 백일이 넘은 라꿍이는정도가 되었답니다. 그래서 소형 기저귀에서 중형 기저귀로 넘어갔지요 ㅎㅎ 이번에 좋은 기회에 사용하게 된 기저귀에요 베피스기저귀랍니다. 
 베피스 중형 기저귀는 백일 무렵 의 아기가 사용한답니다.저희 라꿍이는 이지만 허벅지가 많이 두껍지 않아서 그런지 꽤 크다고 느껴지는 크기였답니다.
 베피스 기저귀는 정말 허리벨트가 길더라구요. 그 점이 정말 좋았어요.
 베피스 기저귀는 소형부터 중형
특대형에 점보 크기도 있어요
 베피스 기저귀 장점 . 소프트 시크릿 홀 덕분에 부드러워요. .입체 슬림핏으로 가볍고 편안하지요. . 소변 알림 마크로 기저귀를 제때에 갈아줄 수 있어요. . 안심 이중 샘 방지 시스템으로 세는 것을 막아주어요. . 와이드 허리밴드 덕분에 허리가 편안해요.
 베피스 기저귀는 얇고 가볍더라구요 
 넉넉한 크기라서 오래도록 쓸 것 같아요. 
 부드러운 감촉 
 구멍이 송송 있어서 엉덩이를 보송보송 
 요 찍찍이 모양도 저는 신경쓰는데요 이게 끝이 각져서 안 좋은 기저귀도 가끔 있거든요 근데 베피스 기저귀는 둥글둥글 좋답니다. 
 넉넉한 허리벨트
 베피스 기저귀를 해보았어요. 오동통한 허벅지 ㅋㅋ 
 다리를 뻥뻥 차도 편안하게 ㅎㅎ 샘 방지도 잘 되어 있지요 
 저는 이 허리밴드가 최고로 마음에 드네요 
 노란색의 소변 알림 마크도 눈에 잘 띄어요 
 이제 베피스기저귀하고 뒹굴뒹굴 놀 시간 
잠시 후 소변 알림 마크가 초록색이 되었지요. 소변을 누었어요
 최대한 지저분해 보이지 않게 사진을 찍었어요. 보송보송한 느낌 
 다 쓴 기저귀는 작게 잘 말리지요 버릴 때를 생각해서 작게 말리는 기저귀가 좋더라구요 ㅎㅎ 소셜을 찾아보니 가격도 저렴하더라구요 저는 한 기저귀만 고집하는 스타일이 아니어서 베피스 기저귀도 종종 구매할 것 같아요저희 라꿍이 베피스 기저귀와 함께 자라겠네요... ... 
이 포스팅은 맘스다이어리에서 별별체험단에 당첨되어 베피스 기저귀를 무료로 받아 작성한 후기입니다. 
 베피스기저귀 예비맘이벤트 당첨선물 받았어요 
 부드러운기저귀 베피스 소프트핏 특대형 
어린이집에선 늘 밴드기저귀를 보내달라셔서팬티기저귀 말고도 어느정도 준비를 해두는 편이에요이번 달엔 다 떨어진 줄 모르고 급히쿠 에서 로켓배송되는 제품으로 알아보다 부드러운기저귀 베피스 밴드형 특대사이즈 써보게 되었어요 
베피스기저귀는 후기가 많이 없는 것 같은데실제로 써보니 가격대비 진짜 괜찮은 것 같아요 한 팩에 개씩 들어있고 남아용여아용 구분되어 나오더라고요 
가격은 쿠 할인 받으니 팩에 만원대 초반 정도였어요가성비 괜찮은 편이죠?실제로 흡수력도 좋고 발진도 없으면 좋을텐데 하고일주일 정도 써보고 원에도 보내게 되었어요 
도착하자마자 또 이리저리 나르고 있어요 ㅎㅎㅎ이번엔 강아지랑 친구가 있는 그림이네? 하면서자기가 쓸 기저귀를 정리? 하는 중입니다 
밴드 부분 궁금해 하실까봐 ㅎㅎ이런 식으로 생겼고요배통통 아이도 잘 맞네요
또한 두께도 굉장히 얇게 잘 나와서여름기저귀로도 활용하기 딱 좋아요
앞 부분은 셔링이 잡혀있지 않은데허리 뒷 부분은 밴드 셔링이 제대로 잡혀 있어서쭉쭉 늘어나서 활동하기에 편하겠더라고요물론 제가 밴드를 채울 때도 쉽고요 
옆 라인은 요로케 ㅎㅎㅎㅎ진짜 부들부들 만져보면 왜 부드러운기저귀라 불리는지 아실거예요절개선도 너무 딱 떨어지게 재단한게 아니라엉덩이
허벅지에 자국이 남지 않도록 해두었더라고요 
또 하나의 쇼킹? 했던 점은앞
뒤가 한글로 쓰여있어서 ㅋㅋㅋㅋㅋㅋㅋㅋㅋㅋ은근 좋았습니다 ㅋㅋㅋㅋㅋㅋㅋㅋㅋㅋㅋㅋㅋㅋ뭔가 더 눈에 잘 띈다고 해야 할까요 ㅋㅋㅋㅋ 
어때요
앞뒤 구분이 명확하죠?ㅎㅎㅎ사실 그동안 수십장의 기저귀를 써봤지만한글로 앞
뒤 적인 건 처음 봤어요 ㅎㅎㅎㅎㅎㅎㅎㅎㅎ대부분의제품은 이라고 써져 있었는데왜 때문인지 갑자기 의구심을 갖게 한 부분이 아닐 수 없습니다 ㅋ 
흡수력은 물론
소변줄 표시로 교체시기도 알기 쉽고무엇보다도 일주일 써본 결과 발.진.이.없.었.어.요여름기저귀는 사실 좀 예민한 부분이라발진나면 바로 못쓰겠다 싶었는데역시 가성비 괜찮은 밴드기저귀 답습니다
밴드기저귀 한 동안 쓰기 너무 힘들어서 잘 못 썼는데요새는 배변 훈련한다고 거의 벗겨 놓거나 바지만 입혀둘 때가 많은데밤잠 들고 나면 누워 있는 상태에서 제가 이렇게 채우기에팬티기저귀 보다 훨씬 편하더라고요 
옆라인 짱짱하게 샘 방지 기능도 되어있고여러모로 구입해보니 마음에 드는 기저귀였답니다
 베피스 소프트드라이 기저귀 중형 비교 및 사용후기 
 아들이 기저귀 발진이 생겨서 이것저것 찾아보다가 베피스도 좋다길래 구입해봤어요. 소프트 타입과 트라이 타입 두 가지가 였는데 어떤게 좋을지 몰라 두개 다 구입해서 사용해봤어요. 구입해서 사용한지는 몇 달됐는데 이제서야 후기 올려봅니다.
 기저귀 발진나면 기저귀도 중요하지만 자구 갈아주는게 좋다길래 넉넉하게 주문기저귀값이 장난이 아니네요ㅜ 
 둘 다 중형으로 주문했는데 
드라이는 개
소프트는 개 들어있네요. 두가지의 큰 차이점이라면 
드라이는 좀 더 흡수가 빠르게 소프트는 좀 더 부드럽고 통기성이 좋게 나왔다는 거에요. 기저귀 발진에선 흡수가 빠른것도 중요하고 통기성도 중요해서 어떤 걸 선택해야될지 모르겠더라구요. 그래서 둘다 구입하게 됐네요.ㅎㅎ 
 베피스의 몸무게별 사이즈표에요. 
 사용해보니 드라이와 소프트 둘다 흡수되는 속도가큰차이는 없어보이는 것 같았어요. 그래서 소프트가 두개 덜 들어있나봐요. 기능이 더 많아서..
 뜯는 선은 손잡이쪽에.. 쉽게 잘 뜯어지더라구요.
 왼쪽이 드라이
오른쪽이 소프트에요.요즘은 냄새로도 어느정도 구분되지만 소변줄 알림마크는 없어서는 안될 기능 중 하나인듯해요.ㅋㅋㅋ
 안쪽 패드는 겉보기엔 큰차이가 없어보여요.만져보면 차이가 나는데
드라이가 좀더 빠빳하고 소프트가 부드러워요. 근데 기본적으로타사의 기저귀에 비해 빠빳한편인 것 같아요. 
 일 때 착용 모습 이에요 .기저귀 발진생기고 부터는 일부러 통기성 좋게 하려고 꽉 조여매지 않기도 하지만
뒤에 허리밴드가 엄청 쫀쫀 하더라구요.그래서 왠지 당겨 붙이면 답답할 것같아서 끝에 붙였더니 요 상태. 이렇게 끝에 겨우 붙여놔도 뒤로 옆으로
오줌이 센적은 한번도 없었어요. 
 조금 더러워 보일수 도 있지만 오줌 싸고나서의 모습이에요.ㅋㅋㅋ 만져보니 뽀송뽀송했어요.
 오줌누면 노란색이 초록색으로
 돌돌돌 마르면 요정도 되구요.사용해보니 기저귀 발진은 확실히 없어졌어요. 이 당시엔 자주 갈아줘서 없어진 것도 있지 않을까 했는데 다른 브랜드꺼 써보니 자주 간다고 기저귀 발진이 없어지는 건 아닌것 같더라구요.오줌이 세는 것도 없고 좋긴 했는데 빳빳한감과 쫀쫀한 밴드가 제 취향은 아니어서 지금은 다른걸 쓰고 있어요.이상입니다. 읽어주셔서 감사합니다.
 베피스 바람아 솔솔아 여름기저귀로 딱이에요 
애정이웃인 술리야가 기저귀 나눔이벤트를 한다기에 신청했었죠그리곤 그 명안에 들어서 당첨아..이런거 처음이라 조곰 ㅋㅋㅋㅋ어색하지만 열심히 써봅니다 히히당첨 후 몇일 뒤 도착한 기저귀 한팩
여름기저귀라 그런걸까요?배경까지 쉬원한 느낌이에요 반갑다 베피스 바람아 솔솔아 팬티기저귀야우리 민재 엉덩이를 부탁해
손잡이도 깔끔하게 잘 되어있어요 
바람아 솔솔아 팬티기저귀는 대형
특대형 두가지구요대형은특대형은 남녀공용입니다민재는 . 남자아이에요그래서 대형사이즈 선택 대형은 한팩에 개 
옆면에 기저귀 뜯는 점선이 앞 뒤로 있어요점선을 좌라락 뜯어주면기저귀가 까꿍잘 안보이니 자세히 보시면 점선이 있어요 
베피스 기저귀의 특징 
 마이크로 
 숨쉬는 허리밴드 
 편리한 소변 알림마크 
 바람이 솔솔시트 
 안심 이중 샘방지 시스템흡수력과 통기성이 우수하다니 여름기저귀로는 딱인거 같지요 ? 
기저귀를 꺼내는 순간 너무 부들부들해서 놀랬어요색깔은 두가지로 옅은 민트색과 옅은 보라색 그려져있는 그림들도 너무 귀여워요전 주로 하의실종 패션이라 기저귀가 이쁜것도 좋더라구요이건 입혀놓아도 은은한 색상 덕분에 이쁠꺼 같아요 
편리한 소변알림마크가 노란색으로 세줄이였다가쉬아를 하게 되면 초록색으로 변해요
뒤처리를 깔끔하게 해주는 테이프가 있어요기저귀를 돌돌 말아 테이프를 쫘악 붙여주면뒤처리 끝 
 마이크로 
 층 구조로 설계된 얇은 패드가 아이의 소변을 빠르게 흡수하고 
 세지않아 아기 엉덩이를 언제나 보송보송 
 한번 테스트 해보겠습니다 
 저는 더치커피 연하게 탄걸로 해보았어요 
커피를 기저귀에 부었습니다붓는순간부터 흡수를 하더니 종이컵 반컵 이상의 더치커피를 빠르게 흡수하더라구요 
더치커피 반컵을 머금은 기저귀에티슈 한장을 가져다 꾹 눌러봤는데하나도 묻어나지 않았어요 
 정말
 흡수력 
 이 끝내줬어요 
 흡수한 기저귀 단면을 살펴보니 
 흡수체가 더치커피를 가득 머금고 있는게 보이죠? 
 이렇게 빨리 흡수하니 
 우리 아이 엉덩이가 보송보송 하겠죠 
 우리 아이는 늘 배가 남산만하게 나와있기에 
 배가 쫌 찡길 줄 알았는데 
 왠걸요
 허리밴드가 너무 부드럽게 늘어나서 
 딱맞게 입혀져서 놀랬어요 
기저귀를 입히고 허리밴드를 잡아 당겨보았는데스윽 잡아당겨지는 것이너무 편해보이더라구요몸에 딱 맞게 입혀지지만 부드럽게 감싸주니 허리에 땀찰 일도 없겠어요 
이중 샘방지로 쉬아를 해도 옆으로 새지 않게 되어있어요저녁에 잘때 입혀도 아침에 보송보송하게새지도 않아서 수면용으로도 딱 이였어요 
 한창 움직임이 많은 개월 우리아이가
 입고 뒤척여도 부드럽게 늘어나서
 편하게 잘 입고 있어요 
 쉬아를 많이 하고 기저귀를 갈아도
 엉덩이가 보송보송하니까 자꾸 손으로 만지게 되더라구요 
 통기성이 뛰어나서 그런거 같애요 
 땀 많이 흘리는 여름엔 딱인 기저귀에요 
 베피스 바람아솔솔아 기저귀와 함께 쓰면 좋은 
 베피스 물티슈
물티슈의 초록색깔이 마음까지 푸근해지는거 같애요 베피스 오리지날 물티슈 
우리 아기를 위한 단계 안심 프로젝트단계 정수과정으로안심걱정되는 성분안심피부자극안심옆면에 제조날짜와 사용할수 있는 기간까지표시되어 있어서 안심하고 쓸 수 있어요 
캡 안쪽에는 스티커로 봉해있구요스티커를 떼고 물티슈를 사용할 수 있어요 
물티슈는 한장씩 잘 뽑혀서 급하게 쓸 때 유용해요너무 얇지도 않고 부들부들 촉촉해서 우리 아기에게 사용해도 문제 없더라구요 
 여름기저귀 찾고 계신다면
 베피스 바람아 솔솔아 기저귀 어떠세요 
 ? 
 본 포스팅은 해당업체로부터 제품만을 제공받아 작성한 객관적인 후기입니다 
 베피스 베피스 기저귀모션 핏 팬티 기저귀 
안녕하세요. 베피스 서포터즈 베피스맘기 신토리입니다.오늘은 현재 쓰고 있는 베피스 기저귀에 대한 내용을 쓰려고 해요.저희 아가는 신생아 시절인 드라마 산부인과와 산후조리원에서 하기스 네이처메이드 기저귀를 썼었구요.저 또한 당연히 기저귀라면 하기스라고 생각했었어요.임신 중에 산모교실을 다녀봐도 하기스 기저귀 홍보를 엄청 하고 무료로 체험팩을 많이 줬던 기억도 새록새록 그래서 산후조리원에 있는 동안 산모교실 다니며 받았던 할인쿠폰 적용해가며 하기스 네이처메이드 기저귀를 몇 팩이나 사들였는지 몰라요.그 다음 썼던 것이 생건 자운보 지금은 쌍용베피스 기저귀로 갈아탔답니다.하기스가 시장점유율 위라는데..마케팅 효과가 꽤 큰 것 같아요. 산모교실에서도 기저귀 브랜드로는 단연 하기스가 눈에 많이 들어왔었고업체는 하기스만 왔던 것 같은 느낌적인 느낌
산후조리원에서도 주로 하기스에서 지원을 많이 해주는 것 같더라구요. 암튼 저희 아가와는 조금 안 맞아서 계속 다른 기저귀 브랜드를 찾고 있었어요.그렇게 하다 알게 된 베피스 모션 핏 팬티 기저귀모션 핏 팬티 기저귀 팩 겉면이에요. 
베피스 기저귀 모든 제품에는 
제조일자가 표기되어 있어서 한 번에 확인이 가능해요. 요건 ..에 제조되었네요. 
베피스 모션 핏 팬티 기저귀 디자인은 총 가지에요.
코듀로이와 
데님 스타일베피스 모션 핏 팬티기저귀만 입혀도 마치 바지를 입은 듯이 보기 이쁘게 디자인해놨더라구요. 요새 거의 대부분의 기저귀들이 디자인까지 신경써서 만들고 있는 것 같아요. 하지만 저는 모션 핏 팬티 기저귀 디자인보다는 베피스 엑스트라 소프트 팬티 기저귀 라인의 디자인을 더 좋아해...요 ...☞☜개취..ㅎㅎㅎ 
그리고 베피스 기저귀하면 빼놓을 수 없는 부분인 
허리밴드와 허벅지 밴드 부분베피스 기저귀를 만져보시면 아시겠지만 
굉장히 부드러워요이 부드러움이 아가야 배와 허리
허벅지까지 편하게 해줄 것 같았어요.확실히 써보니 배부위나 허벅지 부위 자국이 거의 없었어요.처음에 너무 부드럽고 쫀쫀한?그런 느낌이 없어서 혹여나 새지는 않을까 걱정도 됐는데요
다행히 저희 아가는 베피스 기저귀를 사용하면서 새본 적은 단 한번도 없었어요. 이것도 아가마다 다른 것 같아서참고만 하세요 
베피스 기저귀 또한 
이중 샘 방지 시스템으로 소변이 옆으로 새는 것을 막아주는 역할을 톡톡히 하는 것 같아요.안쪽 샘방지 부분이 비교했던 기저귀 샘방지 촉감보다 더 부드러웠던 점도 맘에 들었어요. 길이도 좀 더 긴 편이였구요 
또 하나
 베피스 기저귀만의 독특한 내부 패드 표면 
다이아 형태의 패드로 되어 있는데
이 부분도 소변 또는 대변을 흡수시킨 패드와 아가야 피부와 덜 접촉하게끔 하기 위하여? 이렇게 만들어진거라고 해요. 그러고보니..다른 기저귀들과는 패드가 다르네요 
그래서 한 번 궁금해서 팸퍼스 베이비드라이 제품과 비교해봤습니다.두 개의 제품 모두 키로대 아가야가 쓸 수 있는 단계였다는 점과 단순히 그냥 제가 테스트 해봤을..뿐.....☞☜이랍니다.베피스 기저귀와 팸퍼스 기저귀의 앞쪽과 뒤쪽 
저는 두유로 테스트를 해봤어요.패드의 길이도 제가 시작점부터 끝나는 부분까지형광펜으로 표시해뒀는데
확실히 베피스 모션 핏 팬티 기저귀의 패드 길이가 좀 더 기네요 
똑같이 부었고
똑같이 앞쪽 패드 부위에 중점적으로 부었습니다. 
아래 사진은 두유를 부은 후 바로 찍은 사진인데요
두유를 부은 후에 흡수력 보이시나요?저는 사실 베피스 모션 핏 팬티 기저귀 사용하면서 제일 처음으로 놀랐던 부분이 흡수력이였거든요 첫 날 사용하고 그걸 느꼈던 이유 중 하나가...아가야가 응아를 했는데 그 부분까지 거의 흡수 시키고 잔여물과 색만 남아있었다는....그런 좀 디러운 얘기를...정말 많이 놀라워서 흡수력 짱짱이라고 남편한테 호들갑까지 떨었네요 
좀 더 밀착시켜 찍어보았어요. 보이시나요?좌팸퍼스 베이비드라이우베피스 모션 핏 팬티 기저귀 
그리고 얼마나 되묻어 나오는지 테스트 해보기 위해 티슈로 한 번 확인해봤어요.똑같이 아무것도 안 묻어 있는 티슈를 반으로 접고 또 반으로 접어서 준비
일단은 그냥 올려놓아보기도 했고
 손으로 꾸욱 눌러보기도 했는데요
베피스가 덜 묻어나오길래...제가 오히려 오른손을 좀 더 힘 주기도 했고..앞 쪽 부위보다 뒤쪽 부위가 더 많이 되묻어 나오려나?하면서 뒤쪽 소변패드까지 티슈로 눌러봤는데
확실히 베피스 모션 핏 팬티 기저귀가 되묻어나오는 양이 적더라구요.이런 걸...하고 있는 나도 신기함 ㅎㅎㅎ
그리고 제가 볼 수 있는 기저귀 표면도 베피스 데님은 색상 때문인지 두유 색이 거의 안 보이는 것도 확인이 가능해요.뭉침은 비슷비슷했어요. 딱히 어떤게 더 뭉침이 적다..이런 건 손으로 만져봤을 때 잘 모르겠었어요. 
두유를 머금은 기저귀들의 무게는 어떻게 될 것인가?ㅎㅎ차이가 많을까 싶어 재봤는데
그람정도? 차이가 나긴 나더라구요. 딱 손으로 들어봤을 때는 몰랐는데...꽤 나네요 ㅎㅎ 
이렇게 간단하게 그냥 한 번? 베피스 기저귀가 어떤가싶어 비교해봤습니다
마지막으로 아가야 코듀로이 베피스 모션 핏 팬티 기저귀 착용한 뒤태입니다 
예전에 찍어두었던 활동적으로 움직이는 아가야 뒤태...입니다. ㅎㅎ 
저희 아가의 경우는 한 달에 팩을 구입해놓고 사용해왔었는데요
 베피스 모션핏 기저귀도 한 달에 팩 구매할 경우 
기저귀 매당 원 정도 했어요. 이 정도 가격에 이 정도 퀄리티면 넘넘 만족스럽다는
베피스 기저귀의 전 제품 라인 업오늘 제가 소개해드렸던 제품은 베피스 팬티형 기저귀 중 
모션 핏 남녀공용 대형 사이즈였습니다. 
 본 포스트는 업체로부터 제품을 무상으로 제공받아 작성한 솔직하고 주관적인 후기입니다. 
세일제품 
기저귀 베피스 엑스트라 소프트 팬티형 기저귀 여아용 대형 단계 
 쿠팡 할인 
베피스 엑스트라 소프트 팬티형 기저귀 여아용 대형 단계 
세일제품 기저귀 
 ▼ 
현재 상품정보는 쿠팡 물품으로 일시 품절이 될 수 있습니다. 
⭐⭐⭐⭐⭐개월쯤에 사용했을땐착용감이 별로라 잊고있다최근에 개월인 아이에게쓸려고 다시 주문했어요예전보다 촉감이 많이부드러워진듯한 느낌이구요허리밴드의 신축성은 적당한것같아요소변 흡수가 잘되어 자면서도새지않고 활동성도 좋은것같아요무엇보다 펌퍼스나 다른기저귀들처럼 흡수제가묻어나지않아서 좋아요아무리안전하다해도 흡수제가나오거나 보풀이 묻어나면신경이 쓰인는데 이건묻어나는건 없어요 단점은기저귀 교체시 옆선이잘찢어지지않아 불편할때가간혹있어요 저희아이가키로인데 싸이즈가딱맞는 느낌이라배꼽에딱맞아 활동후엔 배밑에걸쳐지는느낌 담번엔 로.... . 
 더보기 
🌟🌟🌟🌟🌟첫째때 신상품으로 나와서할인할때 기저귀뗀다고 막쓰려고써본적이있었는데 그때 가격에비해괜찮다 생각했었거든요 그래서둘째 기저귀로 주문해봤답니다흡수력은 상 이에요 가격대비너무괜찮아요 이것저것기저귀많이써봤는데 바로앞전에팸퍼스쓰거든요 근데도 뒤지지않는흡수력이랄까 페넬로페베이비슈주로쓰는데 그것들만큼 괜찮아요그리고 옆에 뜯는 라인도안쪽은 부드럽게처리되서껄끄럽지않다는게 두번째장점근데 가끔 고무줄은튀어요그건 페넬로페라인도 똑같거든요옆에가 견고하게 붙어있는기저귀들은 고무줄튀는경우가많아서그리고 착용했을때 핏으로따지자면 일반 마미포코스러워요옆으로넓고 앞뒤는 길지않아요길지않아도 짧지도않고요그냥 앞뒤긴거쓰시던분들은어조금 짧아보이네 느낌새어나오거나그런건 전혀없어요저희딸은 그냥보통체군데도조금큰감이있어요 넉넉하다고해야되나페넬로페이랑비슷한것같은데조금더넉넉해요 그래서 헐렁한느낌인데크다고는하기어려운 마른애기들 쓰는친구들은 조금클수도있을것같아요그래도새는거없이 흡수잘하고괜찮아요 저는 앞으로도써볼의향 있어요 반신반의하면서샀는데 너무만족스러워서.... . 
 더보기 
 . 
 .제품 리얼후기 더보기 ∇ 
상품정보 
 . 
 .제품정보 더보기 ∇ 
 .?소프트소프트.?일회용기저귀일회용기저귀.?유아동유아동 .?개개.?물티슈물티슈 
 .?여아용여아용.?기저귀기저귀 
 .?엑스트라엑스트라.? 
 .?.?팬티형팬티형 
 .?출산출산.?단계단계 
 .?.?베피스베피스 
이 글은 제휴 파트너 광고로 일정 커미션 지급을 받을 수 있습니다. 
기저귀할인제품 베피스 엑스트라 소프트 팬티형 기저귀 남아용 특대형
매입 
베피스 엑스트라 소프트 팬티형 기저귀 남아용 특대형
매입 
 세일중 
할인제품 기저귀 
 ▼ 
확인된 제품 정보는 쿠팡 품목으로 일시 품절이 될 수 있습니다. 
★★★★★큰애때 마코 제품을 너무 잘써서 계속쓰다 다른것 써보자하고사용시작했는데와우 괭장히 보들보들해요.... . 
 더보기 
★★★★★개월남아 잘맞아요 팬티는 잘 세서 킨밴드만 사용하다가 기저귀 뗄.... . 
 더보기 
★★★★★완벽한라인인대 허리자국 안남아좋아여 단점이 있다면애가 입고뭉게고 놀다보면.... . 
 더보기 
 . 
 .제품 리얼후기 더보기 ∇ 
상품정보 
 . 
 .제품정보 더보기 ∇ 
 .?일회용기저귀일회용기저귀.?베피스베피스.? 
 .?팬티형팬티형.?유아동유아동 
 .?물티슈물티슈.? 
 .?남아용남아용.? 
 .?특대형특대형.?출산출산 
 .?소프트소프트.?기저귀기저귀 .?.?매입매입 
해당 글은 제휴 파트너 광고로 일정 커미션 지급을 받을 수 있습니다. 
 베피스 기저귀 사용후기 
베피스 기저귀는 들어본적이 없어서 ㅎㅎ 산모교실을 통해 알게되었는데요 우연히 개나있는데 포장이 다 다르네요
전부 올해껀데 오버액션토끼가 가장최근이에요
소프트앤핏이나 오버액션토끼는 종류에 안보이네요
거의 비슷해요. 사이즈도 같고..베피스의 특징은 뒷면 허리밴딩이 엄청 쫀쫀하게 되어있음.제일 오른쪽게 엑스트라 드라이에요. 그나마 이게 기저귀 표면 느낌이 좀더 부드러움.
위에가 소프트앤핏 가운데가 액션토끼 맨아래가 엑스트라드라이두께차이 별로없음 사용후기 마미포코 군 기저귀와 비교
베피스는 다른기저귀들에 비해 밴드부분이 뻣뻣해요. 그래서 약간 싼티나요...그전에 쓰던것들은 친환경 네띠기저귀빼곤 이건 약간 종이느낌 거의 부드러운데 다른거 쓰다가 쓰면 느낄수있을정도. 흡수력은 나쁘지않음 발진도 없어요. 쓰는데 문제는 없으나 기왕이면 부드러운거 쓰고싶네요. 엄마마음두께감마미포코 뽀송허그 베피스군 군이 제일 도톰하네요 
크기마미포코베피스 군마미포코는 키로까지인데 베피스도 키로인데..베피스로는 키로 못갈듯... ㅋ 현재 키로인데 딱맞아요. 
허리밴딩베피스강 마미포코 약 군밴딩없음 개인적으론 밴딩없는게 좋아요 ㅎㅎ촉감군 마미포코베피스 군이 부드러워요ㅡ 내부촉감마미포코 군 베피스 아기가 닿는면은 마미포코가 더 부드러움그냥 쓰고싶어서 쓰는 산모교실에서 경품으로 받은 베피스 기저귀 가지 사용후기입니다.?베피스베피스.?기저귀비교기저귀비교.?마미포코마미포코.?군기저귀군기저귀.?베피스기저귀베피스기저귀.?기저귀비교기저귀비교.?기저귀후기기저귀후기 
 차원이 다른 부드러움으로 편안함을 입다
베피스 엑스트라 소프트 팬티 기저귀 
 베피스 기저귀의 팬티 기저귀 라인의사이즈 표도 자세하게 나와 있어요
아기에게 해로운 성분은 넣지 않았으며모든 제품에 전성분과 제조일자가 표기가 되어 있으니안심하고 사용하세요 
 기저귀를 꺼내 보았어요꺅 디자인이 너무나 예뻐 
 아기의 체형과 움직임을 고려하여 설계된총 
줄의 허리 밴드가 몸을 따라유연하게 움직여 더욱 편안한 착용감을 제공해요 
....... .......? 본문 이미지
제가 양손으로 기저귀를 당겨봤는데진짜 편안하게 쭉쭉 잘 늘어나더라구요 우리 아이 몸에 닿는다면조이지 않고 활동하기 편할거 같다는 생각이 기존 열처리 접착 방식이 아닌 비 가열식 최신 접착 기술을 적용하여밴드에서도 차별화된 부드러움이 느껴져요
......... ..?....... 본문 이미지
소변이 옆으로 새는 것을 막아 주어움직임이 많아도 샘 걱정 없이 안심하고 사용해요
......... ..?....... 본문 이미지
기저귀를 뒤집어 보았어요피부와 닿는 접촉면의 부드러운 감촉을 통해우리 아기 피부를 포근하게 감싸줄 수 있어요 
......... ..?....... 본문 이미지
두께는 아주 두껍지도 않고얇지도 않아요계절 사용해도 무방할거 같지만개인적으로는 여름보단 봄
 가을
 겨울에 사용하면 좋을거 같아요
 기저귀를 착용해 보았어요 
....... .......? 본문 이미지
...?... ........... ..?......... 본문 이미지 
......... ..?....... 본문 이미지
개당 기저귀 그램수는 
베피스 엑스트라 팬티 기저귀는낮
밤 할것없이 사용해 보았는데낮기저귀로도 밤기저귀로도 손색없이샘 없이 잘 사용하고 있어요 밤동안 한가득 소변을 본 기저귀예요 ...?... ........... ..?......... 본문 이미지 
......... ..?....... 본문 이미지......... ..?....... 본문 이미지......... ..?....... 본문 이미지......... ..?....... 본문 이미지
기저귀 처리 방법은 
기저귀 옆면을 손으로 뜯어 주세요.크게 힘들이지 않아도 잘 뜯기더라구요 
사용한 기저귀를 돌돌돌 말아기저귀 뒷부분에 있는 테이프를 쭉 댕겨서감싸듯이 붙여주면 끝
 우리 둘째가 태어나처음 입어보게된 팬티 기저귀 아무거나 입힐 수 있나요?고르고 골라 베피스 엑스트라 소프트 팬티로 결정했어요
 베피스 기저귀는 전제품 무형광 기저귀로안심하고 우리 아이들에게 입힐 수 있어요
앞으로도 쭉 입힐거랍니다 
해당업체에서 무상으로 제공받아 작성한 후기 입니다 
 《일등맘카페 무료임신축하선물 베피스기저귀 수령후기 
안녕하시렵니까오늘의 수령후기는 산모교실로 유명한 일등맘카페에서 주는 무료임신축하선물 베피스기저귀에요 
저는 월 신규가입자였는데 수령한지 한 달만에야 드디어 후기를 올리네요ㅎㅎ월 한 달간 정신없이 준비하고 정리하고 하다보니 이제서야 생각나서 늦은 후기 올리게 됐어요일등맘에서는 매 월 신규가입자를 대상으로 베피스와 함께 제휴하여 무료임신축하선물을 명에게 베피스 소형 기저귀 한 팩을 쏩니다 
당첨확인은 월 일에 했고 따로 당첨자에게는 문자로 연락이 오는데 보자마자씽긋 웃게됩니다ㅋㅋㅋ흐뭇하게 언제오려나 기다리면 금방와요일부터 순차배송하고 저는 일에 받았어요 
.......
.......?.
.......
.......? .......? .
.......
.......? .......? .
베피스 소프트핏 제품은 기존 제품에 비해더 가볍고 슬림해졌으며 아기체형맞춤 입체 설계로 움직임이 편하게 더 업그레이드 한 제품이라 하네요우리 아가 엉덩이 책임져줄 기저귀로 당첨당첨기저귀마다 아기들에게 맞는게 있다던데 여러 브랜드 중에 베피스 하나 떡하니 자리잡고 있답니다일등맘 카페는 인기가 많아서 달마다 가입자수가 어마어마한데 그 중에 뽑혔다는게 대단하지요별개로 베피스 예비맘기프트박스도 신청했었는데 당첨돼서 곧 올 예정이에요꺄웅신이 납니다 신이나♬ 
일등맘카페와 베피스 기프트박스는 계속 진행중이니 관심있으신 분들 링크따라가보세요 
 기저귀 추천 베피스 사용후기 
내돈주고 구매한 베피스 기저귀 사용후기에용우리 딸 기저귀 발진도 없고 이것저것 써도 문제없어서 좀 저가에 합리적인 가성비갑 기저귀를 찾기 위해 여러 기저귀를 사용해보고 있어요일단 베피스는 가격이 저렴해서 한번 구매해 봤어요이고 용이에요. 
아빠들
어른들 헷갈리지 말라고 앞
 뒤라고 크게 써놨네요 ㅎㅎ 
넓찍하고 길이도 길어요 
밴드도 길어요 ㅎㅎ엉덩이 자국 날까봐 걱정했는데 심하지는 않아요.저옆에 찍찍이는 다소 까끌까끌해서 아기 살 닿으면 아플거깉아요ㅠ 
중으로 막아줘용 
내부는 구멍이 촘촘해요. 음 흡수가 잘되는것같지는 않네요...그리고 엉덩이가 뽀송뽀송하지 않아요.장점과 단점 리뷰할게요장점은 저렴하다. 큼지막해서 샐걱정 안해도 된다.단점은 딱히 강점이 없다. 그래서 저렴하니까 자주자주 갈아주는 분한테 좋을거 같아요 발진 고민하시는 분한테는 비추합니다.이상 베페스 기저귀 리뷰였어요 
 베피스 젠틀온 기저귀 체험단 명 모집쾌적흡수더마테스트 인증 기저귀 
쾌적흡수더마테스트 인증베피스 젠틀온 기저귀 체험단 명 모집 
● 이벤트 안내 응모기간월 일월 일 당첨자 발표월 일 당첨상품베피스 신제품 젠틀온 기저귀당첨인원명 
 체험제품 자세히보기.
● 덧글 신청방법 안내. 이벤트 게시글을 본인 블로그와 로 스크랩 한 . 베피스 젠틀온 기저귀가 필요한 이유. 아기 성별개월 수기저귀 사용 단계 사이즈대형특대형점보 
● 후기작성 미션 안내 맘스홀릭베이비 카페 
건 블로그 
 후기 작성기간 목 까지 
 후기 작성 시
아래 공정위 지시 문구는 꼭 눈에 잘보이게 강조해서 삽입해주세요. 예시 업체명 로부터 제품을 무상으로 지원받아 작성된 후기입니다. 쾌적흡수로 아기 피부가 보송보송한 기저귀 내용 필수 독일 더마테스트 최고등급 인증 받은 부드러운 쾌적한 팬티기저귀라는 내용 필수 기저귀를 입은 아이의 모습 필수 필수 태그 .?베피스베피스.?젠틀온젠틀온.?베피스젠틀온베피스젠틀온.?쾌적흡수쾌적흡수.?기저귀추천기저귀추천.?팬티기저귀팬티기저귀 그 외
기저귀 관련 태그 
● 우수후기 당첨 안내 우수후기 당첨 상품오닉피노유기농 순면커버 생리대 종 명 우수후기 당첨자 발표수 
 베피스 드라이핏 팬티형 기저귀 남녀공용 특대형매손소독 물티슈 팩 
베피스 드라이핏 팬티형 기저귀 남녀공용 특대형매손소독 물티슈 팩 
 원 
가격변동이 있을 수 있으므로 아래 쿠팡 방문으로 확인하시기 바랍니다. 
 .쿠팡 방문하기
 . 
 상품정보 더보기 ∇ 
■ 실사용자 후기 
 . 
 리뷰정보 더보기 ∇ 
 이 포스팅은 쿠팡 파트너스 활동의 일환으로
이에 따른 일정액의 수수료를 제공받고 있습니다. 
 베피스 기저귀 당첨후기 
무료임신축하 선물로
베피스 홈페이지 이벤트에서 예비맘 모여라 신청했는데 한번에 당첨신청은 어렵지 않고
기저귀 한팩이라 소소한 샘플보단 훨 좋다따로 문자가 오지 않으니 당첨자 발표때 홈페이지 공지 확인하기당첨후 배송지 필수로 입력해야한다.당첨자 발표후 주안으로 온거 같음신청은 아래 참조 
....? ....? 
베피스 소형와 아기물티슈 개가 왔다유통기한도 따끈한 최근걸로 주셔서안심하고 쓸 수 있을것 같다. 담달에 별똥이 태어나면 써봐야겠다 
 무형광 안심 기저귀
 베피스 기저귀부드러운기저귀 아이도 편해요 
베피스 기저귀부드러운기저귀 팬티형 기저귀 추천
 베피스 기저귀
무형광기저귀 제품 이라 안심하고 쓸 수 있는 기저귀 베피스 기저귀 전체 형광증백제 무검출 인증 받았대용 짝짝ㅋㅋ
 대형 남아용 팬티형으로 주문했어용 확실히 이제 팬티형이 편하긴 하네요 ㅎㅎㅎ 그래도 밴드형도 아직까지 잘 쓰고 있음 
 통기성 소재로 통풍이 잘되어서 밤기저귀로 사용해도 문제 없고용 엑스트라 소프트 패드로 엄청 부드러운기저귀 에요 허리
허벅지 밴드 부분도 잘 늘어나고
아기 피부에 닿는 부분도 부드럽고용 
 오빠가 좋아했던 점 바로 앞뒤 써져 있는거 ㅎㅎㅎㅎㅎㅎ 기저귀는 다 이렇게 딱 써져 있어야 한다며 칭찬 가득 ㅎ소변 알림선도 남아용 답게 앞쪽부터 쭉패턴도 귀엽죠
 만져봐야 아는데 진짜 짱짱 부드러운 기저귀 베피스 기저귀 네요쿠팡에서 구입했구요 팩에 
원 정도라 엄청 저렴해요ㅋㅋ 역시 기저귀는 인터넷으로 사야 제맛 ㅋㅋ
 밤기저귀로 써도 문제없어요 통잠 자는 아기라
시간 이상 기저귀 차고 아침에 일어나면 갈아주는데이렇게 많이 쌌는데도 제 손에 묻어나질 않아 너무 좋았어요아기 엉덩이도 안 축축하다는 증거겠죠옹 ?? 
 그래서 요즘 밤기저귀로도 잘 쓰고 있답니당팬티형 기저귀라 외출할 때에도 꼭 챙기구요 
 신축성도 정말 장난 아녜요 ㅎㅎㅎㅎ 밴드 부분 진짜 아주 잘 늘어나네요 무형광 기저귀 확인 된 제품이다 보니 안심이고용 가격도 저렴해서 좋아요 베피스 기저귀 후기 끝
 예비맘 이벤트베피스 기저귀 후기♡엄마의 사랑 
 베피스 팬티 기저귀 후기 
 .?베피스러브허브기저귀베피스러브허브기저귀.?베피스러브허브팬티기저귀베피스러브허브팬티기저귀 
 베피스베피스 기저귀 사용후기 
베피스베피스 기저귀 사용후기 
 출산 후일 뒤에 집에 왔는데 어디선가 택배 하나가 도착 했어요 뭐지뭐지??하고 봤는데베피스 기저귀 였지요 월 예비맘 이벤트에 당첨이 되었던 거에요 몇번 도전 끝에 드디어 당첨되서 너무나 행복했어요 
 베피스 물티슈 매와 함께 왔어요 향은 무향이라 아무 향도 나지 않아요 
 사용기한은 년 월 일까지라서우리 방글이가 한달이 되려면 월 중반이넘어가야해서 그때 바로 사용하면 될 것 같아요 
 물티슈를 사용해보려고 스티커를 제거하는데 어찌나 강도가 세던지 아니면 출산후에 손에 힘이 약해진건지 접착력이 엄청나게 강했어요한장을 빼면 다음 한장이 저렇게 반이 따라 나와요ㅜㅜ 그래서 다시 넣기가 좀 불편하다는게 흠이에요. 
 물티슈 크기는 물티슈 크기보다조금 더 넓어요 비침 정도는 아래 그림이 살짝 보이는 정도에요
 옆으로 잡아 당겨 보았는데신축성이 굉장히 좋더라구요 
 베피스기저귀의 예쁜 아기 얼굴이 왜 저렇게 됬냐면요ㅜㅜ 택배가 도착해서 봤더니 다 찢겨져있었어요ㅜㅜ 너무나 속상했어요ㅜㅜ 혹시나 하고 기저귀도 막 보았는데 다행이 기저귀에는 이상이 없는 것 같아 테이프로 다시 붙여주었네요. 택배 기사님들이 조금만 더 신경써주셨으면 좋겠어요 
 베피스 기저귀는 소형이 까지사용할 수 있어요 우리 방글이는 .태어나서언제되려나 모르겠어요 모유수유 열심히 하고 있는데 포동포동 해졌으며 좋겠어요
 베피스 기저귀는엑스트라 드라이 시트와 우수한 통기성 배 길어진 허리밴드와 부드러운 접착 벨트 안심 이중 샘방지 시스템과 편리한 소변알림마크가 있는 기저귀랍니다. 
 제조 일자가 작년 월 일이네요 방글이 되면 바로 사용해봐야 겠어요 
 투명 끈도 있어 들고 다니기도편하답니다. 사실기저귀에는 다 있는 손잡이죠 
 절취선이 점선으로 표시되어 있어보고 조금 벌려주면 이렇게 열려요 굿굿굿 
 하나를 꺼내 보았는데 기저귀에 사이즈가표기 되어 있어 보기 좋았어요 여러가지 기저귀가 섞여있으면헷갈릴 수 있거든요 초보맘 티나지요.ㅋㅋㅋ 저기 보이는 노란 선은 소변 알림 마크에요. 아기가 소변을 보면 노랙색에서 초록색으로 바뀌어 그때 기저기를 바꿔주면 된답니다.디자인도 너무나 귀엽습니다. 
 벌려보면 이렇게 되어 있구요 허리밴드가 부드럽고 신축성이 좋아요 그리고 옆선도 신축성이 좋아서 방글이가 불편해하지 않을 것 같아요
 안쪽면은 부들부들하네요 우리 방글이 엉덩이를 보송보송하게잘 지켜주렴
 .인 우리 방글이에게 조금 큰 감이 있지만 살이 조금 더 찌면 베피스 기저귀로 사용할 수 있을 것 같아요방글이도 좋은지 발버둥치네요
 사랑스런 우리 방글이 베피스 기저귀로 엉덩이 보송보송하게지켜보세요... ... ▲ 베피스 바로가기 ▲
 업체로 부터 본 제품을 무상제공받아 사용후 작성하는 솔직후기글입니다. 
 후기 베피스 기저귀 샘플 
기저귀 한 팩과 물티슈가 무료로베피스 기저귀 예비맘 샘플팩 
이번엔 베피스 예비맘 이벤트 후기에요베피스는 타 기저귀 샘플들과 달리한 두장 낱개가 아닌 통크게 한 팩이 옵니다 
거기에 물티슈 매까지 함께요... 
명에게 돌아가는 베피스 기프트 박스는예비맘과 예비맘 지인이 참여 가능해요저는 한 번 미끄러졌다가두번째 응모했을 때 당첨됐어요 
베피스 인스타 팔로우 중이라이번에 쿠팡에서 진행된 특가로팩이나 구매했는데 한 팩 추가로오랫동안 베피스 기저귀를 사용해볼 수 있게됐어요 
하도 샘플을 많이 받아서여러 제품 찔끔찔끔 쓰다가한 제품을 오래 사용해볼 수 있어서 좋아요ㅎㅎ물티슈는 아직 사용하고 있는게 있어서써보지 못했지만 나중에 휴대용으로외출할 때 사용해보려고 해요 
이벤트 무료 상품이지만올해 월에 만들어진 제품으로따끈...까지는 아니지만 아직 따땃해요 
물티슈는 베피스 제품이겠지만처음보는 물티슈라 어떤 제품일지 궁금해용나중에 여러 물티슈 샘플들 전부 사용하고장단점을 깔끔하게 정리해보려고 해요ㅎㅎ아래는 참여방법이에요인스타그램 아이디가 있어야 참여가능한데
 요즘 다들 인스타 아이디 하나쯤은 있으시죵? 
에 사진 올리신 뒤
 아래 링크로 들어가셔서댓글로 과 인스타 아이디 남기시는 것
 잊지마세용 
다음에는 베피스 기저귀
물티슈사용후기도 들고오겠습니당
 베피스기저귀 사용후기 
 맘스다이어리 별별체험단 베피스 기저귀 체험후기 
드뎌... 받았네요..휴 전 하도 안와서 제 이름 누락됐는 줄 알았다는요. ㅋㅋㅋ 어쨌든.. 잘 받았슴당.예전에 베피스 홈피에서 이벤트 응모해서 당첨돼 한박스 받아 써봤었더랬죠 그땐 후기쓰는 시기를 깜빡 놓쳐 쓰질 못했었네요..죄송요...ㅜ.ㅜ한번 써봤던 베피스라 품질은 믿고 받아 흔쾌히 감사한 마음으로 쓰고있답니다.핑크핑크 러블리 핑크 패캐지 
 뜯어보니 안에도 핑크빛 베피스로고가 이쁘게 정렬 
싸이즈는 제가 갖고있는 다른 브랜드 같은싸이즈와 비교해 보니 비슷하네요. 그런데 좀 더 얇은듯했어요. 큰 차이는 아니지만요.. 
채워보려고 펼쳐보니 안에 패드가 엠보싱처리가 되어있다고 해야하나요?? 더 잘 흡수해줄것같은 느낌 
허리밴드도 편하지만 짱짱하게 잘 늘어나 아가 허리를 죄는일 없이 편한듯했구요지유야.. 착용감이 어때?? 편해?? 물어보고싶네요.. 쩝 기저귀에 소변알림줄 뿐만 아니라 앞.뒤라고 표기되어 있어서 초보엄마 아빠들아빠들은 둘셋을 키워도 영원한 초보니까요에게 좋을꺼같았어요. 활동적인 우리아기 앉았다 일어났다 굴렀다 뛰었다 누웠다를 반복해도 흐트러짐없이 아기불편하지 않게 잘 채워져있네요. 역쉬.. 베피스입니당 
본 체험후기는 무상으로 베피스에서 제공받아 쓴 후기입니다. 
 베피스 엑스트라 소프트 팬티형 기저귀 솔직후기 
베피스 엑스트라 소프트 팬티형 기저귀 솔직후기 
잡고 서기 시작하는 개월아가어떤타입의 기저귀 사용하시나요??밴드형? 팬티형?우리 미코는 지금까지 밴드형 기저귀의 사용빈도가 더 높았어요개월아가이긴 하나 개월아가 평균보다 안나가는 몸무게 그래서 팬티형기저귀는 사이즈가 좀 크더라구요그런데 기저귀는 교체하는 동안 잠시도 가만히 있지 않는 우리 미코 뒤집고 기어서 도망다니고밴드형기저귀는 채우기가 너무 힘들어서 팬티형기저귀를 써야지 했는데미코가 쭉 사용하고 있는 베피스 엑스트라 소프트 기저귀도 팬티형 기저귀가 출시됐다는 반가운 소식다행이 베피스기저귀는 사이즈가 살짝 넉넉하게 딱 맞아서 넘 좋아요 베피스 엑스트라 소프트 팬티형 기저귀 착용해본 솔직후기 남겨볼게요 
베피스기저귀는 포장에 아가모델이 들어가 있어서좀 더 정이 간다고 할까요?ㅋㅋㅋㅋㅋ우리 미코도커버속 아가를 진짜 좋아해요 ㅋㅋㅋ잡아먹을듯한 기세 ㅎㅎ참 이쁜 아가들 많은거 같아요 ㅋ저도 아기 낳으면 저렇게 이쁜 아가 나올줄 알았는데 ㅋㅋㅋㅋㅋㅋㅋ그것은 실패했네요본론으로 돌아와서베피스 엑스트라 소프트 팬티형기저귀도 밴드형처럼 남아용 여아용 구분되어 있으니구매하시는 분들은 참고해서 구매해주세요 
베피스 팬티형 기저귀는 대형 사이즈부터 있어요중형사이즈가 없어서 좀 아쉬웠는데중형사이즈의 아가들도 대형사이즈로 입히면 충분히 잘 맞아요베피스의 기저귀가 타사의 기저귀 보다 살짝 작게 나온거 같아요기준 몸무게 도 적게 표시되더라구요그리고 저는 기저귀를 좀 넉넉하게 채우는 편이여요하루종일 기저귀하고 있는 아가들 답답할까봐 ㅎㅎㅎㅎㅎㅎ 
베피스 엑스트라 소프트 팬티기저귀 핑크 핑크 하니 이쁘죠??기저귀만 채워도 패션이 될 정도로 디자인이 이쁘고핏도 이뻐요 우리 미코 기저귀 갈아줄때마다 어디 기저귀냐고 여러번 질문 받았더랬죠 ㅎㅎㅎ 
기저귀 이름이 괜히 엑스트라 소프트가 아니여요정말 기저귀 한장 꺼내 들자마자 딱 드는 느낌앗 부드럽다안쪽 패드가 부드러워서 아가들이 부드러움을 느끼는건 물론이고
 겉커버까지 부드러워서 기저귀를 갈아주는 엄마들에게도 부드러운 촉감이 그대로 느껴질 정도여요 
기저귀 패드가 엑스트라 소프트라 정말 부들 부들 촉감이 좋구요흡수가 빨라서 구지 여름용 기저귀로 출시된건 아니지만 여름용 기저귀로 사용해도 정말 충분히 자격있어요 ㅋㅋ 
허리밴드 부분에 자글자글한 주름 보이시나요??이것이 울트라 소닉 실링으로 비가열식 최신 접착 기술을 가했다고 해요그래서 정말 부드러움이 말로 표현 못해요 ㅎㅎ 
기저귀라기 보다 그냥 면팬티를 만지는거 같은 부드러움우리 아가들의 연약한 피부에 닿았을때촉감이 진짜 좋아요 
움직임이 많은 우리 미코활동하기 너무 좋아요 ㅋ신축성과 부드러움을 동시에 가지고 있으니 말이죠 ㅎ이건 정말 직접 만져보고 사용해보지 않은 사람들은 모르는 느낌이라직접 사용해보시라고 정말 강추하고 싶어요 
기존에 베피스 엑스트라 소프트 밴드형 기저귀를 쭈욱써와서워낙 좋은건 알고 있었지만이번에 팬티형으로 사용해보면서 또다시 느낀점은베피스 엑스트라 소프트하면 정말 부드럽고 신축성 좋다라는 거네요 ㅎㅎ 
기존에 베피스 엑스트라 소프트 밴드형 기저귀의 자세한 기능을 포스팅한적이 있어요자세한 기능이 보고 싶으면 참고해주시면 되는데요 
부드럽다 신축성이 갑오브갑이다이 두단어로 함축해서 베피스 엑스트라 소프트 기저귀를 표현하면 될거 같아요 ㅎ 
베피스 엑스트라 소프트 이거 맘에 드네? 
몸에 착 감기는 맴시로 아가들의 뒷태가 더욱더 사랑스러워보여요 ㅋ 
깔끔한 뒷태 이쁘죠?? 
요즘 날씨가 더워서 기저귀 잘 안할려고 하는 미코인데엑스트라 소프트 기저귀는 거부 반응없이 잘하고 있어요 
잡고 서는 동작에 재미가 들려서 정말 가만히 있지 않는데요베피스는 다양한 체형를 고려해서 부드럽고 쫀쫀하게 만들어져서움직임 많은 아가들도 샘걱정은 할필요 없어요 
아기 피부에 닿는 부분이 정말 보들 보들하답니다. 줄의 허리밴드가 몸의 움직임에 따라 자유자재로 움직이는 기저귀참 괜찮지요?? 
적은 양의 소변에도 확실하게 반응하는 소변알림선이네요 
동글동글 말아서 테잎핑처리해서 버리면 끝 
부드러운 아기기저귀 신축성좋고 흡수력 좋은 기저귀베피스 엑스트라 소프트 팬티형 기저귀속는셈 치고 한번 사용해보세요재구매의사 일걸요? 
 무료임신축하선물 당첨 후기 베피스 기저귀 
안녕하세요 뿅뿅이맘쓰럽이에요지난번 일등맘산모교실에 가입
 임신축하선물을 신청했는데 당첨 똭이번엔 베피스 엑스트라 드라이 남녀공용 소형 매 한팩을 받았어요아직 우리 뿅뿅이가 쓸려면 조금 시간이 남았지만
뒤에 적힌 설명서를 미리 읽어봤습니다 
엑스트라 드라이 시트많은 양의 소변을 빠르게 흡수하고 새지 않아 아기 엉덩이가 보송보송우수한 통기성통기성 소재를 이용해 공기가 잘 통하도록배 길어진 허리밴드부드럽고 신축성이 뛰어난 허리밴드가 넉넉하게 허리 감싸부드러운 접착 벨트착용감이 우수하고 버릴 때도 깔끔하게 정리안심 이중 샘방지 시스템 소변이 옆으로 새는 것을 막아 줌편리한 소변알림마크소변 알림 라인의 색이 노란색에서 초록색으로 바뀜이런 우수 기능이 있다고 하는데... 뿅뿅이가 태어나면 직접 써보고 다시리뷰 남겨야겠어요베피스 엑스트라 기저귀 잘 쓸께요
 월 무료임신축하선물 아직 신청 안하신 분들이라면 신청해보세요.. .. 
 베피스 모션핏 팬티기저귀 사용후기 
베피스 가장 큰 장점이죠
 가격이 참 착해요거기다
 흡수율도 좋아서 우리 거니 낮기저귀로 사용 중인 베피스♡하나 보 에는 발진증상을 보이는 예민한 피부의 아가라 베피스 입히고 올레를 외쳤답니다ㅋㅋ그렇게 아기 개월 때부터 돌이 지난 지금까지 개월 사용 중인데요
 자신있게 괜찮은 기저귀라고 말할 수 있는 제품이에요 
베피스 모션핏 팬티 기저귀 
디자인 어떤가요?코듀로이데님 가지 디자인인데 입히면 기저귀같지 않고
 바지를 입힌 것 같아요ㅎ 
뒤가 크게 적혀있어 재빠르게 도망가는 거니를 잡아서 입히기 쉬워요ㅋㅋ앞
 뒤 확인하다 아기 놓치기 쉽잖아요. 하하 
 저만 그런거 아니죵?ㅡ.
 ㅡ 
기저귀 뒷처리밴드도 있어 깔끔하게 처리 가능합니다 
베피스 기저귀는
 고흡수성수지 사용으로
 강력한 흡수력을 자랑하고
뭉침 걱정도 없어요 
 통기성소재로 언제나 뽀송뽀송부드럽답니다거니는 기저귀발진으로 고생이 심했는데 베피스 사용하고는 한번도 트러블이 없어요 
 안심 이중샘 방지로 소변 양이 많아도 샌적이 없어요 
허리 허벅지 밴드도 굉장히 소프트합답니다 
줄의 고무밴드는
 신축성 짱짱아기 엉덩이에 촥촥 감기는 핏이에요ㅋㅋ 
두께도 얇고 가벼워서 아기가 착용하고 생활하기에 불편함이 없어요 
거니의 낮기저귀로 함께해온 베피스베피스 쓰는 거니 친구들은 전부 만족하고 있다는 사실 
거니 외출 할 땐
 언.제.나 베피스와 함께 랍니다♡데일리 기저귀로 사용해보세요후회하지 않으실거에요 
 유흐감사합니다❤다들 축하합니다
ㅎㅎ 감사합니다 모두 축하해용♡
다들 축하드려요
감사합니다
감사합니다
감사합니다
축하드려요
감사합니다❤
감사합니다ㅎ 모두 축하드려요
축하드려요
 가격도저렴하고 좋아요 단점은 팬티형 옆에 뜯는게 힘들어요
그렇군요
저두 잘 쓰고 있어요
저도 잘 썼어요. 발진없이.. 가격도 저렴하고요. 근데
팬티 옆에 뜯는게 땜시 그만 써요. 그거 뜯다가 성격 버릴듯 ..ㅎㅎ
헐. 주문했는데... ㅠㅠㅠ밴드고민하다가 팬티 했는데. ㅠ ㅠ 얼마전에 티몬서 딜 떴었거든요.... ㅠㅠ
옆에 뜯을때 밑에서 위로 뜯으면 쉬워요.위에서 아래로 뜯으려면 잘안돼더라구요.잘쓰고있네요
 전 너무두껍더라구요ㅜㅋ
저희아이는 발진이 잘나서 베피스도 발진났네요..근데 팸퍼스
 리베로빼고는 거의 모든제품이 발진나는 아이었어요
 저는 잘 세서 바꿨어요 신생아인데 제일 작은 사이즈도 크더라고요
 베피스 쓰고있는데 좋은거같아요. 요즘 장염으로 분유를 잘 안먹어서 소변량이 좀 줄긴했지만 밤에 새지도 않고 괜찮은거같아요
베피스흡수력도갼코얇고좋더라구요밤에도쉬야많이해도새거나그런거없구요
마미포코쓰다가 갈아탓어요 얇고흡수력좋고 기저귀닿는부분 보송해요ㅡ허리도편하구요ㅋ단지 허리뜯어지는부위약해서 입히다가잘찢기는거 제외하믄 다좋은듯요ㅋ
한번도 샌적없어요 베피스좋아서 그거 한동안 계속 썼었어요
저도 이번에 좋다해서 쓰는데 진짜 깜짝 놀랄정도로 흡수력좋네요 기저귀 안써본거없는데 감탄중이예요 ㅎ
한팩 써보고 인터넷에서 대량구매하세요 저 신생아용? 단계 남녀공용 한팩있는데요... 구매하실래요??
저..대형필요해요
 좋은정보 감사해요
저도 유목민 ㅠㅠ
저도 아이 신생아때부터 슈베스 오래도록 썼는데 슈베스가 사이즈가 좀 작게 나와서 이제 키로 허벅지 통통 아가는......다른 기저귀 찾아갔습니다ㅠㅠ사이즈 큰게 있었음 좋겠네용
 밤 기저귀로 여름용으로 쓰기 괜찮았네요
감사해요
저는 모션핏 쓰는데 잘쓰고있어요저렴하고 잘 안세고 괜찮아요
맘님혹시한단게크게사용하시나요
임마뮴년풍덕동키로 특대형도 점보도 괜찮게 맞아요여름이니 낙낙하게 한사이즈 업하셔도 괜찮을거같아요
팬티형쓸때 가격이 싸서 잘썼어요ㅎ두가지 다 써봤는데
 크기가 좀 작은거 빼곤 밴드부분도 쫙쫙 잘늘어지고 쓸만해요ㅎ사이즈는 표기된것보다 단계씩 업해야해요. 특대가 타사 대형사이즈....
사이즈가작군요ㅠ그걸노칠뻔햇네요
임마뮴년풍덕동전 팬티형만 써봐서.. 팬티형은표기사이즈보다 단계 작다고 보심 되어요
지니맘년중동네ㅎ저두지금팬티형보구있어요ㅎ
임마뮴년풍덕동점보실제로는 특대형ㅎㅎ까지 나와요킬로일때 점보썼었어요ㅎ 전 하ㄱㅅ보다 밴드부분이 부드러워서 좋았어요.스스로입고.벗고 하게 팬티입는연습시키기도 좋았구요ㅎ매직벨트는 찍찍이가 자꼬 애기살에 찔려서..ㅠㅠ
 축하드려요 아이키울때 기저귀만큼 필요한선물도없죠ㅎ
감사합니다 기저귀 오니 아직 아가도 없는데 좋네요 
축하드려요저도 출산용품에잘놨두었다 아기태어나면 바로써보려구요
네 저도 지금 하나 하나 모으고 있어요 ㅋㅋ 고맙습니다 
축하드려요 저두방금 받았어요 ㅎㅎ
축하드려요ㅋ 선물 좋네용 
저도 이거 받았어요ㅎㅎ기저귀선물은 언제나 기분좋지요 이거 미끄러지는분들도 있으시던데 축하드려요
축하드려요기저귀 선물 좋네용 
기저귀 받으신거 축하드려요.다른 경품도 좋지만 요즘은 기저귀가 젤 좋은것같아요
맞아요 기저귀 선물 좋네용고맙습니다 
 베피스 첨 출시됐을때부터 썼는데 괜찮았어요.둘짼 친구가 치쿨사줘서 써보고 치쿨로 갈아탔어요ㅎ
 저도 하나하나 써보니 넘 좋아서 만족하는 제품이에요
향도 그렇고 좋더라구요 특히 오일이 너무 맘에들어서 당첨되기 잘 한것같아요ㅎㅎ
오오베피스에이런것도잇군용기저귀두괜찮든뎀ㅎㅎ
기저귀도 괜찮은가요? 한번구입해서 써봐야겠네요
거제꼬미맘네가끔그거신청하는이벤트나오는데신청하시면한팩으로턱하구오거든요그거사용해보시구해도좋을듯싶어요
대전대바깅맘어디서 신청하는지 자세히 여쭈어도 될까요?ㅎㅎ
거제꼬미맘카페하시다보시면 가끔씩올라와요 그거 나오면 신청하시면되요 여기 일등맘카페에서 공고해드려요 ㅎㅎ
대전대바깅맘아 그렇군요ㅎㅎ 감사합니다
거제꼬미맘꼭해보세요 ㅎㅎ잘들어오셔서 확인잘해보시면 될거가타요 ㅎㅎ
대전대바깅맘자주 들어와바야 되는거겠죠?ㅎㅎ
 구매해 봤어요
사은품 꼭 챙기세여 ㅎ
◆리워드 알리미◆ 지금 몰리 경유해서 구매 하면 . 적립됩니다....? ...?적립된 포인트는 언제든지 현금환급 또는 배송비로 사용가능합니다.
모션핏 좋아요 가성비 ㅋ 새지도 않고 부드럽구요
소프트는 안써봤는데 비슷하다는 후기땜에 저도 모션핏만 써요
첫아이 신생아때 하루에 개이상써서신생아꺼 한번사봤어요ㅎ곧 둘째 나올꺼라저렴하게 잘샀어요감사해요
저도 가성비 있는거 찾아보다가 후기 좋은걸로 사는편이라 이것저것 써보긴 하는데 요건 항상 만족하고 써요
크림이맘님이시죠아이디랑 옆닉네임 확인차 댓글 드렸어요
넵 몰텔 아이디가 바뀌어서요 주말에도 수고 많으셔요
 몰테일 아이디가 지금 우기기이신가요?몰테일 아이디가 바뀌긴 어려운데요..사서함번호 여쭤봐도 되나요?
 축하드려요 이거 은근 미끄러지는분들 많다고 하시더라구용ㅋㅋㅋ
월달에이벤트신청했던게 다미끄덩한지라 전 이벤트신청해 놓고까먹고있었어요 ㅎ다른이벤트에당첨되서물티슈도받았는데일등맘하고는인연이있나봐요
저도 오늘 받아봤어요 ㅎㅎ 기저귀 통째로 받는거 첨이예요
저도이벤트해서 기저귀한팩으로받기는처음이에요 ㅎ어서사용해보고싶네요
우와 축하드려용
감사합니다
전 떨어졌는데 받으신거 축하드려요
감사합니다
축하드려요 당첨되면 하루종일 기쁘죠
설레이더라구요 ㅎㅎ감사합니다
 축하드려요
감사드려요 ㅋㅋ 넘나 기분좋아요 ㅋ
우왓 기저귀는 넘좋즁ㅋㅋ축하드립니당
아직 아가가 뱃속에 있지만 살림하나 느는것같아 너무 기분좋아요 ㅋㅋ 산모교실에서 당첨안되서 너무 서운했는데 이런 행운이 ㅋ
축하드려횽
감사드려용 ㅋㅋ
우와 ㅎㅎㅎ 전 오늘 비움의 태교햇어요 ㅡㅡㅋㅋㅋㅋ
저도 늘 비움의 태교를 하는데.. 부지런히 다니니까 그래도 행운은 주어지더라구요 
축하드립니다 꼭필요한거라 더좋으시겟어영
네 ㅋ 너무 좋아요 ★ 너무 기뻐요♥
 네 했어요 ㅋ 몰랐어요♥ 죄송해요
 배피스 슈퍼대디는 뜯을때 고무줄 아파요. 비츄
슈퍼대디 밴드형 써봤는데 저는 괜찮았어요 개인적으론군이랑 비슷한 느낌이더라고요.
베피스 밴드부분이 까슬해서 별로예요
킨도기저귀도 좋은거같아요ㅎㅎ
베피스 비추리베로 밴드형 좋아요팬티형은 샀는데 아직 안써봤고요
 요거 좋아?나도 현호 하 요기꺼만 쓰는데비싸고 자고 일어나서 새네근데 현호가 쉬를 많이 하기도 하고기저귀 바꿔보고 싶고만
어어 자고 일어나서 새는거 ㅜㅜ 문예으니도 ㅎ 밴드형은이거 한 번 써봐 진짜 난 좋더라구 
기저귀발진 땜에 바꾸는거 쉽진않은데..괜찮다고하니 한번 써보고싶은 맘이 드네용ㅎ
후기야 의무라서 쓴거긴 하지만 진짜 부드럽고 좋더라구요 전 그래서 이번에도 이걸로 샀어요 가격도 하기스에 비해 많이 저렴해서 ㅋ
가격도 저렴하다고 하니 바꿔볼까 싶네요
베피스 좋아요부드럽고 도톰하고ㅎㅎ
 저 지금 집에서 베피스쓰고있어요 베피스 전 완전만족하네요ㅋㅋ지금 세박스네박스째쟁였어요
답변 감사합니다. 밖에서 쓰기에도 괜찮나요?
후랑 환이랑유촌동전 밖에선 기저귀갈기 쉽게 매직팬티 옆에뗏다붙였다하는걸로써용근데 이거 밖에나갈때도 채우고나가곤해용
저도베피스써요 밴드는 별로고 팬티는 저렴한가격에 만족하며써요 발진없었구 센적두없어요
무난하게 쓸만한가보네요. 저도 주문해야겠네요.
저도팬티이것저것. 마미포코.하기스.네츄럴블라썸.보솜이.베피스 이렇게썻는데 별반다른거 없이 괜차나요. 기저귀지겨워서 종류별로써보거든요ㅋ
답변 감사해요. 지금 주문 해야겠네요
저도 첫째때 베피스 팬티기저귀 좀 채웠는데. .쏘쏘정도인것같아요저렴하지만.나쁘지않고...그렇다고 엄청 좋은것은 아닌...가격대비 괜찮은정도..
전 이거 쓴지 오래되었어여..팬티가 넘 편해서 저렴해서 사용하다보니 요거 세일하면 쟁이고 있어여
저도 의심적어 하면서 함써봤는데 좋아요 ㅋㅋ
 저두 잠깐써봤는데기저귀갯수도 많고저렴하긴해요 새거나하지는 않구요저는 팬티썼는데좀 뭉치는게 있긴하네요 처진다고해야될까요
아... 급한맘에 막 주문하고 오는길이에요 ㅜㅜ 쳐지는 현상이 있구나 ㅠㅠ 경험이라 생각하고 써볼께용 감사합니다
쏠펨퍼스도 처지든데요뭘참팬티면옆트임이 잘안찢기네요 나비잠이나 마미포코는좀 낫더라구요 나비잠도 괜찮아요
울 딸랑구 아... 전 밴드로 구입했어요 겨울이라서 이제 팬티는 외출시에 옷 다 벗기고 갈아입히기 힘들것 같아서요 ㅎㅎㅎ
그냥저냥 비슷비슷 쓸만해요 다른기저귀랑 큰차이 없었어요
감사해용 오늘 배송오는데... 새는거만 없음 좋겠어욯ㅎ
 그냥 이따 이마트에서 네이처메이드 행사하나 가봐야겠네요
저도 별로여 냄새나요 화학냄새요ㅠㅠ
별루군요..미리물어보길 잘했네요
안쓰던건 샘플써보게 하는싸이트나 블로그도 있더라구요 반가워용
그런데도 있어요??몰랐네요저도 반갑습니당
저만 괜찮나보네요 ㅎㅎ 전 베피스 팬티기저귀 모션핏 입히는데요 저는 싼걸 사서 자주 갈아주자 주의라서 걍 팍팍 써요 근데 대변 봐서 씻길땐 옆 부분이 매직팬티처럼 양쪽으로 뜯어지는게 아니라 헐크처럼 잡아당겨서 뜯어야하는 단점 빼곤 모르겠어요 오히려 매직팬티 입히면 밤에 쉬야가 새는데 이건 안새더라구요 글서 외출땐 매직팬티 집에선 모션핏 입혀요 똥꼬 발진도 없구요 이건 애마다 틀려서 ㅎㅎ 여튼 전 잘쓰고있어요참고로 갤이고 팬티기저귀 입힐때부터 이거 사용했네요
아괜찮으신 분도있으니 다행이네요
전.바바랩 쓰는데..장당 원이예요..팬티기저귀이고.옆에도 잘 뜯기고 .. 만족하면서 쓰고 있어요 ㅎㅎ
바바랩이라는 브랜드도 있나요?제가 넘 올드한가봐요ㅎ
 저희는 아주만족하면서 써요 울아기는 기저귀발진이예민한데 이건괜찮네요ㅋ
ㅇㅏ 그래요 사이즈는 다른 회사랑 비슷 한가요?
아주민소영회사마다 사이즈가 다달라서 뭐라이야기하긴 그렇지만 저아기가여태까지쓴기저귀들이랑은 거진 비슷했어요ㅋ
장평정영희넵 이른아침 답변 넘 감사해요
아주민소영아니에요 애기엄마끼리ㅋㅋ당연히 서로돕는거죠ㅋㅋ
베피스 소형때부터 중형까지 쓰다 하기스랑 보솜이 마미포코 페넬로페 정도 써봣는데가격대비 만족이여ㅎㅎ최악은 보솜이였네요ㅜ옵션은 다다르겠지만 사이즈는 정사이즈인지 조금 작은편에속해요 저희애기 허벅지가 짱짱보라그럴지도
답글 감사드려요이번에 베피스꺼 한번써봐야겠어요
 출산 예정이예요ㅎㅎ 받고 싶은데 어디쯤 사시는지 여쭤봐도 될까요? 
거리가 머네요ㅜㅜ 드림 응원합니다 명절 잘 보내세요ㅎㅎ
몽이몽이맘좋은 명절되셔요 출산이 얼마 안 남으셨다니 편히 지내시구용♡
월초 예정일인데 받을수있을까용? 얼마전에 드림받아서 괜찮을지 ㅠㅠ
일에 한 번이래요 일 내 받으신거 없음 괜찮을 것 같아요ㅎㅎ
직장이 구서동이라 오늘도 가지러갈수 있는데 가능할까요?
유니짱앗 가능해요가능해요 챗드릴게요
유니짱님께 드릴게요
불발시 줄서 보아요
 본인이 직접찍은 실사첨부는 필수입니다 수정해주세요
아 죄송합니다 수정하겠습니다
 저요.
쳇드릴께요 엄청빠르시다며 
저도 베피스 쓰는데 손 든어 봅니다
저도 손들어봅니다
거래완료
 챗보셔요
 팔렸나요?
판매완료되었습니다
 저용
챗 드리겠습니다.
백군감사합니다♡
줄서보아요
완료되었습니다.댓글 감사합니다. 
 커피 쿠폰 어떤 거 몇장과 교환되나요? 
채팅이 안되서 쪽지로 보냅니다
육아하면서 가장 많이 사용하는 기저귀뭔 기저귀를 써야하나
 다른 분들이 엄청 고민하길래같이 덩달아 고민했었다능다행히 저희 아가는 무슨 기저귀를 써도발진은 안일어나는 것 같더라구요발진유무는 빼고 적는 개인적인 기저귀비교 후기 
 조리원 나와서 가장 먼저 사용해본 킨도 올데이킨도브랜드에도 라인이 여러 종류임소변표시줄이 없다고 하던데 올데이는 있어요조리원에서 사용하던 신생아 기저귀가 르소메였는데르소메에서 킨도로 갈아탔을땐 뭣도 모르고아 확실히 퀄리티가 별로네 뭐 이러냐 싶을 정도로넘나 부드러운거 근데 좀 저렴한 느낌의 부드러움엠보도 뭐도 없었던 기억근데 르소메가 진짜 진짜 좋은거였음ㅋㅋㅋㅋㅋㅋㅋㅋㅋㅋㅋㅋㅋㅋㅋㅋㅋㅋ지금에서야 생각해보면 킨도 정도면가성비가 정말 괜찮은 브랜드구나 싶어요흡수력도 나쁘지 않았음개월차 때라서 밤에도 서너시간마다 깨니이게 밤귀저귀로 괜찮은 제품인지 아닌지는판단을 할 수 없었지만다른 엄마들은 밤기저귀로 킨도도 많이이용하시는 것 같아요
 귀애랑 기저귀이거 매 팩짜리를 팩에 
 원에 팔길래장당 원 꼴오로지 가격 때문에 혹해서 구매함엘지 생건에서 나온 한방라인이니 뭐믿고 사는거 아니겠어? 하고 샀다가 날벼락ㅋㅋㅋㅋㅋㅋㅋㅋㅋㅋㅋㅋㅋㅋㅋㅋㅋㅋㅋ나도 생리대 귀애랑 쓰는데요... 엘지님이렇게 뒷통수 치기 있기 없기완전 뭔가 별로였다기저귀에 대한 경험치가 부족했던 탓이었을까?정말 이건 가격 아니었으면 절대 안샀을걸왜 싸다고 사가지고 다른 더 좋은걸 못썼을까 싶음킨도 한팩 쓸때는 별로 느끼지 못했는데귀애랑 쓰고나서 아
밤기저귀를 따로 사야겠구나하고... 밤기저귀를 장만함ㅋㅋㅋㅋㅋㅋ남은걸 다시 팔아야하나 고민도 했는데그게 더 귀찮아서 낮에 막 쓰고 버릴 생각으로사용한게 지금 벌써 팩 사용하고 마지막 팩째 시작이거 다 쓰면 윗단계로 넘어가면 되게땅 히히지금 와서 생각해보면 어차피 낮에는 자주 갈아주는데가격면에서 부담없이 막 쓰기 나쁘지 않은 것 같음 소형이인데
거의 정사이즈인듯 싶고실제로는까지 무난하게 사용할 수 있을듯 해요저희 아가 일 쯔음에 .였고지금 대략 . 정도 예상되는데 딱 정사이즈 느낌아기가 꿀벅지는 아닌듯 싶음. ㅋㅋㅋㅋ그나저나 많이 컸다. 처음 사용했을 땐기저귀가 너무 커서 달랑?거리는 느낌이었는데 ㅋㅋ지금은 이쁘게 딱 맞아 
 귀애랑보다 더 별로인 기저귀는 없을꺼야
 라고 생각하며 다음으로 구매해 본베피스 엑스트라 드라이팩 매입 팩 
 원. 장당 원꼴.와우 넘나 씐나는거구매했다 귀애랑에 대한 실망이 넘 컸던건지
 처음엔 그래
이게 낫구나. 싶었는데쓰면 쓸수록...넘나 별로인거....기저귀가 왜 이렇게 빳빳해요. ㅋㅋㅋㅋ밴드부분이 최고로 뻣뻣함기저귀 갈때 새 기저귀 밑에 깔고사용한 기저귀를 아기 다리 사이로 빼내면밴드가 안쪽 허벅지를 쓸고 올라오면서아기가 짜증을 낼 때가 있어요.소형인데
사실상 키로 까지 절대 못쓸듯사이즈가 많이 작게 나왔어요쓰다보면 허벅지가 조금씩 붉게 올라옴이거 먼저 쓰자 하고 제일 먼저 써버림...귀애랑은 가격보고 한번 더 사볼 의향은 있지만베피스는 절대 안살꺼야......... 
 오늘의 마지막
케이맘 처음 기저귀마더케이에서 나오는 기저귀 브랜드
케이맘인데요다른 기타 육아용품 준비하면서마더케이를 많이 이용해보기도 했고
 국산브랜드라 더욱 맘에 들었어요.그리고 디자인도 넘 아기자기한게 귀엽고 이뻐기저귀가 그렇게 저렴한 편은 아니던데
 핫딜로 팩 
 원에 가끔 뜹니다. ㅋㅋㅋ사이즈는 장당 원 꼴소량 들은거 있고
점보팩이 있음소량팩은 어디 외출할 때나 박일로 가볍게 여행갈때 들고 다니기 넘 편해요 
 디자인이 두가지임. 넘나 귀여워 ㅠㅠㅠㅠㅠㅠㅠ사이즈별로 다른 동물 디자인이라고 하는데아기여우 너무 이쁜거 아니니ㅋㅋ일단 촉감이 넘나 좋아요. 개취 바깥도 부드럽고
안쪽 엠보도 부드럽고뭔가 여태껏 사용해 본 기저귀랑은 다르다..흡수도 짱 조아 ㅎㅎ 밤기저귀로 낙찰 근데 아기가 서서히 통잠을 자기 시작하면서살짝 새더라구요. 큰사이즈로 해주면 나으려나??ㅠ발버둥 겁나 치다가 일어나서 보면 기저귀가내려가있기도 함.......이건 딸랑구 니 탓이다 ㅋㅋ시간 정도 까진 괜찮은데
 시간 넘어가면 좀 새요근데 이건 다른 기저귀도 마찬가지일거라는육아선배 친구님의 말씀 ㅋㅋㅋㅋ그렇다고 중간에 갈아주다가는 무조건 깨고...그냥 새면 옷을 갈아입혀주는걸로....ㅠ시간 통잠이 어디냐...감지덕지사이즈도 적당해요.인데 저희 아가 아직까지 무난하게 사용 중키로 들어서면 다음 단계로 한치수 업하시는 것도 좋을 것 같아요.케이맘 기저귀는 핫딜 뜨면 무조건 사는걸로최고당퀄리티 대비 인지도가 너무 없어서 슬프네 엉엉기저귀 비교 커밍순 .?신생아기저귀신생아기저귀.?기저귀추천기저귀추천 .?밤기저귀추천밤기저귀추천.?킨도올데이킨도올데이 .?귀애랑기저귀귀애랑기저귀.?베피스베피스.?마더케이기저귀마더케이기저귀 .?케이맘기저귀케이맘기저귀.?케이맘처음기저귀케이맘처음기저귀 .?밴드기저귀밴드기저귀 
.개월동안.아기 키우며 여러가지귀저기 를 거치고있다.처음 조리원쓰던 군 에서 시작해서 샘플로온 팸퍼스 까지 다양하게 써보았다.지금까지 다행히 발진은 없었다.군기저귀는 평타치는것같음 팸퍼스도 저녁귀저기로 괜찮은것같고 .군 계속쓰다가 선물받은게 있어서 갈아타봄.일본거라 찝찝 한게어느정도 있기도해꾸요.사용하는동안 발진도없고 별문제는 없슴미당ㅎ..우리아기는 발진은 없고.그냥 엉덩이 빨개진정도 .발진이 없어서 너무감사했다.암것도 모를때.엉덩이발진을 걱정하며물로씻기리라 천기저귀하겠다고 다짐했지만.쓸대없는걱정이었다..케이스바이케이스 겠지만.물티슈와 기저귀 잘갈아주고 엉덩이피부 관리만잘해줘도 발진이 없는것같다.지극히 내애기준으로ㅋㅋ..여기부터 기저귀 리뷰시작..가격.가격 순위는 저렴한 순으로 .베피스소프트앤핏 중형 매 최저가원.하기스매직핏남아용 단계만원중반.네이쳐메이드 남아용 단계 만원중반. 순이다. 길이및 샘방지선 비교베피스네이쳐메이드매직핏
 .베피스가젤 길고네이처가 젤 짧다사진상 잘나오진 않았지만 샘방지선과 뒷부분을잡아주는 선들이 베피스아주 깡깡해보인다특히베피스는 배꼽위까지올라와서갠적으로는 길게올라오는게 좋은것같음 
 .내부 흡수면 비교베피스네이쳐메이드매직핏
 .맨아래 찍힌 매직핏이 가장두꺼움 베피스가 가장얇음 흡수율면에서는 매직핏이 가장 난것같음.. .각각장단점 . 베피스.장점얇고 길고옆 밴드 도 탄탄해서 잘안샘앞뒤라고 써있어서 밴드보고 앞인지 뒤인지 안찾아도됨베뤼 굿.단점흡수력이 아무래도 얇다보니 다른기저귀에비해 자주갈아주면 상관없음. 
 .네이쳐 메이드.장점 개인적으로 디자인 좋음.기저귀닿는부분들이 좀 부드러운것 같음 특히 공용은 날개처럼 돼있던것 같음 밤부재질이라함 ..단점밤귀저기론 비추 이유는 가끔 샘 상대적 짧아서 그런것 같음 오줌많이 싸면 기저귀 무거움 
 . 매직핏..장점대체적으로 위 제품들의 단점을 커버 함 .단점약간 닿는면들이 뻑뻑하다고 느껴짐.나의생각.....위에설명했듯이.나는 발진예방을위해.최대한 피부자극 안하고 물티슈 로 닦은뒤.로션 발라주고 기저귀도 자주 갈아주고있음.종종.방수요나 속싸개 깔아주고 기저귀없이 있게하기도함좋다고 소문난기저귀들은.가격이 사악하다 보니 가격이저렴하고 가성비좋은 .베피스로 활동많은 낮에 사용하고.땀많은날엔 부드러운 내이쳐메이드 .잘땐 매직핏 착용하고있음..오늘도 소중한 울아기 뽀송뽀송 엉덩이를 위해 화이팅하세용♡♡.. .?기저귀기저귀.?기저귀사용후기기저귀사용후기기저귀추천.?매직핏매직핏하기스네이쳐메이드베피스. 
 베피스 써본 적 있는 맘들 기저귀 어떤가요? 무형광이래서 한번 써보려고하는데 어떤지 궁금해서요사용후기 부탁해요
베피스 드라이핏 팬티 기저귀 후기 
 아기가 돌이 지나니 신기하게도 아장아장 걷기 시작했다.추가로 밤에 자면서 몸부림은 덤그래서인지 낮에도 밤에도.. 새는 기저귀와의 전쟁이 시작되었다.낮에도 활발하게 놀고 나면 어느새 젖어 있는 바지특히나 밤에 바지가 젖어서 깨면 아기도 짜증
옷을 갈아 입히는 나도 짜증이 났다.국민 기저귀 브랜드를 쓰다가 주변 지인들에게 물어봐서 베피스를 구매해보았다. 
 특징밴드가 다르다기존 밴드는 기저귀 재질이 이어져 있어서 잘 늘어나지 않아 아기의 허리에 맞추기 위해 많이 늘려야 했고
 팬티 기저귀의 특성 상 위치를 잘 잡아주기 어려웠다.하지만 베피스를 처음 꺼내보고는 어머 이건 그믈 형태로 되어 있어 쑥 올라가고 아기 허리에도 착 붙는 것이 아닌가남편도 입히기 편하고 아기 허리가 땀도 안차고 좋아 보인다며 이걸로 바꾸자고 칭찬했다.
 특징옆샘 방지가 튼튼요즘 대부분의 기저귀는 옆샘 방지가 되어 있다지만 활달한 돌쟁이의 활동량을 잡아 주지 못했다 ㅠㅠ하지만 베피스는 옆 샘 방지선이 두꺼워서 아기가 마구뛰어 몸부림을 쳐도 아주 소량 새거나 새지 않는다내가 손으로 벌려 보아도 허벅지에 찰싹 붙어 있음특징무형광 제품으로 보송 보송기저귀가 다른 회사 보다 얇다는 느낌이 있다.그래서 금방 불어날 것 같지만 노노긴 외출 중에도 새지 않고 잘 버텨주고흡수량이 어마어마 하다시간 동안 잔뜩 싸도 새지 않고 모두 흡수해서 무거워질 정도특징다양한 디자인 아기는 모르지만 엄마에게는 중요한 부분기저귀를 매일 만지는 엄마에게 귀여운 디자인은 소소한 재미를 준다.덤으로 사진 찍기도 좋다 
뒤처리는 뒤에 붙은 테이프로 쓱 붙이고 휴지통으로 쏙 버리면 된다.
 아기도 편안해하고
갈아주는 엄마 아빠도 편안한 팬티 기저귀베피스 드라이핏 기저귀 
베피스 홈페이지 이벤트를 통해 제공받은 제품을 사용한 후 남기는 후기 입니다. 
 .뽀뽀가 생기기 전엔이벤트 같은 건 관심이 없었다..어쩌다 참여했어도 물론 당첨되어본 적도 없다ㅋㅋ.그런데 뽀뽀를 위해 참여해보는 이벤트는. 우리 복덩이 덕분인지 빵빵 당첨.덕분에 택배가 끊이지 않는 우리집ㅋㅋ.오빠가 퇴근 후 빈 박스를 보며 오늘은 또 뭐냐고...오늘은 뭐냐면 여기다 써볼게ㅎㅎ... 
 ..마더스베이비 수유브라. 
 ..마더스베이비 모유수유 응원 이벤트.나는 수유브라가 갖고 싶어서 소문내기 이벤트만.참여했는데 운 좋게 당첨됐다.😚. 
 ..바비즈몰에서 온 택배
수유브라가 들어있겠지.박스를 열면 예쁜 글이 쓰여있는 카드가 나온다..태어날 아가를 보고 하는 말인가?💕..살면서 첫눈에 사랑에 빠지는 일이 이렇게 또 생기네. 
 ..색이 아이보리다 블랙일 줄 알았는데.사이즈는 보통 두 컵 정도 크게 주문한다길래.타고난 내 덩치붓기 때문에 혹시 안 맞을까 봐.제일 큰 로 시켰는데..많이크다ㅋㅋ.살이 더더더 쪄도 여유 있게 입을 수 있겠다.🤣. 
 ..수유하기 편한 랩 스타일 어깨 끈도 편해 보인다. 
 ..넘넘 시원해 보이는 디자인
 .노 와이어라 더 편하고 단계 후크가 있어서 더 좋다..세탁해서 출산 가방에 넣어놔야지 잘 입을게요. 
 ..베피스 오버액션토끼 기저귀. 
 ..베피스 예비맘 모여라 이벤트.초음파 사진을 간단한 태그 몇 개랑 업로드 당첨. 
 ..택배 택배😆.뽁뽁이 밑에 귀여운 기저귀랑 물티슈가 들어있다.. 
 ..토끼 앞태 뒤태ㅋㅋ 너무 귀엽다ㅋㅋ.소형 매
유통기한도 빵빵해요.뽀뽀 좀 크면 쓸 수 있겠지💕. 
 ..오아 물티슈는 매 짜리.성분 좋고
유통기한도 넉넉하군요ㅎㅎ.기저귀랑 물티슈 잘 쓸게요
베피스. 
 ..마미포코 리프가닉 기저귀 . 
 ..온니유어리프가닉 캡쳐 이벤트.홈페이지에서 가족사진이나 아기사진을 담은.기저귀 디자인을 미리보기 한 후 캡쳐해서 업로드. 
 ..나는 뽀뽀 초음파 사진으로 응모했는데 당첨. 
 ..리프가닉 기저귀는 비닐에 왔어용. 
 ..우아 매 엄청 많이 들어있다.뒤쪽엔 안심하고 쓰라고 쓰여있다
안심 또 안심.유통기한 넉넉하고 이것도 소형이라 나중에 써야지.잘 쓸게요
마미포코..후기 쓰다 알았는데 마미포코가 일본.. 음...받은 건 잘 쓸게요.😅. 
 ..이상
당첨돼서 기분좋은 뽀뽀엄마 였습니다.😍. 
 .. .?이벤트이벤트.?이벤트당첨이벤트당첨.?출산준비출산준비.?임신주임신주.?임산부임산부. .?황금돼지띠아기황금돼지띠아기.?황금돼지띠예비맘황금돼지띠예비맘.?좋아요좋아요 . .?마더스베이비마더스베이비.?수유브라수유브라.?베피스베피스.?오버액션토끼오버액션토끼. .?신생아기저귀신생아기저귀.?마미포코마미포코.?리프가닉기저귀리프가닉기저귀 
 하기스
보솜이
마미포코 이런 종류의 기저귀만 쓰다가 밑에 글에베피스라는 기저귀가 있네요.기저귀를 한번 바꿔 볼까 해서요.사용하신 분들 후기 부탁드립니다.
 베피스 기저귀 밴드 쓰시는 맘님개월 남자아기 기저귀로 어떤지 혹시 제품 추천이나 후기좀 부탁드려요 
 베피스 기저귀 써보신분들 어떠셧어용?후기 좀 알려주세영 ㅎ
 개월 에너자이저 여아 맘 입니다..키로 꿀벅지구요.하기스만 쭉 써오다가아가가 하기스 테이프를 쭈욱 뜯어버리는 일 자주 발생꿀벅지 아가라 허벅지에 쬐는지 자국이 생기고뛰어다니면서 허벅지에 테이프가 쓸려 자꾸만 상처가 생겼어요.하기스에 테이프 마감을 둥글게 해달라고소비자 의견을 개진했지만 회신도 없고.. ㅎㅎ절이 싫으면 중이 떠나야지요. 과감히 하기스와 안녕을 고하고새로운 기저귀를 찾아 떠나기로 합니다. 인터넷에서 무료 샘플링을 구해볼까조동이나 문센 엄마들에게 두어개씩 빌려볼까하는데써봄이라는 사이트가 있더라구요. 여러 종류와 단계로개씩 구매를 할 수 있어요. 테스트해보고 결정하면 되겠다 싶어 빌려서 써봤을 때 좋았던 기저귀와좋다고 주워들은 기저귀들 주문개씩 비닐포장에 네이밍 잘 붙어 왔구요.사진 안 찍은게 아쉽네요.깔끔하게 왔어요구입한거 중에서 슈베스 빼고 하나씩 모아 찍어봤어요. 제가 젤 맘에 든 건비교할 수 있게 표도 만들어져 왔어요. ....... .......? 본문 이미지....... .......? 본문 이미지위에 사진은 함께온 비교표예요.제가 주문한 것들로 저렇게 오더라구요.생각나는대로 쓴거라 너저분해서 내용은 가렸어요.정리해서 후기 쓸게요. 저렇게 있으니 헷갈리지 않고 정확히 비교할 수 있었어요.주문한 기저귀는 모두 팬티형으로페넬로페 씬씬씬 단계여아슈베스 슈퍼슬림 단계공용펨퍼스 드라이 단계공용킨도 프리미엄 단계공용베피스 엑스트라소프트 단계여아입니다. .키로는 주로 단계 쓰는데주문할 때부터 크기가 작다는 평이 있는펨퍼스는 단계로 페넬로페와 킨도는 단계를 써봐서 꿀벅지 아가를 위해 크기 비교를 위해 단계를베피스와 슈베스는 정사이즈를 주문했어요. 기저귀 모두 흡수력 좋고 발진 없고 새지 않았어요.그래서 착용감이나 느낌으로 비교할게요.단점만 먼저 비교하자면팸퍼스는 기저귀 안 알갱이가 만져지고 냄새가 나요. 슈베스는 엉덩이쪽 기저귀 폭이 좁아요.페넬로페는 뜯을 때 힘이 들어요. 뜯다가 빡칠뻔.킨도랑 베피스는 다른 애들에 비해 뻣뻣하고 두꺼운 느낌.그래서 저는 슈베스를 한사이즈 업해서 단계로 구입했어요.부드러움과 얇음도 만족하고페넬로페에 비해 조금 저렴하고 잘 뜯겨서요.밤기저귀로 따로 하지 않아도 새지 않고 잘 잡아주네요. 무엇보다 땡땡이가 귀여워요. 기저귀만 입고 쏘다녀도 귀욤터지네요.기저귀 고민 중이 분들은 써봄이라는 사이트에서테스트해보세요. 좀 더 일찍 알았더라면 아가 허벅지 상처도 덜 생겼을텐데 미안해지더라구요. 
 천연코튼쓰는데 가격이절계속배신하구있네요ㅠ후기보면베피스괜찮던데쓰시는분들 밤기저귀로어떻나요?
.쾌적흡수더마테스트 인증.베피스 젠틀온 기저귀 체험단 명 모집. . .● 이벤트 안내. 응모기간월 일 월 일. 당첨자 발표월 일. 당첨상품베피스 신제품 젠틀온 기저귀 . 당첨인원명. . 체험제품 자세히보기.. ..● 덧글 신청방법 안내.. 이벤트 게시글을 본인 블로그와 로 스크랩 한 .. 베피스 젠틀온 기저귀가 필요한 이유.. 아기 성별개월 수기저귀 사용 단계. 사이즈대형특대형점보..● 후기작성 미션 안내. 맘스홀릭베이비 카페건블로그건. 후기 작성기간 목 까지. 후기 작성 시
아래 공정위 지시 문구는꼭 눈에 잘보이게 강조해서 삽입해주세요.. 예시 업체명 로부터 제품을 무상으로 지원받아 작성된 후기입니다.. 쾌적흡수로 아기 피부가 보송보송한 기저귀 내용 필수. 독일 더마테스트 최고등급 인증 받은 부드러운 쾌적한 팬티기저귀라는 내용 필수. 기저귀를 입은 아이의 모습 필수. 필수 태그 .?베피스베피스.?젠틀온젠틀온.?베피스젠틀온베피스젠틀온.?쾌적흡수쾌적흡수.?기저귀추천기저귀추천.?팬티기저귀팬티기저귀 그 외
기저귀 관련 태그..● 우수후기 당첨 안내. 우수후기 당첨 상품오닉피노유기농 순면커버 생리대 종 명. 우수후기 당첨자 발표수.. .?베피스베피스. .?기저귀기저귀. .?베피스기저귀베피스기저귀. .?기저귀체험단기저귀체험단. .?신상기저귀신상기저귀. .?베피스신상기저귀베피스신상기저귀. .?베피스젠틀온베피스젠틀온. .?젠틀온젠틀온. .?젠틀온기저귀젠틀온기저귀. .?더마테스트더마테스트. .?쾌적흡수력쾌적흡수력. .?흡수력좋은기저귀흡수력좋은기저귀. .?흡수기저귀흡수기저귀. .?독일더마테스트독일더마테스트. .?최고등급최고등급. .?부러움부러움. .?기저귀추천기저귀추천. .?기저귀체험단기저귀체험단. .?맘스클럽맘스클럽. .?체험단체험단. .?이벤트이벤트 
.베피스 기저귀 팬티형
밴드형 리뷰.. 
 발진이 잘 나는 아기라서여러가지 바꿔 써봤는데이건 무난히 잘 사용중이다.라서 권장사이즈대로 을 입혀보니작아서 꽉 껴서.... 로 써야한다.소변흡수 잘되고
새는것도 없지만밴드형보다는 소변이 금방 차올라 뭉툭해지고 무거워져서낮에는 팬티형을 쓰고
밤에는 밴드형을 쓴다.개인적으로 페넬로 팬티형과 비슷한 퀄리티 같고가격대비 좋아서 베피스를 계속 사서 쓴다. 
 이것도 권장사이즈 보고 사니 좀 작다.막 움직이다가 붙여놓은 밴드가 떨어져버림딸이 덩치가 좀 있는데몸무게가찍은 후부터는 사이즈로 입혔다.돌무렵 부터인듯.소변을 흡수하는 양도 많고
새지도 않아서외출할때랑 밤기저귀로 유용하다.자주 안갈아줘도 발진이 안나서편하다ㅋㅋㅋ엉덩이부분을 타이트하게 붙이지 않으면엉덩이부위가 떠서 소변이 새버린다.이건 다른 밴드형기저귀도 마찬가지일듯... 
 소형기저귀 때부터 쭉 써온 기저귀다.처음에는 저렴해서 구매했었고이후에 다른 기저귀도 이것저것 써봤는데엉덩이 발진 문제로 베피스로 정착.가격
흡수력
밴드늘림등여러가지 부분도 만족이다.다만 권장사이즈보다는 더 큰 사이즈를 주문해야한다. 주의하기내돈주고 사서 써본 후기.?베피스기저귀베피스기저귀.?.?팬티형팬티형.?밴드형밴드형.?발진없는기저귀발진없는기저귀 
 베피스 맞나요?밴드가 마미포코가 맘에 들어서 첫째 둘째 팬티부터는 계속 쓰고 있는데
이번여름 새로나온 쿨웨이브주위에서 베피스?가 마미포코 밴드랑 비슷하고 괜츈하다하길래..혹시 써보신분 계시면 후기좀 부탁드려요그리구.. 소프트? 뭐 그런 라인별로 있는것 같던데..그것도 알려주심 더욱 감사용
베피스 모션 핏 팬티형 기저귀 남여공용 특대형 단계 총 
 개 상품평의 평균 별점★★★★☆ 
.▼ 후기 및 제품정보 열기 ▼ 
품명 및 모델명
일회용 기저귀
 인증 필 유무
유★★★★
흰색 외
안감부직포
흡수층분쇄펄프
고분자흡수체
방수층폴리에틸렌필름
테이프재접착테이프
사용연령 또는 체중범위
동일모델의 출시년월
년 월
제조자수입자
주서림
제조국
대한민국
취급방법 및 취급시 주의사항
안전표시
제품은 아기의 손이 닿지 않는곳에 보관해주세요. 벌레나 이물질 등이 들어가지 않도록 밀봉하여 보관하여 주세요. 직사광선을 피해 서늘한곳에 보관해주세요.
품질보증기준
공정거래위원회 고시소비자분쟁해결기준에 의거하여 보상해 드립니다.
 제조년월일 ▷ 제조국 ▷ 대한민국개당 수량 ▷ 매수량 ▷ 팩단계 ▷ 특대 
상품평
최고 ★★★★★★☆
좋음 ★★
보통 ☆
별로 ☆
나쁨 ☆
사이즈
예상보다 작아요 ★
정사이즈예요 ★★★★★★★★
예상보다 커요 ☆
두꺼워요 ☆
보통이에요 ★★★★★★★★
얇아요 ★
 단계모션 핏 베피스 팬티형 특대형 남여공용 기저귀 
 예쁜 공주님에서는 여러 물건들을 지속적으로 소개해드립니다
물건 구매하시기 전에 공식 사이트에서 한번 더 정보를 확인해주세요. 
쾌적흡수더마테스트 인증베피스 젠틀온 기저귀 체험단 명 모집● 이벤트 안내 응모기간월 일 월 일 당첨자 발표월 일 당첨상품베피스 신제품 젠틀온 기저귀당첨인원명체험제품 자세히보기.. ● 덧글 신청방법 안내. 이벤트 게시글을 본인 블로그와 로 스크랩 한 . 베피스 젠틀온 기저귀가 필요한 이유. 아기 성별개월 수기저귀 사용 단계 사이즈대형특대형점보● 후기작성 미션 안내 맘스홀릭베이비 카페 건 블로그 건 후기 작성기간 목 까지 후기 작성 시
아래 공정위 지시 문구는꼭 눈에 잘보이게 강조해서 삽입해주세요. 예시 업체명 로부터 제품을 무상으로 지원받아 작성된 후기입니다. 쾌적흡수로 아기 피부가 보송보송한 기저귀 내용 필수 독일 더마테스트 최고등급 인증 받은 부드러운 쾌적한 팬티기저귀라는 내용 필수 기저귀를 입은 아이의 모습 필수 필수 태그 .?베피스베피스.?젠틀온젠틀온.?베피스젠틀온베피스젠틀온.?쾌적흡수쾌적흡수.?기저귀추천기저귀추천.?팬티기저귀팬티기저귀 그 외
기저귀 관련 태그● 우수후기 당첨 안내 우수후기 당첨 상품오닉피노유기농 순면커버 생리대 종 명 우수후기 당첨자 발표수 
 택배가 올일이 없는데 택배가 왔다는 거예요알고보니 베피스 오리엔탈 허브종에 당첨써보고 후기를 쓸까합니다....... .......? 본문 이미지....... .......? 본문 이미지베피스 오리엔탈 허브 워시거품이 잘 나요.향도 물론 좋구요부드럽고 보습이 오래가서 좋았어요워시는 머리부터 발끝까지 샴푸로도 쓰셔도 되요♡....... .......? 본문 이미지....... .......? 본문 이미지베피스 오리엔탈 허브 마일드 샴푸이건 레몬향같은데 제 스타일손에 문질면 거품나기가 조금 힘든데머리결에하면 두번만 돌려도 거품이 짱짱짱....... .......? 본문 이미지....... .......? 본문 이미지베피스 오리엔탈 허브 로션이 아이도 부드러우면서 잘 스며들었어요가벼운느낌인줄 알았는데오랫동안 머물고있어서 좋더라구요 굿굿....... .......? 본문 이미지....... .......? 본문 이미지베피스 오리엔탈 허브 수딩미스트전 미스트를 사용안해요있다하여도 그냥 방치?ㅋㅋ기저귀 발진용으로 쓰는데 쏘쏘 솔직히 금방날라가는 미스트는 전 잘 모르겠어요쓰는방법을 잘 몰라서 그런거일수도 있겠죠?....... .......? 본문 이미지....... .......? 본문 이미지베피스 오리엔탈 허브마사지오일이거 물건건조한부분에 썻는데 바로 스며들더라구요제손에도 바로스며들고 촉촉이건 재구매 의사가 있는 아이였어요....... .......? 본문 이미지체험단을 하면서 이아이 저아이 써보니 재구매의사도 있고 좋은 경험이였습니다감사합니다 
긍정이의 쾌적함을 위해 기저귀체험단 응모기저귀유목민 생활을 끝낼것인가?쾌적흡수더마테스트 인증베피스 젠틀온 기저귀 체험단 명 모집● 이벤트 안내 응모기간월 일 월 일 당첨자 발표월 일 당첨상품베피스 신제품 젠틀온 기저귀당첨인원명체험제품 자세히보기.. ● 덧글 신청방법 안내. 이벤트 게시글을 본인 블로그와 로 스크랩 한 . 베피스 젠틀온 기저귀가 필요한 이유. 아기 성별개월 수기저귀 사용 단계 사이즈대형특대형점보● 후기작성 미션 안내 맘스홀릭베이비 카페 건 블로그 건 후기 작성기간 목 까지 후기 작성 시
아래 공정위 지시 문구는꼭 눈에 잘보이게 강조해서 삽입해주세요. 예시 업체명 로부터 제품을 무상으로 지원받아 작성된 후기입니다. 쾌적흡수로 아기 피부가 보송보송한 기저귀 내용 필수 독일 더마테스트 최고등급 인증 받은 부드러운 쾌적한 팬티기저귀라는 내용 필수 기저귀를 입은 아이의 모습 필수 필수 태그 .?베피스베피스.?젠틀온젠틀온.?베피스젠틀온베피스젠틀온.?쾌적흡수쾌적흡수.?기저귀추천기저귀추천.?팬티기저귀팬티기저귀 그 외
기저귀 관련 태그● 우수후기 당첨 안내 우수후기 당첨 상품오닉피노유기농 순면커버 생리대 종 명 우수후기 당첨자 발표수 
베피스 젠틀온 기저귀 체험단 명 모집쾌적흡수더마테스트 인증 기저귀 ...?...? 
 .쾌적흡수더마테스트 인증.베피스 젠틀온 기저귀 체험단 명 모집. . .● 이벤트 안내. 응모기간월 일 월 일. 당첨자 발표월 일. 당첨상품베피스 신제품 젠틀온 기저귀 . 당첨인원명. . 체험제품 자세히보기... ..● 덧글 신청방법 안내.. 이벤트 게시글을 본인 블로그와 로 스크랩 한 .. 베피스 젠틀온 기저귀가 필요한 이유.. 아기 성별개월 수기저귀 사용 단계. 사이즈대형특대형점보..● 후기작성 미션 안내. 맘스홀릭베이비 카페 건 블로그 건. 후기 작성기간 목 까지. 후기 작성 시
아래 공정위 지시 문구는꼭 눈에 잘보이게 강조해서 삽입해주세요.. 예시 업체명 로부터 제품을 무상으로 지원받아 작성된 후기입니다.. 쾌적흡수로 아기 피부가 보송보송한 기저귀 내용 필수. 독일 더마테스트 최고등급 인증 받은 부드러운 쾌적한 팬티기저귀라는 내용 필수. 기저귀를 입은 아이의 모습 필수. 필수 태그 .?베피스베피스.?젠틀온젠틀온.?베피스젠틀온베피스젠틀온.?쾌적흡수쾌적흡수.?기저귀추천기저귀추천.?팬티기저귀팬티기저귀 그 외
기저귀 관련 태그..● 우수후기 당첨 안내. 우수후기 당첨 상품오닉피노유기농 순면커버 생리대 종 명. 우수후기 당첨자 발표수. .
..쾌적흡수더마테스트 인증.베피스 젠틀온 기저귀 체험단 명 모집. . .● 이벤트 안내. 응모기간월 일 월 일. 당첨자 발표월 일. 당첨상품베피스 신제품 젠틀온 기저귀 . 당첨인원명. . 체험제품 자세히보기... ..● 덧글 신청방법 안내.. 이벤트 게시글을 본인 블로그와 로 스크랩 한 .. 베피스 젠틀온 기저귀가 필요한 이유.. 아기 성별개월 수기저귀 사용 단계. 사이즈대형특대형점보..● 후기작성 미션 안내. 맘스홀릭베이비 카페 건 블로그 건. 후기 작성기간 목 까지. 후기 작성 시
아래 공정위 지시 문구는꼭 눈에 잘보이게 강조해서 삽입해주세요.. 예시 업체명 로부터 제품을 무상으로 지원받아 작성된 후기입니다.. 쾌적흡수로 아기 피부가 보송보송한 기저귀 내용 필수. 독일 더마테스트 최고등급 인증 받은 부드러운 쾌적한 팬티기저귀라는 내용 필수. 기저귀를 입은 아이의 모습 필수. 필수 태그 .?베피스베피스.?젠틀온젠틀온.?베피스젠틀온베피스젠틀온.?쾌적흡수쾌적흡수.?기저귀추천기저귀추천.?팬티기저귀팬티기저귀 그 외
기저귀 관련 태그..● 우수후기 당첨 안내. 우수후기 당첨 상품오닉피노유기농 순면커버 생리대 종 명. 우수후기 당첨자 발표수. .
쾌적흡수더마테스트 인증베피스 젠틀온 기저귀 체험단 명 모집● 이벤트 안내 응모기간월 일 월 일 당첨자 발표월 일 당첨상품베피스 신제품 젠틀온 기저귀당첨인원명체험제품 자세히보기.. ● 덧글 신청방법 안내. 이벤트 게시글을 본인 블로그와 로 스크랩 한 . 베피스 젠틀온 기저귀가 필요한 이유. 아기 성별개월 수기저귀 사용 단계 사이즈대형특대형점보● 후기작성 미션 안내 맘스홀릭베이비 카페 건 블로그 건 후기 작성기간 목 까지 후기 작성 시
아래 공정위 지시 문구는꼭 눈에 잘보이게 강조해서 삽입해주세요. 예시 업체명 로부터 제품을 무상으로 지원받아 작성된 후기입니다. 쾌적흡수로 아기 피부가 보송보송한 기저귀 내용 필수 독일 더마테스트 최고등급 인증 받은 부드러운 쾌적한 팬티기저귀라는 내용 필수 기저귀를 입은 아이의 모습 필수 필수 태그 .?베피스베피스.?젠틀온젠틀온.?베피스젠틀온베피스젠틀온.?쾌적흡수쾌적흡수.?기저귀추천기저귀추천.?팬티기저귀팬티기저귀 그 외
기저귀 관련 태그● 우수후기 당첨 안내 우수후기 당첨 상품오닉피노유기농 순면커버 생리대 종 명 우수후기 당첨자 발표수 
세벨귀 오버액션토끼 기저귀 
 베피스기저귀 신제품 
 안녕하세요. 짱짱맘이예요가끔은 예쁜디자인의 기저귀를 입고싶을때 있잖아요.근데 디자인만 이쁜기저귀일지 몰라서 쓰던걸로 쓰게되던때가 종종있었는데요.또 여름이 돌아오니 예쁜 기저귀를 채우고 싶은 열망이 생기네요그치만 또 맘에 안드는 기저귀일까 쉽사리 기저귀를 바꾸지 못하고 있었는데 제가 애용하던 베피스에서 여름을 맞이해서?벌써여름인가??여름 신제품으로 제가 정말 좋아하는 오버액션토끼를 캐릭터로 기저귀를 출시했더라구요. 
 어쩜 너무 기여운 오버액션토끼가 떡하니 그려져있는것도 모자라서 엉덩이에는 세젤귀라고 적혀있는데 완전 심쿵했답니다. 
 일부로 바지도 안입혔어요.날도 덥기도 하고 엉덩이에 적힌 세젤귀라는 단어도 보고싶었구요.정말로 너무 이쁘다는 말만 생각했었는데 세젤귀라고 떡하니 적혀있으니까 마치 이름표를 달아준것같이 너무 잘어울렸답니다.볼때마다 궁둥이를 팡팡 해주고플 만큼 너무 기여운 디자인이예요. 
 귀엽기만 하면 베피스가 아니죠?디자인도 귀엽지만 정말 엄청난 흡수력을 자라아한답니다뛰어난 뽀송함으로소변을 빠르게 많은양을 흡수 해서 쾌적함을 유지해줘서 더운여름에 기저귀발진에 대비할수가 있어요. 
활동적인 우리 짱짱이에게 샘방지가 정말 중요한데 안심 이중 샘방지 시스템으로 많이 움직여도 큰동작에도 옆으로 샘없이 편안하답니다.소변알림마크는 적은양으로도 노란색에서 초록색으로 바뀌어서 제때 우리 짱짱이의 기저귀를 갈아줄수가 있어요.
 신축성이 뛰어난 입체핏으로 엄청나게 움직이고 뛰어다니고 다리찍기도 하는 우리 짱짱이의 움직임에 있어서 편안하고 자유롭게 해준답니다. 
 정말 세젤귀 뒷모습이예요 
 예쁜디자인에도 뛰어난 기능성까지 더해서 제가 원하던 기저귀예요자주 이용하던 베피스라서 더 안심하고 이용할수가 있답니다. 
 예쁘기만하면 베피스가 아니잖아요.오버액션 캐릭터가 기저귀에 그려져 있어서 입을때마 너무 귀염터지고 통기성 소재를 이용해서 공기가 잘 통하도록 만들었답니다.기저귀 안까지 언제나 쾌적하게 유지해준답니다.요즘처럼 덥고 습한날씨에는 정말 제격인것같아요.여름기저귀로 베피스 오버액션 기저귀로 여름나보려고해요.오버액션 쏙 패드로 밤에 양이 많은 아이들에게도 좋답니다. 
 친절한 오버액션토끼와 곰이 뜯는곳까지 알려주네요.뜯는곳 찾기 어려운 기저귀도 많은데이런 친절함에 세심한 감동도 느꼈답니다. 
 이미지와 맞게 뛰어난 깔끔함으로 기저귀봉투까지 포함되어있어요.요즘엔 날이 더워서 매직캔에 그냥 버려도 버릴때마다 고약한 냄새가 올라오곤하는데 버릴때 오버액션기저귀봉투를 사용하면 정말 좋을듯해요. 
 사이즈도 넉넉해서 기저귀가 두개나 들어간답니다.일반 위생봉투와는 다르게 얇고 부드러운 촉감에 잘 찢어지지 않는 제질이예요.덕분의 기저귀 냄새를 잘 잡아주더라구요. 
 집에서도 요렇게 쓰지만 외출해서는 더 요기나게 쓸수 있을듯해요.매번 사용후 그냥 버리기 일쑤였는데 오버액션 기저귀봉투를 사용하면 보다 외출해서도 보다 깔끔하게 뒤처리를 할수 있답니다. 
 요즘은 길게 외출하는일이 많치 않아서 쓰레기통옆에 배치해서 매번 기저귀버릴때마다 사용하고 있답니다.덕분에 쓰레기통을 열때도 다용도실 공기도 너무 깔끔하고 냄새도 사라졌어요이제 냄새끝 
 ▼▼▼베피스신제품 오버액션토끼 기저귀 보러가기▼▼▼ 
 본 포스팅은 제품만을 제공받아 이용후 솔직하게 작성된 후기입니다. 
베피스젠틀온 체험단모집 이벤트 
 👇베피스 젠틀온 체험단 모집 이벤트👇 .... 흡수력 좋은 기저귀를 찾고 계신 분 모두 손 향상된 쾌적흡수력으로 우리 아이의 피부를 보송보송하게⠀누구보다 빠르게 베피스의 신제품 기저귀 젠틀온’을체험해보고 싶다면
우리 아이에게 베피스 기저귀 젠틀온이필요한 이유를 적어 댓글로 남겨주세요.⠀추첨을 통해 분께 신제품 젠틀온을 체험할 수 있는 기회를 드립니다.⠀☑ 기간 화월☑ 당첨자 발표 화 개인 으로 발표☑ 당첨 지금 바로 베피스 인스타그램 팔로우하고 친구까지 소환하면 당첨확률 ☑ 제공 상품 유형대형 특대형점보 팬티기저귀☑ 체험단 선정 주의사항 체험단 선정 시
기저귀 신제품 베피스 젠틀온이 배송되며 이에 대한후기를 개인 에 꼭 올려주세요. 이에 대한 동의가 어려울 시
당첨은 취소됩니다. 
 사진 설명을 입력하세요.사진 설명을 입력하세요.사진 설명을 입력하세요. 
하...이건 너무 오래전에 받은 이벤트당첨선물무슨 이벵이었는지조차 기억이 나질 않는다ㅠㅠ뭐였더라 뭐했는데 이게 왔더라?에휴 이 망할 기억력 ㅋㅋㅋㅋㅋ베피스 기저귀팩베피스퓨어종을 받았어요.임신후부터 여기저기 다니며 받은 기저귀가 벌써 꽤 되는 것 같네요.기저귀는 많을수록 좋다는 선배맘들의 얘기를 귀담아 잘 쟁여두고 있는 중 ㅋㅋㅋㅋㅋ 
 베피스 기저귀남녀공용이구요 소형 장씩 들어있어요.한달 이후부터 까지 사용할 수 있다는 이야기겠죠?기저귀 잘 몰라요 
 뒷면에는 베피스 기저귀만의 특징이 상세히 적혀 있어요.엑스트라 소프트 패드 피부와 닿는 접촉면의 부드러운 감촉이 아기피부를 포근하게 감싸 줘요부드러운 접착 벨트 접착력이 좋아 착용감 우수하고 버릴때도 깔끔하게 정리가능해요안심 이중 샘방지 시스템 움직임이 많아도 샘 걱정없이 안심 사용가능해요배 길어진 허리밴드 신축성이 뛰어난 허리밴드가 허리를 감싸 더욱 편안해요엑스트라 드라이 시스템 많은 양의 소변을 빠르게 흡수해 아기엉덩이가 항상 보송보송우수한 통기성 통기성소재를 사용하여 기저귀 안까지 쾌적하게 해줘요편리한 소변알림마크 소변을 보면 소변 알림라인의 색이 노란색에서 초록색으로 바뀐대요. 
 기저귀 타입별로 사이즈 안내도 나와있어요.전 아직 뭐가뭔지 잘 감이 안오지만 출산하고 나면 그땐 이해가 확실히 쉬워질 듯 ㅎㅎ아기들은 폭풍성장하기 땜에 사이즈 사기에 살짝 애매할 때는 한사이즈 큰 걸 사서 채워줘도 좋대요. 
 요건 베피스 퓨어 베이비 모이스춰 로션과 헤어바디워시깜찍한 샘플이예용 샘플이라 어디 갈 때 유용하게 사용할 수 있을듯해요.내가 기저귀를 받게되다니....유서방도 신기한 듯 계속 이리보고 저리보고 ㅋㅋㅋㅋㅋ어떻게 생겼을지 뜯어보고싶은데 새거라 뜯지도 못하겠네요막달되면 그 때 기저귀함 하나사서 정리해야하니 그 때 오픈하는 걸로 ㅋㅋㅋㅋ베피스는 다양한 이벤트도 많고 아기들을 위한 용품도 많아서 참 좋아요.앞으로도 쭈욱 응원할게요.이벵당첨 기저귀 감사해요 잘 사용할게요 ♥ 
 군마미포코보솜이 써봤는데또 다른거 써보고싶어요 ㅋㅋㅋ리베로
 베피스
 수퍼대디
 데디베이비 기저귀 후기알려주세요
 베피스 기저귀가 저렴하길래 한번 써볼까하는데 사용해 보신 맘들 후기 좀 부탁 드려요. 흡수력은 괜찮은지. 새지는 안는지. 발진 등 아무거나 아시는데로 댓글 부탁 드려요
 국산 쌍용제지에서 만들었다는 기저귀인데요써보신분 계심 후기좀 알려주심 감사요가격이 엄청 저렴이라 네이처메이드사던 가격에 비함 거의 .배인데 왕창사놨다 안맞을까봐 걱정도되구별 쓸데없는 걱정부터 하고 있네요ㅎㅎ
 한번도 사용해본적없어서 사용해보신분들 혹시 후기좀 알려주심 안될까요?
 기저귀 사용후기 탄
기저귀 비교 및 장단점베피스
 나비잠
 ”네이쳐러브메레
 에코제네시스 
. 베피스 소프트핏 중형 
으로 사이즈를 제작하여 아기가 쯤 되었을 때
다른 기저귀 중형에 비해 허벅지 조임 없이 쓸 수 있는 기저귀. 다른 중형들 보다 조금 더 길고 직접 채웠을 때도 널널하다는 느낌이 들었다.형광물질이 들어가지 않은 기저귀라는 점이 제일 큰 장점이며 가격이 낮은편이라 가성비가 좋다. 앞
뒤 구분이 정확하여 할머니
할아버지들이 봐주실 때잠시 아기를 맡기는 경우ㅎㅎ 혼동 없이 유용할듯하다. 소변 흡수후 기저귀 안쪽 색이 노랗게 변하며 가끔 겉으로 보기에도 노랗게 변한게 희미하게 비침. 기저귀를 그냥 만졌을 때 알갱이 같은게 좀 만져지는편. 팩 매이며 팩에 원에 구입. 한 매당 원 정도.. 나비잠 매직 슬림 소프트 중형사이즈 
왼쪽부터 차례로 베피스
나비잠 매직 슬림 소프트
나비잠 프리미엄 울트라씬 
다른 기저귀들 보다 얇은편이며 겉과 안의 소재가 부드럽다. 나비잠 기저귀 자체의 특징이자 장점인듯 함. 흡수력도 괜찮은 편이며 소변 흡수 후 한쪽으로 쏠려 뭉침이 없다. 기저귀 발진이 적어 주변에서 많이들 사용하고 있었다. 매주 수요일 마미다닷컴나비잠 공식 홈페이지에서 시마다 댓글 이벤트를 실시한다. 명을 선정하여 무료 샘플 매를 랜덤으로 보내주니 직접 사용해보고 구입하는 것도 좋을 것 같다. 중형 팩에 매입이며
매당 약 원 정도에 구입 가능하다.마미다닷컴 홈페이지 정가. 나비잠 프리미엄 울트라씬 중형사이즈 
매우 매우 매우 얇은 초경량 기저귀. 위쪽의 매직 슬림도 얇은편인데 이것보다 더 얇다는게 만졌을 때도 느껴진다. 아마 얇아서 기저귀 발진이 없다는 말이 나오는 것 같다. 주변에서 인생기저귀
기저귀종착역이라고 칭찬이 자자하던데 그 이유가 얇지만 강한 흡수력이 아닐까 싶다. 약간의 단점이라면 패턴이 진한 기저귀라 소변선이 한눈에 확 들어오지 않았다는 점이며
재구매하여 사용하였다. 중형 팩에 매입이며
매당 약 원 정도이다.마미다닷컴 홈페이지 정가. 네이쳐러브메레 더 슬림 밴드 중형 
슬림형은 매우 슬림하다. 얇기는 나비잠 울트라슬림과 유사한? 혹은 더 얇은듯 싶을 정도로 매우 슬림한 기저귀. 흡수 좋고 소변 후 손으로 만져도 축축함이 없으며 역류가 없다. 촉감도 부드러워서 재구매 의사가 높았다. 여름 기저기로 완전 추천ㅎㅎㅎ 약간의 단점 아닌 단점이라고 한다면 양쪽이 붙어있어서 많이 울고 성격이 급한 아기가 사용하려면 미리 펼쳐놓을 필요는 있겠다. 사실... 단점이 별로 없어서 이거라도 적어보아요. 팩에 매입이며
매당 약 원 정도이다.티몬 꿀딜가. 에코 제네시스 인펀트 밴드형 사이즈 
영국제 친환경 기저귀로 옥수수 추출원료 인지오 원단으로 만들어져 개월 이내에지연분해 된다는 자연친화적 기저귀. 두께는 좀 있는편이며 흠수는 좋은편이나 기저귀에 무늬나 오줌선이 전혀 없다. 소변확인은 만져보아야 알 수 있어 불편함은 있었다. 바로바로 갈아주지 못한다는 단점. 곡물 추출 원단을 사용하여 기저귀 발진을 줄였다고 하지만 소변 후 만져보면 덜 흡수된 느낌이 있었다. 가격이 좀 사악하지만 좀 더 좋은걸 주고 싶은게 엄마 마음이니까. 그리고 환경을 생각한다면 더할나위 없다. 인펀트 팩에 매이며
장당 약 원 정도이다.홈페이지 정가 
 무료임신축하선물 베피스 기저귀 당첨 후기 
일등맘 카페 이벤트로 한달에명씩 
무료임신축하선물이 매달 랜덤추첨으로 베피스 기저귀팩을 무료로 보내주고 있습니다 .원래 경품운은 지지리도 없는 저이지만 
혹시나 해서 신청했더니 이렇게 당첨되었네요짝짝짝짝득템했다고 혼자 자축하고 있어요 . 경사났네아싸월에 당첨되서월월에 받았으니 배송도 당첨소식받고일주정도 걸린거 같아요 . 아직 첫아이 임신중이라 기저귀에 대해서 잘 몰라서 베피스 기저귀에 대해서 알아봤어요 .
아기에게 해로운 성분이 없고 
모든 제품에 전성분과 제조일자가 표기 . 피부자극 테스트 무자극 판정 . 인증 . 다이옥신 불검출. . 유해물질 테스트 검출 없음 . 위생적인 자동화 생산 시스템국내생산
베피스 소프트앤핏 만의 편안한 기저귀 . 소프트한 감촉 패드 . 소프트 시크릿 혹 . 와이드허리밴드 . 엣지 롱 벨트 . 안심이중 샘방지 시스템 . 편리한 소변 알림 마크 .입체 슬림핏 
우리아이 성장에 따라서 사이즈 맞게 선택해서 쓰면 될꺼 같아요 .제가 받은건 소프트앤핏 소형 으로 울 제제 태어나면 사용하게 될 첫 기저귀가 되겠네요 .
신생아때는 하루에개정도 기저귀를 갈아야 한다고 하던데 
일등맘 산모교실에서 무료임신축하선물로 받은 베피스 기저귀 너무너무 감사해요울 제제가 사용하게 될 날을 기다리며 ...신청은 일등맘 산모교실카페에서 가능하고 
예비맘분들 신청하셔서 이런 기회 놓치지 마시고 모두 당첨 되셔서 아이에게 좋은 선물이 될 수 있으면 좋겠네여 . 물론 랜덤 추첨이긴하지만 제가 당첨된거 보니깐 당첨 확률이 매우 높은거 같아요 . 
 팬티기저귀
하... 베피스 기저귀 대형 구매 후기 
하............ 
저는 지미니 기저귀를 에서 구매합니다.베피스 역시 에서 구매했구요.원 할인 쿠폰 뭐 이런거까지 해서 상당히 저렴하게 구매했는데...........싸긴 정말 싸요. 저렴해요. 
세일이고 겹쳐서 무려 박스나 구매했지뭡니까.팩박스 였던것 같아요.베피스 모션핏 타이틀이 좋아서 구매했는데....결론은 실패였어요. 
지미니 팬티기저귀는팸퍼스 팬티기저귀를 썼었어요.하지만 토마스 기저귀가 유해물질 발견이라는 보도가 뜬 뒤로마트에서 사라져버렸답니다.저 또한 그걸 더 이상 쓸 수 없었죠.그래서 팬티기저귀 정착을 위해 이것저것 써보는 중이에요.지미니에게 베피스는 실패에요.예전에 밴드기저귀로 쌍용 기저귀를 쓴 적이 있었는데 그 때 실패했었거든요.근데 거기랑 같은 쌍용이 만든 팬티기저귀랍니다. 
문제가 뭐냐면서있을 때는 팬티기저귀가 괜찮은데...눕거나앉거나주저 앉거나기대거나 하면 기저귀가 샙니다.우리지미니가 웬만한 팬티기저귀 흡수율을 못당해서팸퍼스 토마트 팬티기저귀만 쓴 것도 있는데..이건 너무 많이 새서ㅜㅜ 도저히 쓸 수가 없었어요.잠잘 때는 더더욱 안되구요.베피스 기저귀 너무 많이 새서 거의 매일 이불 빨래를 했었네요.이제 겨우 팬티기저귀 정착하려하는데최근에 정말 다양한 팬티기저귀를 사서 썼기 때문에 후기 공유 할게요
 ◆ 베피스기저귀 나눔이벤트기저귀 필요하세요? ◆ 
베피스기저귀 나눔이벤트 신제품 드라이핏 기저귀 나눔해요안녕하세요 이번 포스팅은 아기엄마
 아빠들이라면 좋아할 내용입니다 거두절미하고..
기저귀 나눔해요 
필요한 분들 무브무브 
제가 친구의 서포터즈 활동으로 알게되어베피스맘 기를 지원하고 당선되어활동을 하고 있어요.어느덧 해단식까지 마치고 아쉬운 마무리를 하게 되었답니다.지금까지 서포터즈를 여러개 해봤지만 정말 꿀서포라고 할만큼부담을 주지 않았던 이 곳.육아하느라 힘든데 굳이 컴이나 폰에 붙들려야 겠냐며정말 편안하게 해줬던 베피스맘.아기용품 뿐만 아니라 생활용품 이모저모를 체험하며제품에 대한 의견도 내고 제안을 하며함께 같이 즐거운 시간을 보냈던거 같네요.덕분에 여러 육아맘들과 여러 정보를 공유할 수 있게 되었고저에게는 참 의미있고 좋았던 개월이였습니다.보면 제품도 정말 좋았고 사용감도 좋은데홍보가 덜되서 잘 모른다는게 조금 아쉽더라고요..그래서 서포터즈를 떠나 엄마의 입장에서이 기저귀 진짜 괜찮았다 라고 입을 모아 칭찬했던기저귀
드라이핏을 나눔하려고 해요이번에 신제품으로 나온 아이기도 해요. 
움직임이 편한 기저귀로 
활동성을 고려한 아기들을 위한 드라이핏.편안한 
스포츠웨어 타입으로
좀 더 통기성이 좋고 편한 착용감이 특징인아기기저귀 입니다.저희 이번 기 오프모임을 통해서다양한 라인을 겸험해 봤는데이 제품에 대해서 평이 굉장히 좋았거든요 
제가 사용하고 강추하는 안심 무형광기저귀기도 합니다.사용 후기는 위에 참고해보아요 
베피스 드라이핏의 특징은 홈페이지로도잘 나와있는데요.아이에게 편안한 착용감을 주고게다가 성분도 안심할 수 있고
 흡수력이 좋기 때문에아마 이 기저귀를 사용해본다면만족도는 높을꺼라 예상합니다 
이 리뷰에 적힌 상황의 똥찬이는개월차
.킬로 약간 슬림한 타입이예요.
착용컷
이니 참고하시고요. 
나눔이벤트 공지. 
◆이벤트 기간 월 일 일수요일
첨자발표 월일 자정까지
◆나눔기저귀 드라이핏 팬티기저귀인당 팩 대형 특대형점보중 택
◆당첨인원 명 인스타도 올릴껀데 통합명참여방법
. 을 이웃추가.. 이런거 없어요. 전 소통을 여유있을때만 해서 굳이 안해도 상관없어요ㅋ저도 제대로 못하는걸 후기만 잘 써주세요뭐 제 블로그에 관심이 있다면야.....
.이벤트내용을 스크랩공유 해주세요.
.공유 과 베피스 기저귀를 사용하고 싶은 이유
댓글로 작성해주세요.
 비댓글로 싸이즈
받으실분 성함
연락처등
배송정
보를 알려주세요.
 주소취합기간이 딜레이되는걸 막기 위해
한번에 받으려 합니다. 이벤트 끝나면 정보삭제할께요
 나눔이벤트 당첨자 미션본인블로그베피스홈페이지 리뷰작성선정은 제가 임의로 할껀데성의 있는 써주실 분들을뽑으려 합니다. 
참고로 싸이즈 정보예요.저는 아들내미한테 넉넉하게 특대형으로 입힙니다.흘러내림없이 잘 맞아요. 
기저귀 필요한 분들 지원해주세요 
 페넬로페
하기스
토디앙핑크퐁
베피스
보솜이 여아 팬티기저귀 사용후기 
미니미는개월키로 넘는 몸무게로허벅지가 굵은 여아입니다 
한달전 찍은 사진으로 지금은 더 나 갈꺼예요 
우리 아이 다행히 기저기 발진 없어서엄마 취향대로 여러가지 종류 다 쓰는 중 
왼쪽 위에서 부터베피스 
보솜이 토디앙 핑크퐁 
페넬로페 
하기스
베피스 대형 보솜이 특대형 토디앙 핑크퐁 대형일어서거나 걸음마 걷는 아기페넬로페 대형 하기스 대형 걷기 시작하는 아기 
하기스와 네이처메이드 다들 많이 쓰시던데저는 흐느적 거린다는 느낌이라고 할까요?빳빳하지 않은 느낌이 싫더라구요개인적은 느낌이니 참고만 하세요올여름 페넬로페 많이 썻었어요페넬로페 밴드형 빳빳하니 괜찮았거든요그래서 여름에 쓰던거라 지금페넬로페 대형 는 우리 미니미에게 지금 작아요 
앞뒤 
밴드형이랑 팬티형 두 종류 번갈아 쓰고 있구요팬티형 밴드형 비율로활동이 많고 가만누워있지 않으므로 팬티형 기저귀를 많이 애용 하고 있어요 
소변줄 
안쪽면 
옆라인 
늘어남 
착용모습뒷처리 
페넬로페. 허리밴드잘늘어나고 부드러움. 소변줄선명하게 나타남. 흡수율밤새 기저기 갈아주지 않았는데 나름 흡수율도 좋음. 발진올여름 큰 발진 없이 잘 씀. 옆라인 샘방지이중 구조단점 기저기 뜯을때 너무 질겨서 뜯어내기 힘듦 
소변줄표시없음 
안감 
옆라인늘어남 
토디앙 핑크퐁. 허리밴드잘늘어남. 페넬로페에 비해 조금 거침뜯을때 쉽게 뜯어지는 편임. 소변줄표시가 없음 그래서 귀저기 갈아줄때 만져서 확인함. 흡수율귀저기 교체시기를 만져서 확인그만큼 흡수율은 조금 떨어짐. 발진큰 발진 없음. 옆라인 샘방지넓은 이중 구조라 착용후 재정리 안해서 편함단점 기저기 뜯을때 쉽게 뜯어지니 기저기 입힐때 뜯어지는 경우가 종종 있음 
소변줄 
안감 
옆라인 늘어남 
베피스. 허리밴드잘늘어나고 두번째로 부드러움. 소변줄선명하게 나타남. 흡수율보통. 발진없음. 옆라인 샘방지이중구조 
소변줄 
안감 
옆라인늘어남 
착용모습 
보솜이. 허리밴드허리밴드 뿐만이라 전체적인 촉감은 가장 부드러움. 소변줄선명하게 나타남. 흡수율좋음. 발진없음. 옆라인 샘방지이중 구조단점큰 단점은 그닥 못느낌
디자인 면에서 다른것과는 조금 흐리다고 해야할까? 
소변줄 
안감옆라인 
하기스. 허리밴드고무로만 되어있는 기저기와는 착용감은불편할수 있으나기저귀 교체시 뜯기엔 편함. 소변줄선명하게 나타남. 흡수율나쁘지 않음. 발진큰 발진 없음. 옆라인 샘방지이중 구조단점마지막 뒷처리시 붙이는 부분에서 약간 불안함 큰 단점은 아님 
베피스
페넬로페보솜이
토디앙 핑크퐁하기스 
피부 접촉 부위 촉감베피스보솜이하기스페넬로페토디앙 핑크퐁아주 지극히 개인적인 후기이므로 참고만 하세요협찬 없이 모두 사서 써본 후기입니다 
 무형광기저귀 베피스 새지않아서 좋다 
무형광기저귀 베피스 새지않아서 좋다 
 아이기저귀는 참 브랜드가 많은거같아요 체험단도 많이되서 사용도 해보곤 했지만 꿀벅지나 뱃살이 있는편인 아이들은 사실 하기스만한게 없더라구요 매직밴드가 배에 자국도 남지않고 기저귀 갈때도 편했거든요
밤기저귀는 하기스 오버나이트를 사용중이고 낮기저귀는 이 제품으로 정착한지 좀 됬어요 ㅎㅎ 
 일단 첫번째로 밤기저귀로 채워도 괜찮더라구요
새지않고 물론 물을 옴팡지게 많이 먹은날은 중간에 한번 갈아줘야하는데 이건 하기스 오버나이트도 마찬가지구요 ㅎㅎ 그리고 무엇보다 소프트밴드라서 정말 아이 배에 자국도 생기지 않고 부드러워요 이중 샘방지 때문인지 이 기저귀를 차고는 한번도 샌적이 없어요 ㅎㅎ 
 태오는 이제 막 갤 접어들었꼬 키가 에 몸무게는 키로 돌파해서 사이즈를 사용하고 있어요 ㅎㅎ 
 한달 전 제조된 제품이에요 그리고 무엇보다 오픈했을때 간혹 다른 기저귀들은 화학냄새가 나는 경우도 있는데 이제품은 화학냄새를 느껴본적이 한번도 없어요
그래도 전 늘 한팩씩 다 뜯어서 바구니에 보관하면서 사용중이랍니다. 
 맨첨에 이 기저귀 받고나서 뜯는곳을 한참 찾았더랬죠 ㅎㅎㅎ 보통 윗부분에 있는데 이건 밑에 절취선이 있더라구요 ㅎㅎ
 똑같은 사이즈인데 디자인은 가지에요 ㅎㅎ 근데 사실 디자인보다 기능에 더 충실한게 좋기때문에 디자인이 아무리 이뻐도 그냥 저냥이더라구요 ㅎㅎ 그리고 베피스의 좋은점은 기저귀를 돌돌 팔아서 고정하는 테잎 부분이 강한편이에요 ㅎㅎ 나비잠을 사용할때는 바지입힐때 뜯어지고 돌돌 말아서 고정하면 풀러지고 진짜...몇번 그러니까 승질나더라구요 ㅎㅎ 
 제가 말한 뒷면에 테잎 부분입니다. 정말 강한 편이에요 ㅎㅎ 옴팡지게 젖어서 묵직해서 빵빵해도 절대로 풀린적이 없어요 ㅎㅎ요즘 자기 기저귀는 자기가 버리고 있는데 가다가 떨궈도 안터지더라구요 ㅎㅎ 
 제가 낮기저귀도 하기스를 쓰다 갈아탄 이유는 바로 바로 너무 새서였어요 ㅠ ㅠ 이번에 리뉴얼된 제품 후기들도 보면 아시겠지만 개인적으로 사용한 후기들 보면 샌다는 의견들이 굉장히 많아요 ㅠ ㅠ 그 전 제품도 사실 자주 새는 편이어서 이불빨래를 거의 틀에 한번씩 했는데도 사용했떤 이유는 허리 매직밸트때문이었어여 ㅠㅠ 후기가 좋아서 저역시 베피스를 구매해서 사용해봤는데 정말 배부분이 쪼이지도 않고 새지도 않고 만졌을때 부들부들하고 발진도 없어요 ㅎ 그리고 무엇보다 무형광기저귀라는점그리고 가격도 아주 착해요 장당 원도 안되는 꼴이고 쿠팡에서 정기배송도 되서 더 할인 받으실 수 있답니다 ㅎㅎ 저도 이번에 박스를 주문햇네요새지않고 발진없고 허리나 허벅지 쪼이지않는 기저귀 찾으신다면 베피스 추천해드려요 
 베피스기저귀 바람아솔솔아 베피스 나눔이벤트 모집해요 
안녕하세요 진우맘이예요베피스기저귀 나눔이벤트 한다고 알려드렸는데 이제서야 포스팅 남기네요...ㅠㅠ아이들 없을 때 포스팅해야하니 작업할 시간이 충분치 않네요.....이제 날이 더워지니 슬림핏 기저귀 또는 여름기저귀 찾으시는 분들 많으실텐데 통기성 좋은 기저귀인 베피스기저귀 사용해볼 수 있는이벤트가 있어서 진행해보려해요관심있으신 분들은 참여방법 확인하시고 신청해주세요기한이 오늘까지라 최대한 빨리 해주시면 감사드려요.... 
체험해볼 수 있는 기저귀가 바로 베피스 바람아솔솔아 기저귀예요첫째둘째 사용중인데 얇고 흡수력도 괜찮아서 만족하는 기저귀랍니다통기성이 좋아서 땀이 좀 나도 엉덩이가 빨개지거나발진이 나지 않더라구요참고로 두 아들이 가만히도 안 있는 아가들이라 땀이 좀 많아요ㅎㅎㅎㅎ... 
베피스기저귀가 안심이 되는 건 바로
무형광기저귀 라는 것기저귀에 형광물질있다는 사실 아셨나요?? 전 베피스기저귀 접하면서처음 알았던 사실이였어요....ㅠㅠ그동안 타 브랜드 기저귀에서 발진이 있었던 이유가 다 있었더라구요....베피스는 안에는 물론이고 겉
테이프까지 다 형광증백제 불검출이라니믿고 사용할 만하죠 
베피스 나눔기저귀 이벤트 참여방법 
이벤트기간월 일 금요일당첨자발표월 일 토요일명참여방법진우맘 과이웃추가 해주세요 애정이웃 선호해요ㅎㅎ이벤트 페이지 스크랩공유해주세요공유한 과 베피스 기저귀 사용해보고 싶은 이유
사이즈 댓글로 남겨주세요 
당첨되신 분들은 본인 블로그 및 베피스 홈페이지에 후기 작성해주셔야해요기저귀만 받으시고 후기 안써주시면안되세요ㅠ.ㅠ월 일까지 베피스맘 베피스서포터즈 모집중에도 있으니참여하시고 베피스 제품들도 사용해보세요베피스맘 강추해드려요신청하실 때 진우건강이맘 추천 이라고 적어주시면 감사요♥♥♥ 
임신 축하박스
지금 신청하세요
앙쥬를 비롯해 각종 육아 관련 업체에서 임신부를 위한 임신출산 축하박스를 증정하는 이벤트가 진행되고 있다. 선물 구성도 실용적이고 정기적으로 진행되고 있어 당첨 확률도 높지만 몰라서 놓치는 경우도 많다. 임신을 축하하고 선물을 증정하는 곳을 소개한다. 
최고 경쟁률을 자랑하는 베스트 축하 박스 앙쥬
임신부 샘플팩 
’ ... 
...매거진 앙쥬에서는 매달 임신부를 위한 임신부 샘플팩’을 증정하고 있다. 기존의 임신·출산 관련 브랜드 에서 운하는 것과 달리 다양한 브랜드의 제품이 들어 있어 임신부들 사이에서 입소문이 나 있다. 매달 샘 플팩의 품목이 달라져 각 시즌에 맞는 제품과 새로 나온 제품을 사용해볼 수 있으며 샘플뿐 아니라 정품 도 다수 포함되어 있어 만족도가 높다. 선정 인원이 많은 데도 불구하고 경쟁률이 매우 높다. 치열한 경쟁에 서 당첨되려면 앙쥬 인스타그램과 네이버 포스트를 팔로잉하고 신청 기간이 시작되는 매월 일에 홈페이지 에 접속해 재빨리 신청해야한다. 신규 가입한 달에만 신청할 수 있지만
당첨되지 못한 임신부들을 위해 매 월 일부터 말일까지 명 선착순으로 임신육아생활용품팩’을 증정하는 이벤트도 진행한다. 임신육 아생활용품팩 신청 방법은 임신부 샘플팩 신청과 동일하다. 또한 샘플팩을 받은 사진과 함께 후기를 남기 면 홈페이지에서 사용할 수 있는 마일리지를 받을 수 있다. 신청 대상 앙쥬에 신규 가입한 임신부매달 명신청 기간 매월 일말일 신청 방법 앙쥬 홈페이지에 회원가입 후 이벤트앙쥬 샘플팩’ 메뉴에서 신청한다. 출산 예정일과 임신 증거 자 료를 등록한다. 선물 구성 임신육아 관련 용품 품목은 매달 조금씩 변경됩니다 . 
남양유업
해피마미박스 
임신출산 축하박스 
’ .. .. 기저귀와 앙쥬백과가 증정되는데
기저귀 단계는 등록된 자 녀 정보에 따라 자동 선택되어 발송되므로 사이즈가 맞지 않아 사용하지 못하는 건 아닐까 우려하지 않아도 된다. 신청 대상 임신부부터 출산 일에 해당하는 엄마 회원 중 남 양아이 마케팅 수신 동의 및 자녀 정보출산 정보를 등록한 회원 신청 기간 상시 신청 신청 방법 홈페이지 회원가입 후 해피마미박스’ 메뉴에서 신청 선물 구성 앙쥬백과 권
하기스 기저귀 소형 또는 중형 품목은 내부 사정에 따라 조정될 수 있습니다 . 
매일유업 마더박스’ .. .. 총 종으로 구성되어 있으며 신청 방법만 지킨다면 모두 받 을 수 있으므로 신청 기한을 꼭 지킨다. 신청 대상 임신부부터 출산한 지 일 이내에 해당하는 엄마 회원 신청 기간 회원 정보 등록일로부터 일 이내 신청 방법 홈페이지 회원가입 후 마더박스 신청하기’ 메뉴에 서 원하는 박스를 선택 선물 구성 ①임신 축하 박스임신임신 주 시기 추천하기스 네이처메이드 단계 기저귀 낱개 입
앱솔맘 식이섬유주스 오 렌지 입
매일두유 .식이섬유 각 입
소화가 잘되는 우유 입
난쟁이 똥자루 손싸개 키트
앱솔맘 입 ②출산 기쁨 박 스임신 주출산 일 시기 추천 ③육아 응원 박스출산일일 시기 추천품목은 내부 사정에 따라 조정될 수 있습니다. 
베베폼
임신 박스 
’ ... ... 구성이 알차고 가격대가 높아 경쟁률이 높은 편이다. 신청 대상 임신부매달 명 선정 신청 기간 월말익월 말매달 신청 방법 홈페이지의 임신 박스 신청하기’ 메뉴에서 신청한 뒤 신청 완료된 페이지를 본인의 블로그와 에 공유 선물 구성 칭찬 천연 베이비 미스트
베슈 이너프 물티슈
로고나 베이비아토 로션 샘플 매알로에 수분 젤 샘플 매
보코통 클 래식 수유패드 매
베베샤 바디슈트양말
헤르조그 종 칼세 트
자연들 혼합곡 세트
이유식 실리콘 턱받이
에코인콘 옥수 수 스푼포크 세트
하늘선물 아기 물티슈 매
마더케이 순명아기 건티슈
텐박스 초음파사진앨범
햇살좋은날 스튜디 오 만삭화보촬영권 품목은 매달 조금씩 변경됩니다 . 
베베쿡
베베쿡 박스 
’ .. .. 신청 기간 중 회에 한해 신청할 수 있고
선정되지 않을 경 우 다음 달에 재신청할 수 있다. 베베쿡 공식 인스타그램 계 정을 팔로잉하면 당첨 확률이 더 높아진다. 신청 대상 출산 전 개월출산 후 개월매달 명 선정 신청 기간 매월 일부터 말일까지 신청 신청 방법 홈페이지 회원가입 후 상단의 베베쿡 박스’ 배너로 들어 가 신청 선물 구성 베베쿡 프로바이오맘 일 키트디카페블랙 티백 개 초기 이유식 일 무료 체험권턱받이
마더케이 더블 아기 지 퍼백
베베숲 센시티브 엠보싱 매
군기저귀 신생아용 기저귀
사노산 트래블 세트 종
핀덴베베 체험팩
블룸마터니티 블룸 매 직 클립 개
솔트앤 아가쏠 개 품목은 내부 사정에 따라 조정될 수 있습니다 . 
베피스
기분좋은 기프트 박스 
’ ... ... 매달 진행되지만 당첨 인원이 많지 않아 경쟁률이 높은 편 이다. 임신부의 지인도 참여할 수 있는 이벤트로 주변에 임 신부가 있다면 선물로도 제격이다. 신청 대상 베피스 홈페이지 회원매달 명 신청 기간 월초월말까지매달 신청 방법 베피스 인스타그램을 팔로잉한다. 아기 초음파 사진 을 필수 해시태그와 함께 본인의 에 올리고 해당 포스팅 과 인스타그램 아이디를 베피스 홈페이지의 이벤트예비맘 모여라’ 메뉴 댓글란에 남긴다. 선물 구성 소프트핏 소형 팩
베피스 물티슈 팩 품목은 내부 사정에 따라 조정될 수 있습니다 . 
에리에르 인터내셔널 코리아
임산부는 모여라 
’... ... 대용량으로 구성되어 있어 아이에게 잘 맞는 제품인지 테스 트하기에 적합하다. 블로그 또는 에 군 기저귀와 해당 이벤트를 홍보하고 해당 을 이벤트 신청 시 남기면 당 첨 확률이 높아진다. 신청 대상 에리에르 인터내셔널 홈페이지 회원매달 명 신청 기간 월초부터 월말까지 매달 신청 신청 방법 홈페이지 회원가입 후 군 이벤트’ 메뉴에서 신청 선물 구성 신생아용 박스 또는사이즈 박스 중 랜덤으로 발송 되며 각 박스당 기저귀 매로 구성 ①신생아용 박스군 오리지 널 테이프형군 프리미엄 테이프형 ② 사이즈 박스군 오리지 널 테이프형 
유한킴벌리
허그박스 
’ ... ... 추첨을 통해 진행되지만 비교적 많은 인원에게 선물이 지급 되므로 당첨 확률이 높다. 후기를 작성하면 추첨을 통해 적 립금을 증정하는 이벤트도 진행 중이다. 신청 대상 맘큐 회원매달 
 명 신청 기간 매주 신청 신청 방법 홈페이지에 회원가입 후 이벤트허그박스 이벤트’ 메 뉴에서 신청 선물 구성 하기스 네이처메이드 단계
하기스 매직 단계
하기스 오버나이트 단계
더블 하트 수유패드
그린핑거 베이비세라마이드 
좋은느낌 입는 오버나이트 중형 본 이벤트 일정 및 구성품은 내부 사정에 따라 조정될 수 있 습니다 . 
일동후디스
출산 축하선물 
’ .. .. 일동후디스의 다양한 품목 중 자신이 원하는 제품을 선택해 샘플을 받아볼 수 있다. 출산 후 개월까지 신청할 수 있다 는 것이 장점이다. 신청 대상 출산 일출산 후 개월 신청 기간 상시 신청 신청 방법 홈페이지 회원가입 후 맘’ 서비스–선물샘플신청’ 메뉴에서 신청 선물 구성 트루맘 스틱
트루맘 액상조제식
이유식
유아 카테 고리로 나누어져 있으며 이 중 원하는 제품의 샘플을 선택할 수 있다. 품목은 아기 월령 및 기타 여건에 따라 구성이 달라질 수 있습니다 
파스퇴르
임신 축하 선물세트 
’ .. .. 신청 인원에 상관없이 모두 받아볼 수 있으며
한 가족당회만 신청할 수 있다. 신청 기간이 지난 임신부라면 출산 후 개월 이내에만 신청할 수 있는 출산 축하 선물세트’를 신 청할 수 있다. 중복 신청은 불가능하다. 신청 대상 임신 개월 신청 기간 상시 신청 신청 방법 홈페이지에서 자녀 정보출산 예정일 입력과 함께 정 회원으로 가입한 뒤 육아 회원선물’ 메뉴에서 신청 선물 구성 임신육아 도우미 책자
세움 탯줄 도장 할인 제작권
아이원맘 임신출산 사진 촬영권 품목은 내부 사정에 따라 조정될 수 있습니다 . 
 에디터송미령포토그래퍼이경환 
 베피스 젠틀온 팬티형 기저귀 여아용 대형 
베피스 젠틀온 팬티형 기저귀 여아용 대형
 원 
가격은 변동될 수 있으므로 아래 쿠팡 방문으로 확인바랍니다. 
 .가격 확인하기
 . 
 상품정보 더보기 ∇ 
◎ 솔직한후기 
 . 
 리뷰정보 더보기 ∇ 
 이 포스팅은 쿠팡 파트너스 활동의 일환으로
이에 따른 일정액의 수수료를 제공받고 있습니다. 
 ★나눔이벤트★베피스 오버액션토끼기저귀 같이 써요 
 기저귀 나눔이벤트 
 해요 
 최근에 출시된 세상 귀여운 기저귀
 오버액션토끼기저귀 출시 기념 나눔이벤트 
 입니다
 베피스오버액션토끼 캐릭터 콜라보레이션 제품 
 으로 
 베피스 무형광 기저귀에 
 깜찍한
 캐릭터가 더해진 기저귀예요♥ 
 불과 시간전에 남긴 오버액션토끼기저귀 리뷰 참고해주세요 .. .. 
 신제품 오버액션토끼 기저귀 
 사용해보고 싶으신 분들 신청 해주세요 
이벤트 안내
모집 기간
 월 일월 일일요일까지 
이벤트 제품 베피스 오버액션토끼기저귀 팩씩 
 소형밴드대형팬티특대형팬티 중 선택 가능 중형사이즈는 없어용 
당첨자발표 월 일화 
당첨인원 명 
참여 방법
이웃 추가 후 이벤트 내용을 스크랩공유 해주세요. 
공유 과 베피스 기저귀를 사용해보고 싶은 이유사이즈를 댓글로 작성해주세요. 
당첨자 필수사항
 당첨되신 분들은
 본인 블로그 및 베피스 홈페이지 
 에 후기 작성해 주셔야해요. 
 업체 지원 제품이니 기한내 리뷰 작성은 필수입니다. 리뷰 기한은 추후 안내 드릴게요 
 당첨자발표가 크리스마스 다음 날이기는 하지만 
 그래도 당첨자분들께 하루 늦은 크리스마스 선물이 되길 바라며.... 
 많은 신청 부탁드려요♥ 
 베피스기저귀 오버액션토끼 사용후기 
베피스기저귀 오버액션토끼 사용후기 
어느덧 지우가 태어난지 일이 되었습니다하...지우키우면서 지금까지 가장 많이 사용하는건 아무래도 기저귀가 아닌가 싶은데요
 다행히 지금까지는 제가 직접 돈주고 기저귀를 사지은 않았구요 여기저기에서 받은 기저귀를 사용하고 있답니다
그중에서 베피스 기저귀 한통 받은걸 사용하고 후기 남겨보아용
근데 우리지우 하도 응아도 많이 싸고 쉬도 많이싸서 한팩을 주말에 다썼네요 지우야 고마워 잘먹고 잘자고 잘싸줘서♥ 
베피스기저귀 오버액션토끼 앞부분과 뒷부분 입니다
앞부분에는 앞이라고 표시가 되어 있구요기저귀 갈아주는거 못하는 아빠들을 위한건가요???ㅎㅎㅎ그리구 뒷부분에는
잘때천사 고마워 이렇게 두가지 단어가 쓰여져 있답니다일단 그림이 넘나 귀여워서 굿ㅋㅋㅋ 
베피스 오버액션토끼 기저귀의 경우 허리 밴딩 부분이 늘어날 수 있게 되어 있었습니다.기저귀들마다 다 다르지만 어떤건 그렇지 않은 기저귀도 있었는데
 이렇게 밴딩 부분이 늘어나줘야 아가들 배가 심하게 쪼이지 않고 편할것 같았습니다 
위사진에 까맣게 되어있는 부분 보이시나요?그게 중앙임을 알려주는 표시구요
 앞으로 너무 많이 당겨진게 아닌가? 아니면 뒤로 너무간게 아닌가?이런 의문점이 생기시는 초보 엄마라면 중앙부분을 잘 보고 기저귀를 착용해주면 좋을것 같습니다 
베피스 오버액션토끼 기저귀의 옆쪽도 이렇게 밴딩처리가 되어 있어서옆으로 새는걸 방지하고 있답니다하지만 그렇다고 마구마구 움직였을땐
 ㅋㅋㅋ특히 응아를 엄청 많이싸면 
오버액션토끼 기저귀의 앞부분부터 노란줄 표시가 되어있는거 보이시죠?ㅎㅎㅎ
쉬를 싸면 색상이 노란색에서 초록을거쳐 파란색으로 변한답니다우리 지우 쉬를 많이 쌌네요.노란색 줄의베피스기저귀가 파란색줄로 변했어요
 후다닥 갈아줘야겠죠???ㅎㅎㅎ 
지우가 쉬아를 많이해서 베피스 오버액션토끼 기저귀를 갈아주었더니
시원한지
 저렇게 대자로 뻗어서 잠을자더라구요ㅋㅋㅋ넘나 귀엽죠???역시 잘땐천사 맞습니다엄마들 모두가 공감할듯 합니다ㅋㅋㅋ 
우리지우 쉬아 엄청 많이했구나기저귀 안쪽에 노란색 쉬아 한거 보이시나요???ㅋㅋㅋ베피스기저귀 흡수력 좋아요좀더 싸게 놔뒀어야하나?싶기는 하지만
 기저귀 아깝다고 빨리 안갈아주면
 여름이라 땀띠도 생기고 발진도생길까봐서
베피스 오버액션토끼 기저귀 한팩 사용해보았는데 생각보다 괜찮은것 같습니다우리 지우는 남자아이라 더 괜찮았나?ㅎㅎㅎ여자아가가 쓰면 어떤지는 잘 모르겠네요ㅠㅠ 
지금까지 베피스기저귀 오버액션토끼 사용후기였습니다 
 베피스 팬티형 기저귀 특대 사용후기 
베피스 팬티형 기저귀 특대 사용후기 
저희 아들이 사용했던 것입니다.뭐.. 신생아 때부터 사용한 건 아니고
 신생아 때는 가격이 조금 비싼 걸 사용했답니다.근데
가격이 비싸도아이에게 맞지 않고
발진이 일어난다던가..몸에 맞지 않으면 사용하지 못한다는 점...아이를 키우신 부모님들이라면경험해보셨을꺼라 생각 드는군요.저희 아들도 기저귀를신생아 때부터 번 정도 이것저것사용했던 것 같네요. 
일단 박스를 개봉해서세세하게 알아봅니다.앞부분에 특대형 남아용이라고 적혀있으며
 개에 아이가사용하도록 만들어졌답니다. 
베피스 팬티형 기저귀뒷부분에는 상세한 설명이 
옆면을 보시면
 대형
특대형 
 점보 에 아이가 사용할 수있다고 적혀있답니다. 
베피스 팬티형기저귀 특대형 꺼내서 앞부분을확인합니다.통기성 소재를 이용해서공기가 잘 통하도록 만들어졌다고 하며
 노란색으로 보이는 부분은
 아이가 소변을 봤을 때
 초록색으로 바뀌더군요.뭐
다른 것들도이렇게 표시되는 제품들이 많으니
 요즘은 이런 게 꼭 있어야 하겠죠. 
뒷면입니다.앞뒤를 구별할 수 있게
 구분이 되어있으며
뒷부분에는사용 후 뒤처리를 할 수 있게끔 스티커로되어있으니 앞뒤 헷갈릴 일은 없답니다. 
베피스 팬티형 기저귀 특대형옆면을 살펴봅니다.옆을 보면
 이중으로 샘방지가되어있으며 소변이 옆으로 새는 걸막아주는데
 솔직히 많은 양의 소변은 간혹가다어떤 걸 사용하더라도 새는 건 마찬가지인 듯.. 
베피스 팬티형 기저귀특대형 안쪽 면을 확인해봅니다.엑스트라 드라이 시스템으로빠르게 흡수해서 뽀송뽀송하게 해주며
 피부와 닿는 접촉면이 부드러운감촉을 통해 포근하게 감싸 준다고 하더군요.뭐
이런저런 거 다 필요 없고...기저귀는 그냥옆으로 잘 새지 않으며
 발진이 일어나지 않는 게 좋은 것 같습니다.저희 아들도 여기 거사용하니 발진이 일어나지 않아서년 정도 사용했던 것 같네요.앞으로 둘째가 태어날 날이머지않았는데.. 또 둘째는 어떤 제품이몸에 맞고
안 맞을지 몇 가지 더 사용해 볼 날들이찾아올 것 같네요.무조건 비싸다고다 맞는 건 아니더라고요. 
 일등맘 베피스기저귀 당첨 후기 
월 일등맘 산모교실에 갔다가 가입을 했다.까먹고 있었는데
아침에 기분 좋은 문자가 딱이런거 한번도 된적 없는 나였기에 기분이 좋았다. 
일부터 순차적으로 보내준다는 문자 확인후사정에 따라 지연될수도 있음일날 도착했어요사실 잊고 있을때쯤 온거라 더 반가웠다ㅋㅋ 
두둥 팩이나 들어있는 베피스 기저귀굿굿포장지도 귀여운 토끼 그림형광물질 없는 기저귀베피스 잘쓰겠습니다 
매달 새로운 이벤트를 하는거 같으니 예비맘들도 홈페이지 들어가서 좋은 정보 얻으시고 이벤트 도전해보세요... ... 
 차원이 다른 부드러움으로 편안함을 입다
베피스 엑스트라 소프트 팬티 기저귀 
 베피스 기저귀의 팬티 기저귀 라인의사이즈 표도 자세하게 나와 있어요
아기에게 해로운 성분은 넣지 않았으며모든 제품에 전성분과 제조일자가 표기가 되어 있으니안심하고 사용하세요 
......... ..?....... 본문 이미지기저귀를 꺼내 보았어요꺅 디자인이 너무나 예뻐 
 아기의 체형과 움직임을 고려하여 설계된총 
줄의 허리 밴드가 몸을 따라유연하게 움직여 더욱 편안한 착용감을 제공해요 
....... .......? 본문 이미지
제가 양손으로 기저귀를 당겨봤는데진짜 편안하게 쭉쭉 잘 늘어나더라구요 우리 아이 몸에 닿는다면조이지 않고 활동하기 편할거 같다는 생각이 기존 열처리 접착 방식이 아닌 비 가열식 최신 접착 기술을 적용하여밴드에서도 차별화된 부드러움이 느껴져요
....... .......? 본문 이미지
소변이 옆으로 새는 것을 막아 주어움직임이 많아도 샘 걱정 없이 안심하고 사용해요
....... .......? 본문 이미지
기저귀를 뒤집어 보았어요피부와 닿는 접촉면의 부드러운 감촉을 통해우리 아기 피부를 포근하게 감싸줄 수 있어요 
....... .......? 본문 이미지
두께는 아주 두껍지도 않고얇지도 않아요계절 사용해도 무방할거 같지만개인적으로는 여름보단 봄
 가을
 겨울에 사용하면 좋을거 같아요
 기저귀를 착용해 보았어요 
....... .......? 본문 이미지
...?... ......... ..?....... 본문 이미지 
....... .......? 본문 이미지
개당 기저귀 그램수는 
베피스 엑스트라 팬티 기저귀는낮
밤 할것없이 사용해 보았는데낮기저귀로도 밤기저귀로도 손색없이샘 없이 잘 사용하고 있어요 밤동안 한가득 소변을 본 기저귀예요 ...?... ......... ..?....... 본문 이미지 
....... .......? 본문 이미지....... .......? 본문 이미지....... .......? 본문 이미지....... .......? 본문 이미지
기저귀 처리 방법은 
기저귀 옆면을 손으로 뜯어 주세요.크게 힘들이지 않아도 잘 뜯기더라구요 
사용한 기저귀를 돌돌돌 말아기저귀 뒷부분에 있는 테이프를 쭉 댕겨서감싸듯이 붙여주면 끝
 우리 둘째가 태어나처음 입어보게된 팬티 기저귀 아무거나 입힐 수 있나요?고르고 골라 베피스 엑스트라 소프트 팬티로 결정했어요
 베피스 기저귀는 전제품 무형광 기저귀로안심하고 우리 아이들에게 입힐 수 있어요
앞으로도 쭉 입힐거랍니다 
해당업체에서 무상으로 제공받아 작성한 후기 입니다 
 일등맘 무료임신축하선물 베피스 기저귀 당첨 후기
전국적으로 다양한 지역에서 정말 많은 산모교실을 열고 있는 일등맘에서 무료임신축하선물로 베피스 기저귀를 매달 명을 추첨하여 나눠주고 있어요 뚱땅맘도 일등맘 산모교실 응모하면서 자동 응모가 되어서 베피스 기저귀 당첨 되었어요. 그리하여 받은 소형 팩 
매짜리 소형 한팩이에요 우리 둘찌를 위한 기저귀가 차곡차곡 쌓이고 있어요. ㅎㅎ일등맘 베피스 기저귀 응모는 아래와 같이 할 수 있어요. 현재 월 이벤트 진행 중이구요. 
일등맘 산모교실 신청하면서 신규 회원가입하시면서 베피스에도 신규 회원 가입 하시면 되요. 
그리고 베피스에서 진행되는 예비맘 이벤트에도 응모하시면.. 잘 하시면 기저귀 팩 받으실 수 있어요
베피스 예비맘 이벤트 당첨 후기 가기. . 
다들 일등맘이랑 베피스에서 기저귀 이벤트 응모해보세요 
 부드러운기저귀 베피스 소프트핏 중형 사용후기♩ 
찾았어요 찾았어요우리 아가에게 올 여름 편하게 입힐 부드러운기저귀허리밴드가 부드럽게 늘어나 조이지않고뭉침없어 밤기저귀로도 사용가능한베피스 소프트핏 
절취선이있어 수시로 쉽게 꺼낼수있어요. 
첫째때는 기저귀 한브랜드로만쭉 사용해서 뭐가 좋은지 몰랐는데늦게 낳은 둘째라 그런지좀 더 신중하게 기저귀를 선택하게되요.베피스 소프트핏 부드러운기저귀는여아 남아 기저귀로 나뉘어요.여아기저귀는 핑크핑크한게 역시 나은듯앞뒤 표시가 되어있고 소변알림줄이있어 편해요. 
여자아이라 피부가 매일 매일 닿는 부분이부드러운 착용감이었으면 좋겠다싶었는데엄마의 안목으로 고른 부드러운 기저귀 베피스 기저귀는부드러운 감촉과 흡수력이 좋은소프트 시크릿홀이있는게 특징이에요.무엇보다 손으로 스쳐봤을때 부드러운게 가장 좋더라구요.두께도 굉장히 얇아 더운 여름 힙히기 딱 좋아요. 
지금까지 써본 일부 기저귀는허리밴드가 늘어나지 않는경우도있는데그럴땐 아기가 앉아서 있을때 조이는거같아 별루였는데부드러운기저귀로 들인 베피스 소프트앤핏기저귀는늘었다 줄었다앞면엔숫자 표시가되어있어아기 허리둘레에 맞게 붙여주면되요. 
둘째맘인데도 소변알림줄이있는게 편한데팸스 킨 일부 기저귀는소변알림줄이없어육안으로 쉽게 확인이안되 불편했어요.날이 더워지니 활동량이 많은 낮엔 밤처럼 오래 입히면땀띠나 허벅지부분이 조이게되아기도 불편하게되는데자주 자주 갈아주기 좋더라구요. 
그동안 비도 안와 덥기만할때는덥다로만 생각했는데요즘같이 장마철엔 덥기도하지만끈적끈적 특히 아기와 함께 붙어있다보니아기도 엄마도 힘든데부드러운기저귀 베피스 입히고는울 아가야는 좀 더 편해해졌겠죠?얼마전 영유아 검진했는데몸무게 .로나왔어요. 착용가능한 중형으로 선택했는데넘나 잘 한듯얇은 바디슈트 하나만 입혀놓거나기저귀만 채우고 낮엔 두기도하는데기저귀가 편한지 방긋 방긋 웃어주는울 꼬맹이랍니다뒤집기한지 얼마안되 기지않고바로 앉은 울 아가앉아서 노는 시간이 많은데베피스 소프트앤핏 기저귀 차고 싱글벙글 
부드러운시트가있어 편하기도하지만흡수력 또한 무시못해요쉬아하고나서 기저귀에티슈로 꾹 눌러봤는데 묻어남이 적고역류가 없어 밤기저귀로도 딱일세비싸고 산 유명 기저귀들왜 좋다고하는지..역류로 넘 안좋고 뭉침이 심했는데부드러운기저귀로 들인 베피스 소프트앤핏은뭉침도없고 역류도 없었어요. 함 써보실래요? 
 베피스팬티기저귀 후기하기스팬티기저귀와 군팬티 등 간략비교 개월 딸 
 베피스 무형광기저귀 이것만 써야지 
 .?베피스베피스.?무형광기저귀무형광기저귀 
빠질수 없는 육아용품 기저귀매일 아기피부에 직접 닿는거라기저귀 고를땐정말 꼼꼼하게 살펴보실텐데요.그동안 아기발진은 생기지않는지흡수력 비교하고고르고 골라 사용했는데무형광 기저귀에 대해선 전혀 모르고 있었답니다 
형광물질이 좋지않다는건알고있었는데아기 기저귀에도 있을줄이야 ㅠ영상을 보시면베피스 기저귀에 형광물질이없다는걸 알수 있는데요 
베피스 기저귀는법적 안전기준인 안감뿐아니라겉면
 밴드까지기저귀 모든소재에 형광증백제가들어있지 않아 안심하고 사용할수 있어요 
이렇게 램프로 비춰봐도파란불빛이 보이지않아요 
미녀한의사로 방송에 나와서여러 건강정보를 알려주시던박미경원장님도 추천하는베피스 기저귀 
형광물질이 없는 베피스의무한도전 
현재 홈페이지에서베피스 무한도전 캠페인 이벤트 중이에요영상을 공유하거나에 사진을 업로드한후주소 남기면추첨해서 선물이저처럼 잘 몰랐던 분들이 영상보시고아기기저귀 더 잘 고를실수 있음 좋겠네요ㅎㅎ 
초코는 이번에 새로 출시된소프트앤 핏 제품을 사용해봤어요키로지만 키로 아장아장 걷는 아기특대형으로 초이스 했답니다. 
처음엔 약간 길게 느껴져서크면 어쩌나 했는데신축성좋은 허리밴드와레그라인으로딱 좋은 핏 
어쩜 이리 얇은지두께감에 놀람요얇지만소프트 시크릿 홀 패드로흡수력은 배더 빠르게 
이중안심라인으로마구 움직여도샐염려도 적고 
무엇보다 형광 증백제가 피부에 닿게되면 알레르기성 피부염
 아토피 피부염이 생길수도 있다고 하는데그럴 걱정은 없어서 안심이에요 
위 포스팅은 제품과 소정의원고료를 받고 솔직하게 작성한 후기입니다. 
 썸머 기저귀추천베피스 바람아솔솔아 사용후기
썸머 기저귀추천 베피스 바람아솔솔아 사용후기 
여름이 되다보니 자연스레 썸머 기저귀를 찾게 되요 제가 개인적으로 베피스 써보고 참 좋다 생각했었는데요이번에 여름 썸머 기저귀로 바람아솔솔아가 나왔더라고요 그래서 덥기도 하고.. 자꾸 빨갛게 달아오르는 아이 엉덩이를 보면서... 안되겠다 싶어서 주문했지요 ㅎ 
아장아장 걷는 아기는라 우리 아기를 위해 특대형을 주문했어요 사실 저는 팬티기저귀가 참 편해요 애가 목욕하고 나오면 정말 너무 울거든요.. 물속에서 더 놀고 싶다고... 그럴때 후다닥 입힐 수 있으니까요.
앞 뒤쪽 모양이예요 귀여운 느낌이고 테잎도 뒤에 있답니다.
중 샘방지를 통해 아이의 소변과 응가를 안전하게 지켜주지요 ㅎ가끔 난감할때가 생기지만 ㅋㅋㅋ 깔고 앉을때 ㅋㅋㅋㅋㅋㅋ 
넉넉한 사이즈라 그런지 아이한테 잘 맞아요 활동도 편해서 얼마나 돌아다니는 지..
기저귀 고를 때 어떤걸 중요하게 생각하시나요?? 
밴드랑 팬티 둘다 사용해 보니 뭐니해도 옆쪽에 옆밴드 통기성을 중요하게 생각하는데요 베피스 바람아솔솔아는 딱 봐도 시원해보여요
금방 자다 깬 아이라 비몽사몽 오랜만에 실컷 잠을 자고 일어나 기분이 좋으네요
귀여운 엉덩이 엄마 미소 짓게 하는 순간
실컷 돌아다니다 보니까.. 아이가 벌써 소변을 꽤 봤더라고요
그리고 조금 시간이 흘렀어요
이렇게 휴지를 이용해 혹시나 하고 꾹 눌러 보니..하나도 묻어나지 않네요 흡수가 잘 되었다는 뜻이겠죠?? 
보송한 엉덩이를 위해 더운 여름아이들이 매일 차야하는데 얼마나 더울까요??썸머 기저귀추천 베피스 바람아솔솔아 올 여름 시원하게 보내보자
 부드러운 기저귀 베피스 기저귀맘스다이어리 부제영역은 지식백과에서만 사용되지만 포스트 엔드에 마크업은 잔존하게 됩니다 기본적으로요소는 입니다 
부드럽고 안전한 기저귀베피스 기저귀 
 라꿍이의 기저귀에요 이제 백일이 넘은 라꿍이는정도가 되었답니다. 그래서 소형 기저귀에서 중형 기저귀로 넘어갔지요 ㅎㅎ 이번에 좋은 기회에 사용하게 된 기저귀에요 베피스기저귀랍니다. 
 베피스 중형 기저귀는 백일 무렵 의 아기가 사용한답니다.저희 라꿍이는 이지만 허벅지가 많이 두껍지 않아서 그런지 꽤 크다고 느껴지는 크기였답니다.
 베피스 기저귀는 정말 허리벨트가 길더라구요. 그 점이 정말 좋았어요.
 베피스 기저귀는 소형부터 중형
특대형에 점보 크기도 있어요
 베피스 기저귀 장점 . 소프트 시크릿 홀 덕분에 부드러워요. .입체 슬림핏으로 가볍고 편안하지요. . 소변 알림 마크로 기저귀를 제때에 갈아줄 수 있어요. . 안심 이중 샘 방지 시스템으로 세는 것을 막아주어요. . 와이드 허리밴드 덕분에 허리가 편안해요.
 베피스 기저귀는 얇고 가볍더라구요 
 넉넉한 크기라서 오래도록 쓸 것 같아요. 
 부드러운 감촉 
 구멍이 송송 있어서 엉덩이를 보송보송 
 요 찍찍이 모양도 저는 신경쓰는데요 이게 끝이 각져서 안 좋은 기저귀도 가끔 있거든요 근데 베피스 기저귀는 둥글둥글 좋답니다. 
 넉넉한 허리벨트
 베피스 기저귀를 해보았어요. 오동통한 허벅지 ㅋㅋ 
 다리를 뻥뻥 차도 편안하게 ㅎㅎ 샘 방지도 잘 되어 있지요 
 저는 이 허리밴드가 최고로 마음에 드네요 
 노란색의 소변 알림 마크도 눈에 잘 띄어요 
 이제 베피스기저귀하고 뒹굴뒹굴 놀 시간 
잠시 후 소변 알림 마크가 초록색이 되었지요. 소변을 누었어요
 최대한 지저분해 보이지 않게 사진을 찍었어요. 보송보송한 느낌 
 다 쓴 기저귀는 작게 잘 말리지요 버릴 때를 생각해서 작게 말리는 기저귀가 좋더라구요 ㅎㅎ 소셜을 찾아보니 가격도 저렴하더라구요 저는 한 기저귀만 고집하는 스타일이 아니어서 베피스 기저귀도 종종 구매할 것 같아요저희 라꿍이 베피스 기저귀와 함께 자라겠네요... ... 
이 포스팅은 맘스다이어리에서 별별체험단에 당첨되어 베피스 기저귀를 무료로 받아 작성한 후기입니다. 
 베피스기저귀 예비맘이벤트 당첨선물 받았어요 
 부드러운기저귀 베피스 소프트핏 특대형 
어린이집에선 늘 밴드기저귀를 보내달라셔서팬티기저귀 말고도 어느정도 준비를 해두는 편이에요이번 달엔 다 떨어진 줄 모르고 급히쿠 에서 로켓배송되는 제품으로 알아보다 부드러운기저귀 베피스 밴드형 특대사이즈 써보게 되었어요 
베피스기저귀는 후기가 많이 없는 것 같은데실제로 써보니 가격대비 진짜 괜찮은 것 같아요 한 팩에 개씩 들어있고 남아용여아용 구분되어 나오더라고요 
가격은 쿠 할인 받으니 팩에 만원대 초반 정도였어요가성비 괜찮은 편이죠?실제로 흡수력도 좋고 발진도 없으면 좋을텐데 하고일주일 정도 써보고 원에도 보내게 되었어요 
도착하자마자 또 이리저리 나르고 있어요 ㅎㅎㅎ이번엔 강아지랑 친구가 있는 그림이네? 하면서자기가 쓸 기저귀를 정리? 하는 중입니다 
밴드 부분 궁금해 하실까봐 ㅎㅎ이런 식으로 생겼고요배통통 아이도 잘 맞네요
또한 두께도 굉장히 얇게 잘 나와서여름기저귀로도 활용하기 딱 좋아요
앞 부분은 셔링이 잡혀있지 않은데허리 뒷 부분은 밴드 셔링이 제대로 잡혀 있어서쭉쭉 늘어나서 활동하기에 편하겠더라고요물론 제가 밴드를 채울 때도 쉽고요 
옆 라인은 요로케 ㅎㅎㅎㅎ진짜 부들부들 만져보면 왜 부드러운기저귀라 불리는지 아실거예요절개선도 너무 딱 떨어지게 재단한게 아니라엉덩이
허벅지에 자국이 남지 않도록 해두었더라고요 
또 하나의 쇼킹? 했던 점은앞
뒤가 한글로 쓰여있어서 ㅋㅋㅋㅋㅋㅋㅋㅋㅋㅋ은근 좋았습니다 ㅋㅋㅋㅋㅋㅋㅋㅋㅋㅋㅋㅋㅋㅋ뭔가 더 눈에 잘 띈다고 해야 할까요 ㅋㅋㅋㅋ 
어때요
앞뒤 구분이 명확하죠?ㅎㅎㅎ사실 그동안 수십장의 기저귀를 써봤지만한글로 앞
뒤 적인 건 처음 봤어요 ㅎㅎㅎㅎㅎㅎㅎㅎㅎ대부분의제품은 이라고 써져 있었는데왜 때문인지 갑자기 의구심을 갖게 한 부분이 아닐 수 없습니다 ㅋ 
흡수력은 물론
소변줄 표시로 교체시기도 알기 쉽고무엇보다도 일주일 써본 결과 발.진.이.없.었.어.요여름기저귀는 사실 좀 예민한 부분이라발진나면 바로 못쓰겠다 싶었는데역시 가성비 괜찮은 밴드기저귀 답습니다
밴드기저귀 한 동안 쓰기 너무 힘들어서 잘 못 썼는데요새는 배변 훈련한다고 거의 벗겨 놓거나 바지만 입혀둘 때가 많은데밤잠 들고 나면 누워 있는 상태에서 제가 이렇게 채우기에팬티기저귀 보다 훨씬 편하더라고요 
옆라인 짱짱하게 샘 방지 기능도 되어있고여러모로 구입해보니 마음에 드는 기저귀였답니다
 베피스 소프트드라이 기저귀 중형 비교 및 사용후기 
 아들이 기저귀 발진이 생겨서 이것저것 찾아보다가 베피스도 좋다길래 구입해봤어요. 소프트 타입과 트라이 타입 두 가지가 였는데 어떤게 좋을지 몰라 두개 다 구입해서 사용해봤어요. 구입해서 사용한지는 몇 달됐는데 이제서야 후기 올려봅니다.
 기저귀 발진나면 기저귀도 중요하지만 자구 갈아주는게 좋다길래 넉넉하게 주문기저귀값이 장난이 아니네요ㅜ 
 둘 다 중형으로 주문했는데 
드라이는 개
소프트는 개 들어있네요. 두가지의 큰 차이점이라면 
드라이는 좀 더 흡수가 빠르게 소프트는 좀 더 부드럽고 통기성이 좋게 나왔다는 거에요. 기저귀 발진에선 흡수가 빠른것도 중요하고 통기성도 중요해서 어떤 걸 선택해야될지 모르겠더라구요. 그래서 둘다 구입하게 됐네요.ㅎㅎ 
 베피스의 몸무게별 사이즈표에요. 
 사용해보니 드라이와 소프트 둘다 흡수되는 속도가큰차이는 없어보이는 것 같았어요. 그래서 소프트가 두개 덜 들어있나봐요. 기능이 더 많아서..
 뜯는 선은 손잡이쪽에.. 쉽게 잘 뜯어지더라구요.
 왼쪽이 드라이
오른쪽이 소프트에요.요즘은 냄새로도 어느정도 구분되지만 소변줄 알림마크는 없어서는 안될 기능 중 하나인듯해요.ㅋㅋㅋ
 안쪽 패드는 겉보기엔 큰차이가 없어보여요.만져보면 차이가 나는데
드라이가 좀더 빠빳하고 소프트가 부드러워요. 근데 기본적으로타사의 기저귀에 비해 빠빳한편인 것 같아요. 
 일 때 착용 모습 이에요 .기저귀 발진생기고 부터는 일부러 통기성 좋게 하려고 꽉 조여매지 않기도 하지만
뒤에 허리밴드가 엄청 쫀쫀 하더라구요.그래서 왠지 당겨 붙이면 답답할 것같아서 끝에 붙였더니 요 상태. 이렇게 끝에 겨우 붙여놔도 뒤로 옆으로
오줌이 센적은 한번도 없었어요. 
 조금 더러워 보일수 도 있지만 오줌 싸고나서의 모습이에요.ㅋㅋㅋ 만져보니 뽀송뽀송했어요.
 오줌누면 노란색이 초록색으로
 돌돌돌 마르면 요정도 되구요.사용해보니 기저귀 발진은 확실히 없어졌어요. 이 당시엔 자주 갈아줘서 없어진 것도 있지 않을까 했는데 다른 브랜드꺼 써보니 자주 간다고 기저귀 발진이 없어지는 건 아닌것 같더라구요.오줌이 세는 것도 없고 좋긴 했는데 빳빳한감과 쫀쫀한 밴드가 제 취향은 아니어서 지금은 다른걸 쓰고 있어요.이상입니다. 읽어주셔서 감사합니다.
 베피스 바람아 솔솔아 여름기저귀로 딱이에요 
애정이웃인 술리야가 기저귀 나눔이벤트를 한다기에 신청했었죠그리곤 그 명안에 들어서 당첨아..이런거 처음이라 조곰 ㅋㅋㅋㅋ어색하지만 열심히 써봅니다 히히당첨 후 몇일 뒤 도착한 기저귀 한팩
여름기저귀라 그런걸까요?배경까지 쉬원한 느낌이에요 반갑다 베피스 바람아 솔솔아 팬티기저귀야우리 민재 엉덩이를 부탁해
손잡이도 깔끔하게 잘 되어있어요 
바람아 솔솔아 팬티기저귀는 대형
특대형 두가지구요대형은특대형은 남녀공용입니다민재는 . 남자아이에요그래서 대형사이즈 선택 대형은 한팩에 개 
옆면에 기저귀 뜯는 점선이 앞 뒤로 있어요점선을 좌라락 뜯어주면기저귀가 까꿍잘 안보이니 자세히 보시면 점선이 있어요 
베피스 기저귀의 특징 
 마이크로 
 숨쉬는 허리밴드 
 편리한 소변 알림마크 
 바람이 솔솔시트 
 안심 이중 샘방지 시스템흡수력과 통기성이 우수하다니 여름기저귀로는 딱인거 같지요 ? 
기저귀를 꺼내는 순간 너무 부들부들해서 놀랬어요색깔은 두가지로 옅은 민트색과 옅은 보라색 그려져있는 그림들도 너무 귀여워요전 주로 하의실종 패션이라 기저귀가 이쁜것도 좋더라구요이건 입혀놓아도 은은한 색상 덕분에 이쁠꺼 같아요 
편리한 소변알림마크가 노란색으로 세줄이였다가쉬아를 하게 되면 초록색으로 변해요
뒤처리를 깔끔하게 해주는 테이프가 있어요기저귀를 돌돌 말아 테이프를 쫘악 붙여주면뒤처리 끝 
 마이크로 
 층 구조로 설계된 얇은 패드가 아이의 소변을 빠르게 흡수하고 
 세지않아 아기 엉덩이를 언제나 보송보송 
 한번 테스트 해보겠습니다 
 저는 더치커피 연하게 탄걸로 해보았어요 
커피를 기저귀에 부었습니다붓는순간부터 흡수를 하더니 종이컵 반컵 이상의 더치커피를 빠르게 흡수하더라구요 
더치커피 반컵을 머금은 기저귀에티슈 한장을 가져다 꾹 눌러봤는데하나도 묻어나지 않았어요 
 정말
 흡수력 
 이 끝내줬어요 
 흡수한 기저귀 단면을 살펴보니 
 흡수체가 더치커피를 가득 머금고 있는게 보이죠? 
 이렇게 빨리 흡수하니 
 우리 아이 엉덩이가 보송보송 하겠죠 
 우리 아이는 늘 배가 남산만하게 나와있기에 
 배가 쫌 찡길 줄 알았는데 
 왠걸요
 허리밴드가 너무 부드럽게 늘어나서 
 딱맞게 입혀져서 놀랬어요 
기저귀를 입히고 허리밴드를 잡아 당겨보았는데스윽 잡아당겨지는 것이너무 편해보이더라구요몸에 딱 맞게 입혀지지만 부드럽게 감싸주니 허리에 땀찰 일도 없겠어요 
이중 샘방지로 쉬아를 해도 옆으로 새지 않게 되어있어요저녁에 잘때 입혀도 아침에 보송보송하게새지도 않아서 수면용으로도 딱 이였어요 
 한창 움직임이 많은 개월 우리아이가
 입고 뒤척여도 부드럽게 늘어나서
 편하게 잘 입고 있어요 
 쉬아를 많이 하고 기저귀를 갈아도
 엉덩이가 보송보송하니까 자꾸 손으로 만지게 되더라구요 
 통기성이 뛰어나서 그런거 같애요 
 땀 많이 흘리는 여름엔 딱인 기저귀에요 
 베피스 바람아솔솔아 기저귀와 함께 쓰면 좋은 
 베피스 물티슈
물티슈의 초록색깔이 마음까지 푸근해지는거 같애요 베피스 오리지날 물티슈 
우리 아기를 위한 단계 안심 프로젝트단계 정수과정으로안심걱정되는 성분안심피부자극안심옆면에 제조날짜와 사용할수 있는 기간까지표시되어 있어서 안심하고 쓸 수 있어요 
캡 안쪽에는 스티커로 봉해있구요스티커를 떼고 물티슈를 사용할 수 있어요 
물티슈는 한장씩 잘 뽑혀서 급하게 쓸 때 유용해요너무 얇지도 않고 부들부들 촉촉해서 우리 아기에게 사용해도 문제 없더라구요 
 여름기저귀 찾고 계신다면
 베피스 바람아 솔솔아 기저귀 어떠세요 
 ? 
 본 포스팅은 해당업체로부터 제품만을 제공받아 작성한 객관적인 후기입니다 
 베피스 베피스 기저귀모션 핏 팬티 기저귀 
안녕하세요. 베피스 서포터즈 베피스맘기 신토리입니다.오늘은 현재 쓰고 있는 베피스 기저귀에 대한 내용을 쓰려고 해요.저희 아가는 신생아 시절인 드라마 산부인과와 산후조리원에서 하기스 네이처메이드 기저귀를 썼었구요.저 또한 당연히 기저귀라면 하기스라고 생각했었어요.임신 중에 산모교실을 다녀봐도 하기스 기저귀 홍보를 엄청 하고 무료로 체험팩을 많이 줬던 기억도 새록새록 그래서 산후조리원에 있는 동안 산모교실 다니며 받았던 할인쿠폰 적용해가며 하기스 네이처메이드 기저귀를 몇 팩이나 사들였는지 몰라요.그 다음 썼던 것이 생건 자운보 지금은 쌍용베피스 기저귀로 갈아탔답니다.하기스가 시장점유율 위라는데..마케팅 효과가 꽤 큰 것 같아요. 산모교실에서도 기저귀 브랜드로는 단연 하기스가 눈에 많이 들어왔었고업체는 하기스만 왔던 것 같은 느낌적인 느낌
산후조리원에서도 주로 하기스에서 지원을 많이 해주는 것 같더라구요. 암튼 저희 아가와는 조금 안 맞아서 계속 다른 기저귀 브랜드를 찾고 있었어요.그렇게 하다 알게 된 베피스 모션 핏 팬티 기저귀모션 핏 팬티 기저귀 팩 겉면이에요. 
베피스 기저귀 모든 제품에는 
제조일자가 표기되어 있어서 한 번에 확인이 가능해요. 요건 ..에 제조되었네요. 
베피스 모션 핏 팬티 기저귀 디자인은 총 가지에요.
코듀로이와 
데님 스타일베피스 모션 핏 팬티기저귀만 입혀도 마치 바지를 입은 듯이 보기 이쁘게 디자인해놨더라구요. 요새 거의 대부분의 기저귀들이 디자인까지 신경써서 만들고 있는 것 같아요. 하지만 저는 모션 핏 팬티 기저귀 디자인보다는 베피스 엑스트라 소프트 팬티 기저귀 라인의 디자인을 더 좋아해...요 ...☞☜개취..ㅎㅎㅎ 
그리고 베피스 기저귀하면 빼놓을 수 없는 부분인 
허리밴드와 허벅지 밴드 부분베피스 기저귀를 만져보시면 아시겠지만 
굉장히 부드러워요이 부드러움이 아가야 배와 허리
허벅지까지 편하게 해줄 것 같았어요.확실히 써보니 배부위나 허벅지 부위 자국이 거의 없었어요.처음에 너무 부드럽고 쫀쫀한?그런 느낌이 없어서 혹여나 새지는 않을까 걱정도 됐는데요
다행히 저희 아가는 베피스 기저귀를 사용하면서 새본 적은 단 한번도 없었어요. 이것도 아가마다 다른 것 같아서참고만 하세요 
베피스 기저귀 또한 
이중 샘 방지 시스템으로 소변이 옆으로 새는 것을 막아주는 역할을 톡톡히 하는 것 같아요.안쪽 샘방지 부분이 비교했던 기저귀 샘방지 촉감보다 더 부드러웠던 점도 맘에 들었어요. 길이도 좀 더 긴 편이였구요 
또 하나
 베피스 기저귀만의 독특한 내부 패드 표면 
다이아 형태의 패드로 되어 있는데
이 부분도 소변 또는 대변을 흡수시킨 패드와 아가야 피부와 덜 접촉하게끔 하기 위하여? 이렇게 만들어진거라고 해요. 그러고보니..다른 기저귀들과는 패드가 다르네요 
그래서 한 번 궁금해서 팸퍼스 베이비드라이 제품과 비교해봤습니다.두 개의 제품 모두 키로대 아가야가 쓸 수 있는 단계였다는 점과 단순히 그냥 제가 테스트 해봤을..뿐.....☞☜이랍니다.베피스 기저귀와 팸퍼스 기저귀의 앞쪽과 뒤쪽 
저는 두유로 테스트를 해봤어요.패드의 길이도 제가 시작점부터 끝나는 부분까지형광펜으로 표시해뒀는데
확실히 베피스 모션 핏 팬티 기저귀의 패드 길이가 좀 더 기네요 
똑같이 부었고
똑같이 앞쪽 패드 부위에 중점적으로 부었습니다. 
아래 사진은 두유를 부은 후 바로 찍은 사진인데요
두유를 부은 후에 흡수력 보이시나요?저는 사실 베피스 모션 핏 팬티 기저귀 사용하면서 제일 처음으로 놀랐던 부분이 흡수력이였거든요 첫 날 사용하고 그걸 느꼈던 이유 중 하나가...아가야가 응아를 했는데 그 부분까지 거의 흡수 시키고 잔여물과 색만 남아있었다는....그런 좀 디러운 얘기를...정말 많이 놀라워서 흡수력 짱짱이라고 남편한테 호들갑까지 떨었네요 
좀 더 밀착시켜 찍어보았어요. 보이시나요?좌팸퍼스 베이비드라이우베피스 모션 핏 팬티 기저귀 
그리고 얼마나 되묻어 나오는지 테스트 해보기 위해 티슈로 한 번 확인해봤어요.똑같이 아무것도 안 묻어 있는 티슈를 반으로 접고 또 반으로 접어서 준비
일단은 그냥 올려놓아보기도 했고
 손으로 꾸욱 눌러보기도 했는데요
베피스가 덜 묻어나오길래...제가 오히려 오른손을 좀 더 힘 주기도 했고..앞 쪽 부위보다 뒤쪽 부위가 더 많이 되묻어 나오려나?하면서 뒤쪽 소변패드까지 티슈로 눌러봤는데
확실히 베피스 모션 핏 팬티 기저귀가 되묻어나오는 양이 적더라구요.이런 걸...하고 있는 나도 신기함 ㅎㅎㅎ
그리고 제가 볼 수 있는 기저귀 표면도 베피스 데님은 색상 때문인지 두유 색이 거의 안 보이는 것도 확인이 가능해요.뭉침은 비슷비슷했어요. 딱히 어떤게 더 뭉침이 적다..이런 건 손으로 만져봤을 때 잘 모르겠었어요. 
두유를 머금은 기저귀들의 무게는 어떻게 될 것인가?ㅎㅎ차이가 많을까 싶어 재봤는데
그람정도? 차이가 나긴 나더라구요. 딱 손으로 들어봤을 때는 몰랐는데...꽤 나네요 ㅎㅎ 
이렇게 간단하게 그냥 한 번? 베피스 기저귀가 어떤가싶어 비교해봤습니다
마지막으로 아가야 코듀로이 베피스 모션 핏 팬티 기저귀 착용한 뒤태입니다 
예전에 찍어두었던 활동적으로 움직이는 아가야 뒤태...입니다. ㅎㅎ 
저희 아가의 경우는 한 달에 팩을 구입해놓고 사용해왔었는데요
 베피스 모션핏 기저귀도 한 달에 팩 구매할 경우 
기저귀 매당 원 정도 했어요. 이 정도 가격에 이 정도 퀄리티면 넘넘 만족스럽다는
베피스 기저귀의 전 제품 라인 업오늘 제가 소개해드렸던 제품은 베피스 팬티형 기저귀 중 
모션 핏 남녀공용 대형 사이즈였습니다. 
 본 포스트는 업체로부터 제품을 무상으로 제공받아 작성한 솔직하고 주관적인 후기입니다. 
세일제품 
기저귀 베피스 엑스트라 소프트 팬티형 기저귀 여아용 대형 단계 
 쿠팡 할인 
베피스 엑스트라 소프트 팬티형 기저귀 여아용 대형 단계 
세일제품 기저귀 
 ▼ 
현재 상품정보는 쿠팡 물품으로 일시 품절이 될 수 있습니다. 
⭐⭐⭐⭐⭐개월쯤에 사용했을땐착용감이 별로라 잊고있다최근에 개월인 아이에게쓸려고 다시 주문했어요예전보다 촉감이 많이부드러워진듯한 느낌이구요허리밴드의 신축성은 적당한것같아요소변 흡수가 잘되어 자면서도새지않고 활동성도 좋은것같아요무엇보다 펌퍼스나 다른기저귀들처럼 흡수제가묻어나지않아서 좋아요아무리안전하다해도 흡수제가나오거나 보풀이 묻어나면신경이 쓰인는데 이건묻어나는건 없어요 단점은기저귀 교체시 옆선이잘찢어지지않아 불편할때가간혹있어요 저희아이가키로인데 싸이즈가딱맞는 느낌이라배꼽에딱맞아 활동후엔 배밑에걸쳐지는느낌 담번엔 로.... . 
 더보기 
🌟🌟🌟🌟🌟첫째때 신상품으로 나와서할인할때 기저귀뗀다고 막쓰려고써본적이있었는데 그때 가격에비해괜찮다 생각했었거든요 그래서둘째 기저귀로 주문해봤답니다흡수력은 상 이에요 가격대비너무괜찮아요 이것저것기저귀많이써봤는데 바로앞전에팸퍼스쓰거든요 근데도 뒤지지않는흡수력이랄까 페넬로페베이비슈주로쓰는데 그것들만큼 괜찮아요그리고 옆에 뜯는 라인도안쪽은 부드럽게처리되서껄끄럽지않다는게 두번째장점근데 가끔 고무줄은튀어요그건 페넬로페라인도 똑같거든요옆에가 견고하게 붙어있는기저귀들은 고무줄튀는경우가많아서그리고 착용했을때 핏으로따지자면 일반 마미포코스러워요옆으로넓고 앞뒤는 길지않아요길지않아도 짧지도않고요그냥 앞뒤긴거쓰시던분들은어조금 짧아보이네 느낌새어나오거나그런건 전혀없어요저희딸은 그냥보통체군데도조금큰감이있어요 넉넉하다고해야되나페넬로페이랑비슷한것같은데조금더넉넉해요 그래서 헐렁한느낌인데크다고는하기어려운 마른애기들 쓰는친구들은 조금클수도있을것같아요그래도새는거없이 흡수잘하고괜찮아요 저는 앞으로도써볼의향 있어요 반신반의하면서샀는데 너무만족스러워서.... . 
 더보기 
 . 
 .제품 리얼후기 더보기 ∇ 
상품정보 
 . 
 .제품정보 더보기 ∇ 
 .?소프트소프트.?일회용기저귀일회용기저귀.?유아동유아동 .?개개.?물티슈물티슈 
 .?여아용여아용.?기저귀기저귀 
 .?엑스트라엑스트라.? 
 .?.?팬티형팬티형 
 .?출산출산.?단계단계 
 .?.?베피스베피스 
이 글은 제휴 파트너 광고로 일정 커미션 지급을 받을 수 있습니다. 
기저귀할인제품 베피스 엑스트라 소프트 팬티형 기저귀 남아용 특대형
매입 
베피스 엑스트라 소프트 팬티형 기저귀 남아용 특대형
매입 
 세일중 
할인제품 기저귀 
 ▼ 
확인된 제품 정보는 쿠팡 품목으로 일시 품절이 될 수 있습니다. 
★★★★★큰애때 마코 제품을 너무 잘써서 계속쓰다 다른것 써보자하고사용시작했는데와우 괭장히 보들보들해요.... . 
 더보기 
★★★★★개월남아 잘맞아요 팬티는 잘 세서 킨밴드만 사용하다가 기저귀 뗄.... . 
 더보기 
★★★★★완벽한라인인대 허리자국 안남아좋아여 단점이 있다면애가 입고뭉게고 놀다보면.... . 
 더보기 
 . 
 .제품 리얼후기 더보기 ∇ 
상품정보 
 . 
 .제품정보 더보기 ∇ 
 .?일회용기저귀일회용기저귀.?베피스베피스.? 
 .?팬티형팬티형.?유아동유아동 
 .?물티슈물티슈.? 
 .?남아용남아용.? 
 .?특대형특대형.?출산출산 
 .?소프트소프트.?기저귀기저귀 .?.?매입매입 
해당 글은 제휴 파트너 광고로 일정 커미션 지급을 받을 수 있습니다. 
 베피스 기저귀 사용후기 
베피스 기저귀는 들어본적이 없어서 ㅎㅎ 산모교실을 통해 알게되었는데요 우연히 개나있는데 포장이 다 다르네요
전부 올해껀데 오버액션토끼가 가장최근이에요
소프트앤핏이나 오버액션토끼는 종류에 안보이네요
거의 비슷해요. 사이즈도 같고..베피스의 특징은 뒷면 허리밴딩이 엄청 쫀쫀하게 되어있음.제일 오른쪽게 엑스트라 드라이에요. 그나마 이게 기저귀 표면 느낌이 좀더 부드러움.
위에가 소프트앤핏 가운데가 액션토끼 맨아래가 엑스트라드라이두께차이 별로없음 사용후기 마미포코 군 기저귀와 비교
베피스는 다른기저귀들에 비해 밴드부분이 뻣뻣해요. 그래서 약간 싼티나요...그전에 쓰던것들은 친환경 네띠기저귀빼곤 이건 약간 종이느낌 거의 부드러운데 다른거 쓰다가 쓰면 느낄수있을정도. 흡수력은 나쁘지않음 발진도 없어요. 쓰는데 문제는 없으나 기왕이면 부드러운거 쓰고싶네요. 엄마마음두께감마미포코 뽀송허그 베피스군 군이 제일 도톰하네요 
크기마미포코베피스 군마미포코는 키로까지인데 베피스도 키로인데..베피스로는 키로 못갈듯... ㅋ 현재 키로인데 딱맞아요. 
허리밴딩베피스강 마미포코 약 군밴딩없음 개인적으론 밴딩없는게 좋아요 ㅎㅎ촉감군 마미포코베피스 군이 부드러워요ㅡ 내부촉감마미포코 군 베피스 아기가 닿는면은 마미포코가 더 부드러움그냥 쓰고싶어서 쓰는 산모교실에서 경품으로 받은 베피스 기저귀 가지 사용후기입니다.?베피스베피스.?기저귀비교기저귀비교.?마미포코마미포코.?군기저귀군기저귀.?베피스기저귀베피스기저귀.?기저귀비교기저귀비교.?기저귀후기기저귀후기 
 차원이 다른 부드러움으로 편안함을 입다
베피스 엑스트라 소프트 팬티 기저귀 
 베피스 기저귀의 팬티 기저귀 라인의사이즈 표도 자세하게 나와 있어요
아기에게 해로운 성분은 넣지 않았으며모든 제품에 전성분과 제조일자가 표기가 되어 있으니안심하고 사용하세요 
 기저귀를 꺼내 보았어요꺅 디자인이 너무나 예뻐 
 아기의 체형과 움직임을 고려하여 설계된총 
줄의 허리 밴드가 몸을 따라유연하게 움직여 더욱 편안한 착용감을 제공해요 
....... .......? 본문 이미지
제가 양손으로 기저귀를 당겨봤는데진짜 편안하게 쭉쭉 잘 늘어나더라구요 우리 아이 몸에 닿는다면조이지 않고 활동하기 편할거 같다는 생각이 기존 열처리 접착 방식이 아닌 비 가열식 최신 접착 기술을 적용하여밴드에서도 차별화된 부드러움이 느껴져요
......... ..?....... 본문 이미지
소변이 옆으로 새는 것을 막아 주어움직임이 많아도 샘 걱정 없이 안심하고 사용해요
......... ..?....... 본문 이미지
기저귀를 뒤집어 보았어요피부와 닿는 접촉면의 부드러운 감촉을 통해우리 아기 피부를 포근하게 감싸줄 수 있어요 
......... ..?....... 본문 이미지
두께는 아주 두껍지도 않고얇지도 않아요계절 사용해도 무방할거 같지만개인적으로는 여름보단 봄
 가을
 겨울에 사용하면 좋을거 같아요
 기저귀를 착용해 보았어요 
....... .......? 본문 이미지
...?... ........... ..?......... 본문 이미지 
......... ..?....... 본문 이미지
개당 기저귀 그램수는 
베피스 엑스트라 팬티 기저귀는낮
밤 할것없이 사용해 보았는데낮기저귀로도 밤기저귀로도 손색없이샘 없이 잘 사용하고 있어요 밤동안 한가득 소변을 본 기저귀예요 ...?... ........... ..?......... 본문 이미지 
......... ..?....... 본문 이미지......... ..?....... 본문 이미지......... ..?....... 본문 이미지......... ..?....... 본문 이미지
기저귀 처리 방법은 
기저귀 옆면을 손으로 뜯어 주세요.크게 힘들이지 않아도 잘 뜯기더라구요 
사용한 기저귀를 돌돌돌 말아기저귀 뒷부분에 있는 테이프를 쭉 댕겨서감싸듯이 붙여주면 끝
 우리 둘째가 태어나처음 입어보게된 팬티 기저귀 아무거나 입힐 수 있나요?고르고 골라 베피스 엑스트라 소프트 팬티로 결정했어요
 베피스 기저귀는 전제품 무형광 기저귀로안심하고 우리 아이들에게 입힐 수 있어요
앞으로도 쭉 입힐거랍니다 
해당업체에서 무상으로 제공받아 작성한 후기 입니다 
 《일등맘카페 무료임신축하선물 베피스기저귀 수령후기 
안녕하시렵니까오늘의 수령후기는 산모교실로 유명한 일등맘카페에서 주는 무료임신축하선물 베피스기저귀에요 
저는 월 신규가입자였는데 수령한지 한 달만에야 드디어 후기를 올리네요ㅎㅎ월 한 달간 정신없이 준비하고 정리하고 하다보니 이제서야 생각나서 늦은 후기 올리게 됐어요일등맘에서는 매 월 신규가입자를 대상으로 베피스와 함께 제휴하여 무료임신축하선물을 명에게 베피스 소형 기저귀 한 팩을 쏩니다 
당첨확인은 월 일에 했고 따로 당첨자에게는 문자로 연락이 오는데 보자마자씽긋 웃게됩니다ㅋㅋㅋ흐뭇하게 언제오려나 기다리면 금방와요일부터 순차배송하고 저는 일에 받았어요 
.......
.......?.
.......
.......? .......? .
.......
.......? .......? .
베피스 소프트핏 제품은 기존 제품에 비해더 가볍고 슬림해졌으며 아기체형맞춤 입체 설계로 움직임이 편하게 더 업그레이드 한 제품이라 하네요우리 아가 엉덩이 책임져줄 기저귀로 당첨당첨기저귀마다 아기들에게 맞는게 있다던데 여러 브랜드 중에 베피스 하나 떡하니 자리잡고 있답니다일등맘 카페는 인기가 많아서 달마다 가입자수가 어마어마한데 그 중에 뽑혔다는게 대단하지요별개로 베피스 예비맘기프트박스도 신청했었는데 당첨돼서 곧 올 예정이에요꺄웅신이 납니다 신이나♬ 
일등맘카페와 베피스 기프트박스는 계속 진행중이니 관심있으신 분들 링크따라가보세요 
 기저귀 추천 베피스 사용후기 
내돈주고 구매한 베피스 기저귀 사용후기에용우리 딸 기저귀 발진도 없고 이것저것 써도 문제없어서 좀 저가에 합리적인 가성비갑 기저귀를 찾기 위해 여러 기저귀를 사용해보고 있어요일단 베피스는 가격이 저렴해서 한번 구매해 봤어요이고 용이에요. 
아빠들
어른들 헷갈리지 말라고 앞
 뒤라고 크게 써놨네요 ㅎㅎ 
넓찍하고 길이도 길어요 
밴드도 길어요 ㅎㅎ엉덩이 자국 날까봐 걱정했는데 심하지는 않아요.저옆에 찍찍이는 다소 까끌까끌해서 아기 살 닿으면 아플거깉아요ㅠ 
중으로 막아줘용 
내부는 구멍이 촘촘해요. 음 흡수가 잘되는것같지는 않네요...그리고 엉덩이가 뽀송뽀송하지 않아요.장점과 단점 리뷰할게요장점은 저렴하다. 큼지막해서 샐걱정 안해도 된다.단점은 딱히 강점이 없다. 그래서 저렴하니까 자주자주 갈아주는 분한테 좋을거 같아요 발진 고민하시는 분한테는 비추합니다.이상 베페스 기저귀 리뷰였어요 
 베피스 젠틀온 기저귀 체험단 명 모집쾌적흡수더마테스트 인증 기저귀 
쾌적흡수더마테스트 인증베피스 젠틀온 기저귀 체험단 명 모집 
● 이벤트 안내 응모기간월 일월 일 당첨자 발표월 일 당첨상품베피스 신제품 젠틀온 기저귀당첨인원명 
 체험제품 자세히보기.
● 덧글 신청방법 안내. 이벤트 게시글을 본인 블로그와 로 스크랩 한 . 베피스 젠틀온 기저귀가 필요한 이유. 아기 성별개월 수기저귀 사용 단계 사이즈대형특대형점보 
● 후기작성 미션 안내 맘스홀릭베이비 카페 
건 블로그 
 후기 작성기간 목 까지 
 후기 작성 시
아래 공정위 지시 문구는 꼭 눈에 잘보이게 강조해서 삽입해주세요. 예시 업체명 로부터 제품을 무상으로 지원받아 작성된 후기입니다. 쾌적흡수로 아기 피부가 보송보송한 기저귀 내용 필수 독일 더마테스트 최고등급 인증 받은 부드러운 쾌적한 팬티기저귀라는 내용 필수 기저귀를 입은 아이의 모습 필수 필수 태그 .?베피스베피스.?젠틀온젠틀온.?베피스젠틀온베피스젠틀온.?쾌적흡수쾌적흡수.?기저귀추천기저귀추천.?팬티기저귀팬티기저귀 그 외
기저귀 관련 태그 
● 우수후기 당첨 안내 우수후기 당첨 상품오닉피노유기농 순면커버 생리대 종 명 우수후기 당첨자 발표수 
 베피스 드라이핏 팬티형 기저귀 남녀공용 특대형매손소독 물티슈 팩 
베피스 드라이핏 팬티형 기저귀 남녀공용 특대형매손소독 물티슈 팩 
 원 
가격변동이 있을 수 있으므로 아래 쿠팡 방문으로 확인하시기 바랍니다. 
 .쿠팡 방문하기
 . 
 상품정보 더보기 ∇ 
■ 실사용자 후기 
 . 
 리뷰정보 더보기 ∇ 
 이 포스팅은 쿠팡 파트너스 활동의 일환으로
이에 따른 일정액의 수수료를 제공받고 있습니다. 
 베피스 기저귀 당첨후기 
무료임신축하 선물로
베피스 홈페이지 이벤트에서 예비맘 모여라 신청했는데 한번에 당첨신청은 어렵지 않고
기저귀 한팩이라 소소한 샘플보단 훨 좋다따로 문자가 오지 않으니 당첨자 발표때 홈페이지 공지 확인하기당첨후 배송지 필수로 입력해야한다.당첨자 발표후 주안으로 온거 같음신청은 아래 참조 
....? ....? 
베피스 소형와 아기물티슈 개가 왔다유통기한도 따끈한 최근걸로 주셔서안심하고 쓸 수 있을것 같다. 담달에 별똥이 태어나면 써봐야겠다 
 무형광 안심 기저귀
 베피스 기저귀부드러운기저귀 아이도 편해요 
베피스 기저귀부드러운기저귀 팬티형 기저귀 추천
 베피스 기저귀
무형광기저귀 제품 이라 안심하고 쓸 수 있는 기저귀 베피스 기저귀 전체 형광증백제 무검출 인증 받았대용 짝짝ㅋㅋ
 대형 남아용 팬티형으로 주문했어용 확실히 이제 팬티형이 편하긴 하네요 ㅎㅎㅎ 그래도 밴드형도 아직까지 잘 쓰고 있음 
 통기성 소재로 통풍이 잘되어서 밤기저귀로 사용해도 문제 없고용 엑스트라 소프트 패드로 엄청 부드러운기저귀 에요 허리
허벅지 밴드 부분도 잘 늘어나고
아기 피부에 닿는 부분도 부드럽고용 
 오빠가 좋아했던 점 바로 앞뒤 써져 있는거 ㅎㅎㅎㅎㅎㅎ 기저귀는 다 이렇게 딱 써져 있어야 한다며 칭찬 가득 ㅎ소변 알림선도 남아용 답게 앞쪽부터 쭉패턴도 귀엽죠
 만져봐야 아는데 진짜 짱짱 부드러운 기저귀 베피스 기저귀 네요쿠팡에서 구입했구요 팩에 
원 정도라 엄청 저렴해요ㅋㅋ 역시 기저귀는 인터넷으로 사야 제맛 ㅋㅋ
 밤기저귀로 써도 문제없어요 통잠 자는 아기라
시간 이상 기저귀 차고 아침에 일어나면 갈아주는데이렇게 많이 쌌는데도 제 손에 묻어나질 않아 너무 좋았어요아기 엉덩이도 안 축축하다는 증거겠죠옹 ?? 
 그래서 요즘 밤기저귀로도 잘 쓰고 있답니당팬티형 기저귀라 외출할 때에도 꼭 챙기구요 
 신축성도 정말 장난 아녜요 ㅎㅎㅎㅎ 밴드 부분 진짜 아주 잘 늘어나네요 무형광 기저귀 확인 된 제품이다 보니 안심이고용 가격도 저렴해서 좋아요 베피스 기저귀 후기 끝
 예비맘 이벤트베피스 기저귀 후기♡엄마의 사랑 
 베피스 팬티 기저귀 후기 
 .?베피스러브허브기저귀베피스러브허브기저귀.?베피스러브허브팬티기저귀베피스러브허브팬티기저귀 
 베피스베피스 기저귀 사용후기 
베피스베피스 기저귀 사용후기 
 출산 후일 뒤에 집에 왔는데 어디선가 택배 하나가 도착 했어요 뭐지뭐지??하고 봤는데베피스 기저귀 였지요 월 예비맘 이벤트에 당첨이 되었던 거에요 몇번 도전 끝에 드디어 당첨되서 너무나 행복했어요 
 베피스 물티슈 매와 함께 왔어요 향은 무향이라 아무 향도 나지 않아요 
 사용기한은 년 월 일까지라서우리 방글이가 한달이 되려면 월 중반이넘어가야해서 그때 바로 사용하면 될 것 같아요 
 물티슈를 사용해보려고 스티커를 제거하는데 어찌나 강도가 세던지 아니면 출산후에 손에 힘이 약해진건지 접착력이 엄청나게 강했어요한장을 빼면 다음 한장이 저렇게 반이 따라 나와요ㅜㅜ 그래서 다시 넣기가 좀 불편하다는게 흠이에요. 
 물티슈 크기는 물티슈 크기보다조금 더 넓어요 비침 정도는 아래 그림이 살짝 보이는 정도에요
 옆으로 잡아 당겨 보았는데신축성이 굉장히 좋더라구요 
 베피스기저귀의 예쁜 아기 얼굴이 왜 저렇게 됬냐면요ㅜㅜ 택배가 도착해서 봤더니 다 찢겨져있었어요ㅜㅜ 너무나 속상했어요ㅜㅜ 혹시나 하고 기저귀도 막 보았는데 다행이 기저귀에는 이상이 없는 것 같아 테이프로 다시 붙여주었네요. 택배 기사님들이 조금만 더 신경써주셨으면 좋겠어요 
 베피스 기저귀는 소형이 까지사용할 수 있어요 우리 방글이는 .태어나서언제되려나 모르겠어요 모유수유 열심히 하고 있는데 포동포동 해졌으며 좋겠어요
 베피스 기저귀는엑스트라 드라이 시트와 우수한 통기성 배 길어진 허리밴드와 부드러운 접착 벨트 안심 이중 샘방지 시스템과 편리한 소변알림마크가 있는 기저귀랍니다. 
 제조 일자가 작년 월 일이네요 방글이 되면 바로 사용해봐야 겠어요 
 투명 끈도 있어 들고 다니기도편하답니다. 사실기저귀에는 다 있는 손잡이죠 
 절취선이 점선으로 표시되어 있어보고 조금 벌려주면 이렇게 열려요 굿굿굿 
 하나를 꺼내 보았는데 기저귀에 사이즈가표기 되어 있어 보기 좋았어요 여러가지 기저귀가 섞여있으면헷갈릴 수 있거든요 초보맘 티나지요.ㅋㅋㅋ 저기 보이는 노란 선은 소변 알림 마크에요. 아기가 소변을 보면 노랙색에서 초록색으로 바뀌어 그때 기저기를 바꿔주면 된답니다.디자인도 너무나 귀엽습니다. 
 벌려보면 이렇게 되어 있구요 허리밴드가 부드럽고 신축성이 좋아요 그리고 옆선도 신축성이 좋아서 방글이가 불편해하지 않을 것 같아요
 안쪽면은 부들부들하네요 우리 방글이 엉덩이를 보송보송하게잘 지켜주렴
 .인 우리 방글이에게 조금 큰 감이 있지만 살이 조금 더 찌면 베피스 기저귀로 사용할 수 있을 것 같아요방글이도 좋은지 발버둥치네요
 사랑스런 우리 방글이 베피스 기저귀로 엉덩이 보송보송하게지켜보세요... ... ▲ 베피스 바로가기 ▲
 업체로 부터 본 제품을 무상제공받아 사용후 작성하는 솔직후기글입니다. 
 후기 베피스 기저귀 샘플 
기저귀 한 팩과 물티슈가 무료로베피스 기저귀 예비맘 샘플팩 
이번엔 베피스 예비맘 이벤트 후기에요베피스는 타 기저귀 샘플들과 달리한 두장 낱개가 아닌 통크게 한 팩이 옵니다 
거기에 물티슈 매까지 함께요... 
명에게 돌아가는 베피스 기프트 박스는예비맘과 예비맘 지인이 참여 가능해요저는 한 번 미끄러졌다가두번째 응모했을 때 당첨됐어요 
베피스 인스타 팔로우 중이라이번에 쿠팡에서 진행된 특가로팩이나 구매했는데 한 팩 추가로오랫동안 베피스 기저귀를 사용해볼 수 있게됐어요 
하도 샘플을 많이 받아서여러 제품 찔끔찔끔 쓰다가한 제품을 오래 사용해볼 수 있어서 좋아요ㅎㅎ물티슈는 아직 사용하고 있는게 있어서써보지 못했지만 나중에 휴대용으로외출할 때 사용해보려고 해요 
이벤트 무료 상품이지만올해 월에 만들어진 제품으로따끈...까지는 아니지만 아직 따땃해요 
물티슈는 베피스 제품이겠지만처음보는 물티슈라 어떤 제품일지 궁금해용나중에 여러 물티슈 샘플들 전부 사용하고장단점을 깔끔하게 정리해보려고 해요ㅎㅎ아래는 참여방법이에요인스타그램 아이디가 있어야 참여가능한데
 요즘 다들 인스타 아이디 하나쯤은 있으시죵? 
에 사진 올리신 뒤
 아래 링크로 들어가셔서댓글로 과 인스타 아이디 남기시는 것
 잊지마세용 
다음에는 베피스 기저귀
물티슈사용후기도 들고오겠습니당
 베피스기저귀 사용후기 
 맘스다이어리 별별체험단 베피스 기저귀 체험후기 
드뎌... 받았네요..휴 전 하도 안와서 제 이름 누락됐는 줄 알았다는요. ㅋㅋㅋ 어쨌든.. 잘 받았슴당.예전에 베피스 홈피에서 이벤트 응모해서 당첨돼 한박스 받아 써봤었더랬죠 그땐 후기쓰는 시기를 깜빡 놓쳐 쓰질 못했었네요..죄송요...ㅜ.ㅜ한번 써봤던 베피스라 품질은 믿고 받아 흔쾌히 감사한 마음으로 쓰고있답니다.핑크핑크 러블리 핑크 패캐지 
 뜯어보니 안에도 핑크빛 베피스로고가 이쁘게 정렬 
싸이즈는 제가 갖고있는 다른 브랜드 같은싸이즈와 비교해 보니 비슷하네요. 그런데 좀 더 얇은듯했어요. 큰 차이는 아니지만요.. 
채워보려고 펼쳐보니 안에 패드가 엠보싱처리가 되어있다고 해야하나요?? 더 잘 흡수해줄것같은 느낌 
허리밴드도 편하지만 짱짱하게 잘 늘어나 아가 허리를 죄는일 없이 편한듯했구요지유야.. 착용감이 어때?? 편해?? 물어보고싶네요.. 쩝 기저귀에 소변알림줄 뿐만 아니라 앞.뒤라고 표기되어 있어서 초보엄마 아빠들아빠들은 둘셋을 키워도 영원한 초보니까요에게 좋을꺼같았어요. 활동적인 우리아기 앉았다 일어났다 굴렀다 뛰었다 누웠다를 반복해도 흐트러짐없이 아기불편하지 않게 잘 채워져있네요. 역쉬.. 베피스입니당 
본 체험후기는 무상으로 베피스에서 제공받아 쓴 후기입니다. 
 베피스 엑스트라 소프트 팬티형 기저귀 솔직후기 
베피스 엑스트라 소프트 팬티형 기저귀 솔직후기 
잡고 서기 시작하는 개월아가어떤타입의 기저귀 사용하시나요??밴드형? 팬티형?우리 미코는 지금까지 밴드형 기저귀의 사용빈도가 더 높았어요개월아가이긴 하나 개월아가 평균보다 안나가는 몸무게 그래서 팬티형기저귀는 사이즈가 좀 크더라구요그런데 기저귀는 교체하는 동안 잠시도 가만히 있지 않는 우리 미코 뒤집고 기어서 도망다니고밴드형기저귀는 채우기가 너무 힘들어서 팬티형기저귀를 써야지 했는데미코가 쭉 사용하고 있는 베피스 엑스트라 소프트 기저귀도 팬티형 기저귀가 출시됐다는 반가운 소식다행이 베피스기저귀는 사이즈가 살짝 넉넉하게 딱 맞아서 넘 좋아요 베피스 엑스트라 소프트 팬티형 기저귀 착용해본 솔직후기 남겨볼게요 
베피스기저귀는 포장에 아가모델이 들어가 있어서좀 더 정이 간다고 할까요?ㅋㅋㅋㅋㅋ우리 미코도커버속 아가를 진짜 좋아해요 ㅋㅋㅋ잡아먹을듯한 기세 ㅎㅎ참 이쁜 아가들 많은거 같아요 ㅋ저도 아기 낳으면 저렇게 이쁜 아가 나올줄 알았는데 ㅋㅋㅋㅋㅋㅋㅋ그것은 실패했네요본론으로 돌아와서베피스 엑스트라 소프트 팬티형기저귀도 밴드형처럼 남아용 여아용 구분되어 있으니구매하시는 분들은 참고해서 구매해주세요 
베피스 팬티형 기저귀는 대형 사이즈부터 있어요중형사이즈가 없어서 좀 아쉬웠는데중형사이즈의 아가들도 대형사이즈로 입히면 충분히 잘 맞아요베피스의 기저귀가 타사의 기저귀 보다 살짝 작게 나온거 같아요기준 몸무게 도 적게 표시되더라구요그리고 저는 기저귀를 좀 넉넉하게 채우는 편이여요하루종일 기저귀하고 있는 아가들 답답할까봐 ㅎㅎㅎㅎㅎㅎ 
베피스 엑스트라 소프트 팬티기저귀 핑크 핑크 하니 이쁘죠??기저귀만 채워도 패션이 될 정도로 디자인이 이쁘고핏도 이뻐요 우리 미코 기저귀 갈아줄때마다 어디 기저귀냐고 여러번 질문 받았더랬죠 ㅎㅎㅎ 
기저귀 이름이 괜히 엑스트라 소프트가 아니여요정말 기저귀 한장 꺼내 들자마자 딱 드는 느낌앗 부드럽다안쪽 패드가 부드러워서 아가들이 부드러움을 느끼는건 물론이고
 겉커버까지 부드러워서 기저귀를 갈아주는 엄마들에게도 부드러운 촉감이 그대로 느껴질 정도여요 
기저귀 패드가 엑스트라 소프트라 정말 부들 부들 촉감이 좋구요흡수가 빨라서 구지 여름용 기저귀로 출시된건 아니지만 여름용 기저귀로 사용해도 정말 충분히 자격있어요 ㅋㅋ 
허리밴드 부분에 자글자글한 주름 보이시나요??이것이 울트라 소닉 실링으로 비가열식 최신 접착 기술을 가했다고 해요그래서 정말 부드러움이 말로 표현 못해요 ㅎㅎ 
기저귀라기 보다 그냥 면팬티를 만지는거 같은 부드러움우리 아가들의 연약한 피부에 닿았을때촉감이 진짜 좋아요 
움직임이 많은 우리 미코활동하기 너무 좋아요 ㅋ신축성과 부드러움을 동시에 가지고 있으니 말이죠 ㅎ이건 정말 직접 만져보고 사용해보지 않은 사람들은 모르는 느낌이라직접 사용해보시라고 정말 강추하고 싶어요 
기존에 베피스 엑스트라 소프트 밴드형 기저귀를 쭈욱써와서워낙 좋은건 알고 있었지만이번에 팬티형으로 사용해보면서 또다시 느낀점은베피스 엑스트라 소프트하면 정말 부드럽고 신축성 좋다라는 거네요 ㅎㅎ 
기존에 베피스 엑스트라 소프트 밴드형 기저귀의 자세한 기능을 포스팅한적이 있어요자세한 기능이 보고 싶으면 참고해주시면 되는데요 
부드럽다 신축성이 갑오브갑이다이 두단어로 함축해서 베피스 엑스트라 소프트 기저귀를 표현하면 될거 같아요 ㅎ 
베피스 엑스트라 소프트 이거 맘에 드네? 
몸에 착 감기는 맴시로 아가들의 뒷태가 더욱더 사랑스러워보여요 ㅋ 
깔끔한 뒷태 이쁘죠?? 
요즘 날씨가 더워서 기저귀 잘 안할려고 하는 미코인데엑스트라 소프트 기저귀는 거부 반응없이 잘하고 있어요 
잡고 서는 동작에 재미가 들려서 정말 가만히 있지 않는데요베피스는 다양한 체형를 고려해서 부드럽고 쫀쫀하게 만들어져서움직임 많은 아가들도 샘걱정은 할필요 없어요 
아기 피부에 닿는 부분이 정말 보들 보들하답니다. 줄의 허리밴드가 몸의 움직임에 따라 자유자재로 움직이는 기저귀참 괜찮지요?? 
적은 양의 소변에도 확실하게 반응하는 소변알림선이네요 
동글동글 말아서 테잎핑처리해서 버리면 끝 
부드러운 아기기저귀 신축성좋고 흡수력 좋은 기저귀베피스 엑스트라 소프트 팬티형 기저귀속는셈 치고 한번 사용해보세요재구매의사 일걸요? 
 무료임신축하선물 당첨 후기 베피스 기저귀 
안녕하세요 뿅뿅이맘쓰럽이에요지난번 일등맘산모교실에 가입
 임신축하선물을 신청했는데 당첨 똭이번엔 베피스 엑스트라 드라이 남녀공용 소형 매 한팩을 받았어요아직 우리 뿅뿅이가 쓸려면 조금 시간이 남았지만
뒤에 적힌 설명서를 미리 읽어봤습니다 
엑스트라 드라이 시트많은 양의 소변을 빠르게 흡수하고 새지 않아 아기 엉덩이가 보송보송우수한 통기성통기성 소재를 이용해 공기가 잘 통하도록배 길어진 허리밴드부드럽고 신축성이 뛰어난 허리밴드가 넉넉하게 허리 감싸부드러운 접착 벨트착용감이 우수하고 버릴 때도 깔끔하게 정리안심 이중 샘방지 시스템 소변이 옆으로 새는 것을 막아 줌편리한 소변알림마크소변 알림 라인의 색이 노란색에서 초록색으로 바뀜이런 우수 기능이 있다고 하는데... 뿅뿅이가 태어나면 직접 써보고 다시리뷰 남겨야겠어요베피스 엑스트라 기저귀 잘 쓸께요
 월 무료임신축하선물 아직 신청 안하신 분들이라면 신청해보세요.. .. 
 베피스 모션핏 팬티기저귀 사용후기 
베피스 가장 큰 장점이죠
 가격이 참 착해요거기다
 흡수율도 좋아서 우리 거니 낮기저귀로 사용 중인 베피스♡하나 보 에는 발진증상을 보이는 예민한 피부의 아가라 베피스 입히고 올레를 외쳤답니다ㅋㅋ그렇게 아기 개월 때부터 돌이 지난 지금까지 개월 사용 중인데요
 자신있게 괜찮은 기저귀라고 말할 수 있는 제품이에요 
베피스 모션핏 팬티 기저귀 
디자인 어떤가요?코듀로이데님 가지 디자인인데 입히면 기저귀같지 않고
 바지를 입힌 것 같아요ㅎ 
뒤가 크게 적혀있어 재빠르게 도망가는 거니를 잡아서 입히기 쉬워요ㅋㅋ앞
 뒤 확인하다 아기 놓치기 쉽잖아요. 하하 
 저만 그런거 아니죵?ㅡ.
 ㅡ 
기저귀 뒷처리밴드도 있어 깔끔하게 처리 가능합니다 
베피스 기저귀는
 고흡수성수지 사용으로
 강력한 흡수력을 자랑하고
뭉침 걱정도 없어요 
 통기성소재로 언제나 뽀송뽀송부드럽답니다거니는 기저귀발진으로 고생이 심했는데 베피스 사용하고는 한번도 트러블이 없어요 
 안심 이중샘 방지로 소변 양이 많아도 샌적이 없어요 
허리 허벅지 밴드도 굉장히 소프트합답니다 
줄의 고무밴드는
 신축성 짱짱아기 엉덩이에 촥촥 감기는 핏이에요ㅋㅋ 
두께도 얇고 가벼워서 아기가 착용하고 생활하기에 불편함이 없어요 
거니의 낮기저귀로 함께해온 베피스베피스 쓰는 거니 친구들은 전부 만족하고 있다는 사실 
거니 외출 할 땐
 언.제.나 베피스와 함께 랍니다♡데일리 기저귀로 사용해보세요후회하지 않으실거에요 
 유흐감사합니다❤다들 축하합니다
ㅎㅎ 감사합니다 모두 축하해용♡
다들 축하드려요
감사합니다
감사합니다
감사합니다
축하드려요
감사합니다❤
감사합니다ㅎ 모두 축하드려요
축하드려요
 가격도저렴하고 좋아요 단점은 팬티형 옆에 뜯는게 힘들어요
그렇군요
저두 잘 쓰고 있어요
저도 잘 썼어요. 발진없이.. 가격도 저렴하고요. 근데
팬티 옆에 뜯는게 땜시 그만 써요. 그거 뜯다가 성격 버릴듯 ..ㅎㅎ
헐. 주문했는데... ㅠㅠㅠ밴드고민하다가 팬티 했는데. ㅠ ㅠ 얼마전에 티몬서 딜 떴었거든요.... ㅠㅠ
옆에 뜯을때 밑에서 위로 뜯으면 쉬워요.위에서 아래로 뜯으려면 잘안돼더라구요.잘쓰고있네요
 전 너무두껍더라구요ㅜㅋ
저희아이는 발진이 잘나서 베피스도 발진났네요..근데 팸퍼스
 리베로빼고는 거의 모든제품이 발진나는 아이었어요
 저는 잘 세서 바꿨어요 신생아인데 제일 작은 사이즈도 크더라고요
 베피스 쓰고있는데 좋은거같아요. 요즘 장염으로 분유를 잘 안먹어서 소변량이 좀 줄긴했지만 밤에 새지도 않고 괜찮은거같아요
베피스흡수력도갼코얇고좋더라구요밤에도쉬야많이해도새거나그런거없구요
마미포코쓰다가 갈아탓어요 얇고흡수력좋고 기저귀닿는부분 보송해요ㅡ허리도편하구요ㅋ단지 허리뜯어지는부위약해서 입히다가잘찢기는거 제외하믄 다좋은듯요ㅋ
한번도 샌적없어요 베피스좋아서 그거 한동안 계속 썼었어요
저도 이번에 좋다해서 쓰는데 진짜 깜짝 놀랄정도로 흡수력좋네요 기저귀 안써본거없는데 감탄중이예요 ㅎ
한팩 써보고 인터넷에서 대량구매하세요 저 신생아용? 단계 남녀공용 한팩있는데요... 구매하실래요??
저..대형필요해요
 좋은정보 감사해요
저도 유목민 ㅠㅠ
저도 아이 신생아때부터 슈베스 오래도록 썼는데 슈베스가 사이즈가 좀 작게 나와서 이제 키로 허벅지 통통 아가는......다른 기저귀 찾아갔습니다ㅠㅠ사이즈 큰게 있었음 좋겠네용
 밤 기저귀로 여름용으로 쓰기 괜찮았네요
감사해요
저는 모션핏 쓰는데 잘쓰고있어요저렴하고 잘 안세고 괜찮아요
맘님혹시한단게크게사용하시나요
임마뮴년풍덕동키로 특대형도 점보도 괜찮게 맞아요여름이니 낙낙하게 한사이즈 업하셔도 괜찮을거같아요
팬티형쓸때 가격이 싸서 잘썼어요ㅎ두가지 다 써봤는데
 크기가 좀 작은거 빼곤 밴드부분도 쫙쫙 잘늘어지고 쓸만해요ㅎ사이즈는 표기된것보다 단계씩 업해야해요. 특대가 타사 대형사이즈....
사이즈가작군요ㅠ그걸노칠뻔햇네요
임마뮴년풍덕동전 팬티형만 써봐서.. 팬티형은표기사이즈보다 단계 작다고 보심 되어요
지니맘년중동네ㅎ저두지금팬티형보구있어요ㅎ
임마뮴년풍덕동점보실제로는 특대형ㅎㅎ까지 나와요킬로일때 점보썼었어요ㅎ 전 하ㄱㅅ보다 밴드부분이 부드러워서 좋았어요.스스로입고.벗고 하게 팬티입는연습시키기도 좋았구요ㅎ매직벨트는 찍찍이가 자꼬 애기살에 찔려서..ㅠㅠ
 축하드려요 아이키울때 기저귀만큼 필요한선물도없죠ㅎ
감사합니다 기저귀 오니 아직 아가도 없는데 좋네요 
축하드려요저도 출산용품에잘놨두었다 아기태어나면 바로써보려구요
네 저도 지금 하나 하나 모으고 있어요 ㅋㅋ 고맙습니다 
축하드려요 저두방금 받았어요 ㅎㅎ
축하드려요ㅋ 선물 좋네용 
저도 이거 받았어요ㅎㅎ기저귀선물은 언제나 기분좋지요 이거 미끄러지는분들도 있으시던데 축하드려요
축하드려요기저귀 선물 좋네용 
기저귀 받으신거 축하드려요.다른 경품도 좋지만 요즘은 기저귀가 젤 좋은것같아요
맞아요 기저귀 선물 좋네용고맙습니다 
 베피스 첨 출시됐을때부터 썼는데 괜찮았어요.둘짼 친구가 치쿨사줘서 써보고 치쿨로 갈아탔어요ㅎ
 저도 하나하나 써보니 넘 좋아서 만족하는 제품이에요
향도 그렇고 좋더라구요 특히 오일이 너무 맘에들어서 당첨되기 잘 한것같아요ㅎㅎ
오오베피스에이런것도잇군용기저귀두괜찮든뎀ㅎㅎ
기저귀도 괜찮은가요? 한번구입해서 써봐야겠네요
거제꼬미맘네가끔그거신청하는이벤트나오는데신청하시면한팩으로턱하구오거든요그거사용해보시구해도좋을듯싶어요
대전대바깅맘어디서 신청하는지 자세히 여쭈어도 될까요?ㅎㅎ
거제꼬미맘카페하시다보시면 가끔씩올라와요 그거 나오면 신청하시면되요 여기 일등맘카페에서 공고해드려요 ㅎㅎ
대전대바깅맘아 그렇군요ㅎㅎ 감사합니다
거제꼬미맘꼭해보세요 ㅎㅎ잘들어오셔서 확인잘해보시면 될거가타요 ㅎㅎ
대전대바깅맘자주 들어와바야 되는거겠죠?ㅎㅎ
 구매해 봤어요
사은품 꼭 챙기세여 ㅎ
◆리워드 알리미◆ 지금 몰리 경유해서 구매 하면 . 적립됩니다....? ...?적립된 포인트는 언제든지 현금환급 또는 배송비로 사용가능합니다.
모션핏 좋아요 가성비 ㅋ 새지도 않고 부드럽구요
소프트는 안써봤는데 비슷하다는 후기땜에 저도 모션핏만 써요
첫아이 신생아때 하루에 개이상써서신생아꺼 한번사봤어요ㅎ곧 둘째 나올꺼라저렴하게 잘샀어요감사해요
저도 가성비 있는거 찾아보다가 후기 좋은걸로 사는편이라 이것저것 써보긴 하는데 요건 항상 만족하고 써요
크림이맘님이시죠아이디랑 옆닉네임 확인차 댓글 드렸어요
넵 몰텔 아이디가 바뀌어서요 주말에도 수고 많으셔요
 몰테일 아이디가 지금 우기기이신가요?몰테일 아이디가 바뀌긴 어려운데요..사서함번호 여쭤봐도 되나요?
 축하드려요 이거 은근 미끄러지는분들 많다고 하시더라구용ㅋㅋㅋ
월달에이벤트신청했던게 다미끄덩한지라 전 이벤트신청해 놓고까먹고있었어요 ㅎ다른이벤트에당첨되서물티슈도받았는데일등맘하고는인연이있나봐요
저도 오늘 받아봤어요 ㅎㅎ 기저귀 통째로 받는거 첨이예요
저도이벤트해서 기저귀한팩으로받기는처음이에요 ㅎ어서사용해보고싶네요
우와 축하드려용
감사합니다
전 떨어졌는데 받으신거 축하드려요
감사합니다
축하드려요 당첨되면 하루종일 기쁘죠
설레이더라구요 ㅎㅎ감사합니다
 축하드려요
감사드려요 ㅋㅋ 넘나 기분좋아요 ㅋ
우왓 기저귀는 넘좋즁ㅋㅋ축하드립니당
아직 아가가 뱃속에 있지만 살림하나 느는것같아 너무 기분좋아요 ㅋㅋ 산모교실에서 당첨안되서 너무 서운했는데 이런 행운이 ㅋ
축하드려횽
감사드려용 ㅋㅋ
우와 ㅎㅎㅎ 전 오늘 비움의 태교햇어요 ㅡㅡㅋㅋㅋㅋ
저도 늘 비움의 태교를 하는데.. 부지런히 다니니까 그래도 행운은 주어지더라구요 
축하드립니다 꼭필요한거라 더좋으시겟어영
네 ㅋ 너무 좋아요 ★ 너무 기뻐요♥
 네 했어요 ㅋ 몰랐어요♥ 죄송해요
 배피스 슈퍼대디는 뜯을때 고무줄 아파요. 비츄
슈퍼대디 밴드형 써봤는데 저는 괜찮았어요 개인적으론군이랑 비슷한 느낌이더라고요.
베피스 밴드부분이 까슬해서 별로예요
킨도기저귀도 좋은거같아요ㅎㅎ
베피스 비추리베로 밴드형 좋아요팬티형은 샀는데 아직 안써봤고요
 요거 좋아?나도 현호 하 요기꺼만 쓰는데비싸고 자고 일어나서 새네근데 현호가 쉬를 많이 하기도 하고기저귀 바꿔보고 싶고만
어어 자고 일어나서 새는거 ㅜㅜ 문예으니도 ㅎ 밴드형은이거 한 번 써봐 진짜 난 좋더라구 
기저귀발진 땜에 바꾸는거 쉽진않은데..괜찮다고하니 한번 써보고싶은 맘이 드네용ㅎ
후기야 의무라서 쓴거긴 하지만 진짜 부드럽고 좋더라구요 전 그래서 이번에도 이걸로 샀어요 가격도 하기스에 비해 많이 저렴해서 ㅋ
가격도 저렴하다고 하니 바꿔볼까 싶네요
베피스 좋아요부드럽고 도톰하고ㅎㅎ
 저 지금 집에서 베피스쓰고있어요 베피스 전 완전만족하네요ㅋㅋ지금 세박스네박스째쟁였어요
답변 감사합니다. 밖에서 쓰기에도 괜찮나요?
후랑 환이랑유촌동전 밖에선 기저귀갈기 쉽게 매직팬티 옆에뗏다붙였다하는걸로써용근데 이거 밖에나갈때도 채우고나가곤해용
저도베피스써요 밴드는 별로고 팬티는 저렴한가격에 만족하며써요 발진없었구 센적두없어요
무난하게 쓸만한가보네요. 저도 주문해야겠네요.
저도팬티이것저것. 마미포코.하기스.네츄럴블라썸.보솜이.베피스 이렇게썻는데 별반다른거 없이 괜차나요. 기저귀지겨워서 종류별로써보거든요ㅋ
답변 감사해요. 지금 주문 해야겠네요
저도 첫째때 베피스 팬티기저귀 좀 채웠는데. .쏘쏘정도인것같아요저렴하지만.나쁘지않고...그렇다고 엄청 좋은것은 아닌...가격대비 괜찮은정도..
전 이거 쓴지 오래되었어여..팬티가 넘 편해서 저렴해서 사용하다보니 요거 세일하면 쟁이고 있어여
저도 의심적어 하면서 함써봤는데 좋아요 ㅋㅋ
 저두 잠깐써봤는데기저귀갯수도 많고저렴하긴해요 새거나하지는 않구요저는 팬티썼는데좀 뭉치는게 있긴하네요 처진다고해야될까요
아... 급한맘에 막 주문하고 오는길이에요 ㅜㅜ 쳐지는 현상이 있구나 ㅠㅠ 경험이라 생각하고 써볼께용 감사합니다
쏠펨퍼스도 처지든데요뭘참팬티면옆트임이 잘안찢기네요 나비잠이나 마미포코는좀 낫더라구요 나비잠도 괜찮아요
울 딸랑구 아... 전 밴드로 구입했어요 겨울이라서 이제 팬티는 외출시에 옷 다 벗기고 갈아입히기 힘들것 같아서요 ㅎㅎㅎ
그냥저냥 비슷비슷 쓸만해요 다른기저귀랑 큰차이 없었어요
감사해용 오늘 배송오는데... 새는거만 없음 좋겠어욯ㅎ
 그냥 이따 이마트에서 네이처메이드 행사하나 가봐야겠네요
저도 별로여 냄새나요 화학냄새요ㅠㅠ
별루군요..미리물어보길 잘했네요
안쓰던건 샘플써보게 하는싸이트나 블로그도 있더라구요 반가워용
그런데도 있어요??몰랐네요저도 반갑습니당
저만 괜찮나보네요 ㅎㅎ 전 베피스 팬티기저귀 모션핏 입히는데요 저는 싼걸 사서 자주 갈아주자 주의라서 걍 팍팍 써요 근데 대변 봐서 씻길땐 옆 부분이 매직팬티처럼 양쪽으로 뜯어지는게 아니라 헐크처럼 잡아당겨서 뜯어야하는 단점 빼곤 모르겠어요 오히려 매직팬티 입히면 밤에 쉬야가 새는데 이건 안새더라구요 글서 외출땐 매직팬티 집에선 모션핏 입혀요 똥꼬 발진도 없구요 이건 애마다 틀려서 ㅎㅎ 여튼 전 잘쓰고있어요참고로 갤이고 팬티기저귀 입힐때부터 이거 사용했네요
아괜찮으신 분도있으니 다행이네요
전.바바랩 쓰는데..장당 원이예요..팬티기저귀이고.옆에도 잘 뜯기고 .. 만족하면서 쓰고 있어요 ㅎㅎ
바바랩이라는 브랜드도 있나요?제가 넘 올드한가봐요ㅎ
 저희는 아주만족하면서 써요 울아기는 기저귀발진이예민한데 이건괜찮네요ㅋ
ㅇㅏ 그래요 사이즈는 다른 회사랑 비슷 한가요?
아주민소영회사마다 사이즈가 다달라서 뭐라이야기하긴 그렇지만 저아기가여태까지쓴기저귀들이랑은 거진 비슷했어요ㅋ
장평정영희넵 이른아침 답변 넘 감사해요
아주민소영아니에요 애기엄마끼리ㅋㅋ당연히 서로돕는거죠ㅋㅋ
베피스 소형때부터 중형까지 쓰다 하기스랑 보솜이 마미포코 페넬로페 정도 써봣는데가격대비 만족이여ㅎㅎ최악은 보솜이였네요ㅜ옵션은 다다르겠지만 사이즈는 정사이즈인지 조금 작은편에속해요 저희애기 허벅지가 짱짱보라그럴지도
답글 감사드려요이번에 베피스꺼 한번써봐야겠어요
 출산 예정이예요ㅎㅎ 받고 싶은데 어디쯤 사시는지 여쭤봐도 될까요? 
거리가 머네요ㅜㅜ 드림 응원합니다 명절 잘 보내세요ㅎㅎ
몽이몽이맘좋은 명절되셔요 출산이 얼마 안 남으셨다니 편히 지내시구용♡
월초 예정일인데 받을수있을까용? 얼마전에 드림받아서 괜찮을지 ㅠㅠ
일에 한 번이래요 일 내 받으신거 없음 괜찮을 것 같아요ㅎㅎ
직장이 구서동이라 오늘도 가지러갈수 있는데 가능할까요?
유니짱앗 가능해요가능해요 챗드릴게요
유니짱님께 드릴게요
불발시 줄서 보아요
 본인이 직접찍은 실사첨부는 필수입니다 수정해주세요
아 죄송합니다 수정하겠습니다
 저요.
쳇드릴께요 엄청빠르시다며 
저도 베피스 쓰는데 손 든어 봅니다
저도 손들어봅니다
거래완료
 챗보셔요
 팔렸나요?
판매완료되었습니다
 저용
챗 드리겠습니다.
백군감사합니다♡
줄서보아요
완료되었습니다.댓글 감사합니다. 
 커피 쿠폰 어떤 거 몇장과 교환되나요? 
채팅이 안되서 쪽지로 보냅니다
