[],"['\n                    <p class=""se-text-paragraph se-text-paragraph-align-"" style="""" id=""SE-ef7ec297-f361-11e9-9f1d-e33ec35f2df0""><span style="""" class=""se-fs- se-ff-"" id=""SE-ef7ec296-f361-11e9-9f1d-e7f601ddda37""><!-- -->후기이유식 바쁜 주말아침 아이배냇 햅쌀이유식 간편하게 바로 먹여요<!-- --></span></p>                ']",[],[],[],[],[],[],[],"['\n                    <p class=""se-text-paragraph se-text-paragraph-align-center"" style="""" id=""SE-3f1741ea-1f0f-11e9-8fe4-61d5ca6772a8""><span style="""" class=""se-fs- se-ff-"" id=""SE-3f1741e9-1f0f-11e9-8fe4-bf4b009bc3b9""><!-- -->(후기이유식) 아이배냇 육수비법으로 소고기무국진밥 만들어요!<!-- --></span></p>                ']",[],[],[],"['\n                    <p class=""se-text-paragraph se-text-paragraph-align-center"" style="""" id=""SE-0f8b5a30-38a9-11e9-9ed8-515ad272c425""><span style="""" class=""se-fs- se-ff-"" id=""SE-ed6a2263-4d0d-11e9-a2a6-e3addb66ef6c""><!-- -->실온보관이유식 비교 파스퇴르 vs 아이배냇 vs 맘마밀 8개월아기 중기 후기이유식 후기 (ft. 아기랑 해외여행 준비하기)<!-- --></span></p>                ']",[],"['\n                    <p class=""se-text-paragraph se-text-paragraph-align-"" style=""line-height:1.8;"" id=""SE-5ce27f32-a7e7-4691-863c-fea17f571bf3""><span style="""" class=""se-fs- se-ff-"" id=""SE-9fa1c89e-5389-4ec4-b65d-131e729f8abc""><!-- -->후기이유식 육수내기 아이배냇 육수비법으로 쉽게 하세요.<!-- --></span></p>                ']",[],"['\n                    <p class=""se-text-paragraph se-text-paragraph-align-"" style="""" id=""SE-b8f230ad-ca49-42e5-99ef-9d06c81614d5""><span style="""" class=""se-fs- se-ff-"" id=""SE-49500e71-1662-11e9-ace7-f3a858ff6666""><!-- -->9개월 후기 이유식:) 아이배냇 햅쌀이유식 편리해 <!-- --></span></p>                ']",[],"['\n                    <p class=""se-text-paragraph se-text-paragraph-align-"" style="""" id=""SE-a2a5c985-f38f-4358-837f-1e0c7e8f8943""><span style="""" class=""se-fs- se-ff-nanumsquare"" id=""SE-8e04aa3a-58fa-4216-b735-f24d0c4a7048""><!-- -->아이배냇 아기간식, 햅쌀이유식 외출필수템 <!-- --></span></p>                ']",['[이유식 후기] 아이배냇 햅쌀 이유식 먹여 보신분 있나욮'],[],[],[],[],[],['[체험단사용후기] [아이배냇] 햅쌀이유식 너무 편해요(아기랑해외여행 필수품)'],[],['아기이유식성공기 아이배냇베베햅쌀이유식 후기~'],[],['[대세체험단후기] 아이배냇 이유식 퓨레 후기'],[],[],[],[],"['\n                    <p class=""se-text-paragraph se-text-paragraph-align-"" style="""" id=""SE-89add7e0-23d1-41e4-8a65-3296eaa3993f""><span style="""" class=""se-fs- se-ff-"" id=""SE-2a3fbcda-bab4-4065-8943-808dc0204902""><!-- -->시판이유식 아이배냇 쟁여두니 든든!<!-- --></span></p>                ']",[],"['\n                    <p class=""se-text-paragraph se-text-paragraph-align-left"" style=""line-height:1.8;"" id=""SE-4d8acb04-8034-444a-9bdc-57798c0e0118""><span style="""" class=""se-fs- se-ff-"" id=""SE-8a725eb3-b056-42e6-a1f7-389601a43db6""><!-- -->아이배냇 베베 햅쌀이유식 얼마나 잘먹을까!?<!-- --></span></p>                ']",[],[],[],[],[],[],[],[],[],"['\n                    <p class=""se-text-paragraph se-text-paragraph-align-"" style="""" id=""SE-55ea7894-2d67-459f-a978-cd5b0033cfed""><span style="""" class=""se-fs- se-ff-"" id=""SE-ff52637e-0b7d-4e89-ac74-0120a39364cb""><!-- -->아이배냇 햅쌀이유식 간편하게 잘먹어서 좋아!<!-- --></span></p>                ']",['아이배냇 이유식 후기 !'],[],['아이배냇 이유식 구입후기!'],[],[],[],[],[],['아이배냇 햅쌀 이유식. 상온이유식 가방에 쏙!'],[],['[ 아이배냇 육수비법] 후기이유식 육수국물 요리 활용하기'],[],['긴연휴에 미리준비하는 아이배냇 햅쌀이유식 후기'],[],[],"['\n                    <p class=""se-text-paragraph se-text-paragraph-align-center"" style="""" id=""SE-72e4de2d-8865-4956-bcc7-b18254b25cad""><span style="""" class=""se-fs- se-ff-"" id=""SE-70679026-ebc1-423a-876f-ceec99436ec7""><!-- -->아이배냇 햅쌀이유식으로 다양하고 간편하게!<!-- --></span></p>                ']",[],[],[],[],['아이배냇 후기이유식 영양죽만들기'],[],[],"['\n                    <p class=""se-text-paragraph se-text-paragraph-align-"" style="""" id=""SE-81707ca2-2547-47cb-9e32-2603b0abd4a6""><span style="""" class=""se-fs- se-ff-"" id=""SE-9de8483a-88f0-41a2-b805-ebe6f7cc26d3""><!-- -->완료기이유식. 아기 밥새우에 아이배냇 참기름 넣어봤심<!-- --></span></p>                ']",[],[],[],"['\n                    <p class=""se-text-paragraph se-text-paragraph-align-"" style="""" id=""SE-524c2110-48dc-42bb-a2ba-927c28edb89d""><span style="""" class=""se-fs- se-ff-"" id=""SE-f8bc49db-ecf4-4f7f-881d-3116827e2740""><!-- -->아이배냇 베베 햅쌀이유식으로 간편하게 먹여요!<!-- --></span></p>                ']",[],[],[],"['\n                    <p class=""se-text-paragraph se-text-paragraph-align-center"" style=""line-height:1.8;"" id=""SE-9f9348f2-baeb-40d0-99c4-7091d5019d7a""><span style="""" class=""se-fs-fs26 se-ff-nanummyeongjo"" id=""SE-8C276F71-5CC9-4F5E-88DD-AFD6F7288788""><!-- -->아기 이유식, 간식은 아이배냇  추천해요.(배냇맘 외출필수템)<!-- --></span></p>                ']",[],"['\n                    <p class=""se-text-paragraph se-text-paragraph-align-"" style="""" id=""SE-fea40421-7cfe-11e9-87ea-9b054c0b50c3""><span style="""" class=""se-fs- se-ff-"" id=""SE-f12b242e-7d07-11e9-b47d-2b23e0179d8f""><!-- -->시판이유식추천 아이배냇 햅쌀이유식 (이유식시기별 입자크기 비교)<!-- --></span></p>                ']",[],"['\n                    <p class=""se-text-paragraph se-text-paragraph-align-center"" style="""" id=""SE-3c29ee48-8037-4be2-82be-c1a68e1159cd""><span style="""" class=""se-fs-fs32 se-ff-nanumgothic"" id=""SE-2108482b-5279-4903-907f-1ec6c25706a3""><!-- -->아이배냇 8개월 이유식 아이가 좋아해요<!-- --></span></p>                ']",[],[],[],"['\n                    <p class=""se-text-paragraph se-text-paragraph-align-"" style="""" id=""SE-3c114e4e-d33c-475e-bdf1-e39d39a4ba81""><span style="""" class=""se-fs-fs32 se-ff-nanumgothic"" id=""SE-267dd2de-0c11-4b31-a139-e723793a607f""><!-- -->시판 이유식 체험 후기 2 ::: 아이배냇 햅쌀 이유식<!-- --></span></p>                ']",[],[],[],"['\n                    <p class=""se-text-paragraph se-text-paragraph-align-center"" style="""" id=""SE-dcbb134d-8822-4cce-9b47-eda2ea488e6a""><span style="""" class=""se-fs- se-ff-"" id=""SE-c23c142f-7b9e-49d4-b526-2d5ae57b959b""><!-- -->설사에 좋은 이유식, 아이배냇 육수비법 사용<!-- --></span></p>                ']",[],"['\n                    <p class=""se-text-paragraph se-text-paragraph-align-"" style="""" id=""SE-5dcecee3-95d3-4d12-b55f-07712110ac18""><span style="""" class=""se-fs- se-ff-"" id=""SE-0848bec9-f99d-43d1-a73e-2d0b43bb296b""><!-- -->산양분유 아기이유식 간식이 가득한 아이배냇몰 신규가입혜택 총정리!<!-- --></span></p>                ']",[],[],[],[],[],"['\n                    <p class=""se-text-paragraph se-text-paragraph-align-center"" style=""line-height:1.8;"" id=""SE-272b79b5-4d58-4652-ab47-6898e56ce426""><span style="""" class=""se-fs- se-ff-"" id=""SE-2e78b05a-3c01-4eda-a81a-caabf9bc5bbf""><!-- -->아이배냇 육수비법으로 이유식 감칠맛나게 만들기<!-- --></span></p>                ']",[],"['\n                    <p class=""se-text-paragraph se-text-paragraph-align-center"" style=""line-height:1.8;"" id=""SE-083C1DC5-A6D9-4598-8844-DE8B9690EC69""><span style="""" class=""se-fs- se-ff-"" id=""SE-010C1979-CD42-42BF-8378-32AEAC771247""><!-- -->이유식육수 간편하게 아이배냇 육수비법으로 해결!<!-- --></span></p>                ']",[],"['\n                    <p class=""se-text-paragraph se-text-paragraph-align-left"" style="""" id=""SE-74cf3bc9-b1fa-443a-9bf3-04afd92f076a""><span style="""" class=""se-fs-fs32 se-ff-"" id=""SE-FEC25A54-CCA5-4B76-BE2B-D1D0F16D170F""><!-- -->엄마표이유식 똑 떨어진 날엔 아이배냇 햅쌀이유식~!<!-- --></span></p>                ']",[],"['\n                    <p class=""se-text-paragraph se-text-paragraph-align-"" style="""" id=""SE-2729545d-cd60-4a0a-b1ab-6fa633350cc7""><span style="""" class=""se-fs- se-ff-"" id=""SE-458d7900-4786-11e9-a9be-ed1367c4facc""><!-- -->아기이유식 간편하게 아이배냇 햅쌀이유식으로 챙겨요.<!-- --></span></p>                ']",[],[],[],"['\n                    <p class=""se-text-paragraph se-text-paragraph-align-"" style="""" id=""SE-88ab5611-e872-4c1f-bebd-fdc5e7686492""><span style="""" class=""se-fs- se-ff-"" id=""SE-af7cef17-0a39-4fe8-8caa-5c72ca699da7""><!-- --> [아이배냇 햅쌀이유식] 외출할때 간편한 레토르트 이유식<!-- --></span></p>                ']",[],"['\n                    <p class=""se-text-paragraph se-text-paragraph-align-"" style="""" id=""SE-c3b2b5e2-9dfd-41a9-955d-33aab8771f66""><span style="""" class=""se-fs- se-ff-"" id=""SE-be733ea4-c048-49e4-8052-b3c3c14c2581""><!-- -->아이배냇 베베햅쌀이유식으로  외출도 간편하게!<!-- --></span></p>                ']",[],[],[],"['\n                    <p class=""se-text-paragraph se-text-paragraph-align-left"" style="""" id=""SE-eaa6bd0b-f773-4429-af19-5e396ea3dae8""><span style="""" class=""se-fs- se-ff-"" id=""SE-1b1da6ce-71a3-4388-83d6-6abaaff4f81f""><!-- -->&lt;아이배냇 베베 햅쌀 이유식&gt; 외출할때 간편하게 가지고 다닐수 잇는 추천 상온이유식! 햅쌀로 영양과 맛까지 잡았어요^^<!-- --></span></p>                ']",[],[],[],"['\n                    <p class=""se-text-paragraph se-text-paragraph-align-center"" style="""" id=""SE-4b105227-642c-11e9-a72e-9d2677aec105""><span style="""" class=""se-fs- se-ff-"" id=""SE-4b105226-642c-11e9-a72e-c5df3071603c""><!-- -->아이배냇 햅쌀이유식 외출할때 꼬옥 챙겨요 ♬♪<!-- --></span></p>                ']",[],"['\n                    <p class=""se-text-paragraph se-text-paragraph-align-"" style="""" id=""SE-649936ff-1b6b-4d0e-9d78-41c07382bcde""><span style="""" class=""se-fs- se-ff-"" id=""SE-5c1e39a6-00ad-4274-8edd-441142eccaec""><!-- -->[아이배냇] 긴 연휴에 미리 준비하는 간편한 아이배냇 햅쌀이유식 ♥<!-- --></span></p>                ']",[],[],[],[],[],[],[],[],[],"['\n                    <p class=""se-text-paragraph se-text-paragraph-align-"" style="""" id=""SE-39d76fba-dacb-47be-824b-3466b224f248""><span style="""" class=""se-fs- se-ff-"" id=""SE-3301116d-b506-11e9-b0d8-796f7bb36e29""><!-- -->아기간식추천: 아이배냇 햅쌀이유식과 아기여행간식으로 간편하고 맛있게!!(<!-- --></span><span style="""" class=""se-fs- se-ff-"" id=""SE-3301387e-b506-11e9-b0d8-9bd4f15029bc""><!-- -->아이배냇 썸머박스)<!-- --></span></p>                ']",[],"['\n                    <p class=""se-text-paragraph se-text-paragraph-align-center"" style="""" id=""SE-44c1e2df-a4b1-4f67-a39b-a45f9689bde1""><span style="""" class=""se-fs- se-ff-"" id=""SE-d7c2b0d4-f71b-472e-a149-e4aa969d7da2""><!-- --><span class=""pcol3"">[공지]</span> 상온아기이유식추천, 아이배냇 햅쌀이유식<!-- --></span></p>                ']",[],"['\n                    <p class=""se-text-paragraph se-text-paragraph-align-center"" style="""" id=""SE-648f8704-708d-44bd-9fe5-d949ecf3f040""><span style="""" class=""se-fs- se-ff-nanumsquare"" id=""SE-01a0fb62-d370-4495-9a9a-1a4e78a0227e""><!-- -->시판이유식 아이배냇 햅쌀이유식 간편하고 맛있어요!<!-- --></span></p>                ']",[],"['\n                    <p class=""se-text-paragraph se-text-paragraph-align-left"" style="""" id=""SE-991c529d-d7dd-44d4-8757-e0d4cb010d25""><span style="""" class=""se-fs-fs32 se-ff-nanumgothic"" id=""SE-55873b92-f571-41c2-b4ed-bf873ca9033b""><!-- -->아이배냇 햅쌀이유식 간편하게 뚝딱<!-- --></span></p>                ']",[],"['\n                    <p class=""se-text-paragraph se-text-paragraph-align-center"" style="""" id=""SE-b33bc5c7-631c-4b75-a018-97359a3a7538""><span style="""" class=""se-fs- se-ff-"" id=""SE-767caa35-eb39-4d22-8b39-41bc046e2abe""><!-- -->[아이이유식] 여행갈 때 편리한 아이배냇 이유식<!-- --></span></p>                ']",[],"['\n                    <p class=""se-text-paragraph se-text-paragraph-align-"" style="""" id=""SE-32b5f7a1-44b0-44f9-8416-a43971e5d900""><span style="""" class=""se-fs- se-ff-"" id=""SE-23128d22-1f34-11ea-965d-d558a78baccd""><!-- -->아이배냇 육수비법으로 쉽게 유아식 만들기(콩나물국&amp;밥전)<!-- --></span></p>                ']",[],[],[],[],[],[],[],[],[],[],[],[],[],[],[],[],[],[],[],[],[],[],[],[],[],[],[],[],['아이배냇 햅쌀이유식 맛있게도 냠냠(w.9개월이유식 후기)'],[],['후기이유식 아이배냇 순육수 대박템!'],[],['여행갈때 편리한 아이배냇 햅쌀이유식 추천!'],[],"['[이벤트 후기] [아이배냇베이비] 긴설연휴 우리아이를 위한 영양만점, 아이배냇베베햅쌀이유식^^']",[],['아이배냇 이유식 베베햅쌀. 시판이유식 추천'],[],['[체험단 후기] 외출할때 편리한 실온이유식 아이배냇 햅쌀이유식 추천해요^^'],[],['아기반찬 아이배냇 유기농 보들김 좋아요:)'],[],[],"['\n                    <p class=""se-text-paragraph se-text-paragraph-align-"" style="""" id=""SE-e7059590-6860-453e-af95-21eeea6baa11""><span style="""" class=""se-fs- se-ff-"" id=""SE-8a62382c-91eb-4bb3-9280-86e1d4cbfbb1""><!-- -->10개월 아기 외출해서도 아이배냇 햅쌀이유식으로 간편하게 이유식챙겨요ㅎ <!-- --></span></p>                ']",[],"['\n                    <p class=""se-text-paragraph se-text-paragraph-align-"" style="""" id=""SE-228d0416-1b8d-4356-9a23-e8539ddf8279""><span style="""" class=""se-fs- se-ff-"" id=""SE-76101996-45ad-42cc-b9f8-42333d3b47f9""><!-- -->아이배냇 시판이유식  : 6개월 햅쌀이유식(고구마사과/한우쇠고기단호박) 후기 !<!-- --></span></p>                ']",['아이배냇 썸머박스 후기요^^♡'],[],['[이유식관련] 아이배냇 베베레시피로 아기이유식 재료 걱정 끝'],[],"['아이배냇, 외출 시 간편한 아기 간식으로 추천해요~^^']",[],['[대세맘체험단후기]아이배냇 햅쌀이유식+쌩마멧'],[],[],[],[],"['\n                    <p class=""se-text-paragraph se-text-paragraph-align-"" style="""" id=""SE-4ce32169-0806-48c7-a976-8c2acabd1058""><span style="""" class=""se-fs-fs32 se-ff-nanumgothic"" id=""SE-9e12970c-4d7b-482c-b087-04ff0a282681""><!-- -->아이배냇 순 보들면 이유식, 쇠고기, 8개<!-- --></span></p>                ']",[],"['\n                    <p class=""se-text-paragraph se-text-paragraph-align-"" style="""" id=""SE-2ab9a95d-b9c2-4eaf-87fd-f4192b8267ae""><span style="""" class=""se-fs-fs26 se-ff-nanumsquare"" id=""SE-ac7967be-802b-40ef-a987-b6aa055626b4""><!-- -->아이배냇 육수비법+diy레시피 로 간단하게 만드는 10개월아기 후기이유식 <!-- --></span></p>                ']",[],"['\n                    <p class=""se-text-paragraph se-text-paragraph-align-"" style="""" id=""SE-a092e5a5-d427-4608-8061-e3554107869c""><span style="""" class=""se-fs- se-ff-"" id=""SE-fd54a3b6-6564-424c-8ea6-fc2d695b827a""><!-- -->후기이유식 _ 갈치살파프리카 / 닭고기밤호박 / 소고기표고버섯 / 아이배냇핑거치즈<!-- --></span></p>                ']",[],"['\n                    <p class=""se-text-paragraph se-text-paragraph-align-"" style="""" id=""SE-9a0e445f-6ffd-4eef-b9fe-5141adebc85a""><span style="""" class=""se-fs-fs26 se-ff-nanumsquare"" id=""SE-c4a81f86-0f3a-4760-9790-cbcfc64d5a98""><!-- -->아이배냇 베베햅쌀이유식 간편하게 한그릇 뚝딱!<!-- --></span></p>                ']",[],"['\n                    <p class=""se-text-paragraph se-text-paragraph-align-center"" style="""" id=""SE-98c2d602-7f69-11e9-afc2-e5bffb4db96d""><span style="""" class=""se-fs- se-ff-"" id=""SE-5f97a195-7f73-11e9-afc2-3b63f7eb16e0""><!-- -->아이배냇 햅쌀이유식 맛있게도 냠냠(w.9개월이유식 후기)<!-- --></span></p>                ']",[],[],[],"['\n                    <p class=""se-text-paragraph se-text-paragraph-align-center"" style="""" id=""SE-4e77fa93-bd80-11e9-8cca-4f36a8687451""><span style="""" class=""se-fs- se-ff-nanumsquare"" id=""SE-b7eed01e-bf24-11e9-ab24-8129f94d0eef""><!-- -->엄마표 후기이유식 거부 아이배냇 육수비법으로 해결했어요<!-- --></span></p>                ']",[],[],[],[],[],"['\n                    <p class=""se-text-paragraph se-text-paragraph-align-"" style="""" id=""SE-b76d536c-6248-4f90-a3b8-8392d223668a""><span style="""" class=""se-fs- se-ff-"" id=""SE-49a63d3b-2279-11ea-8eea-3185d4370e8d""><!-- -->배냇박스 당첨후기 - 아이배냇에서 꼭 신청하세요~!!<!-- --></span></p>                ']",[],"['\n                    <p class=""se-text-paragraph se-text-paragraph-align-left"" style=""line-height:1.8;"" id=""SE-4CD2F827-C600-4949-8E87-7E06DD360C56""><span style="""" class=""se-fs- se-ff-"" id=""SE-092AC483-4EC5-4DCC-B084-E7C9347BC926""><!-- -->아이배냇) 컨피던트 순산양이유식 후기<!-- --></span></p>                ']",['자기주도이유식으로 아이배냇 아기쌀국수 순보들면 좋네요!'],[],['[체험단후기] 아이배냇 이유식 체험후기'],[],['[체험단사용후기] [아이배냇] 햅쌀이유식으로 건강한 한끼를 부탁해!!'],[],['아기 후기이유식 아이배냇 육수비법으로 올킬!!'],[],['[체험단후기] 아이배냇 햅쌀이유식'],[],['아기유기농김 아이배냇 후기이유식에 먹여요.'],[],['아이배냇 유산균으로 장건강 지켜요'],[],['[교환완료] 아이배냇 이유식 재료'],[]
