"['\n                        <h3 class=""se_textarea"">\n                            <!-- -->(7% 할인)리에또 면 사각 천기저귀 대형<!-- -->\n                            \n                        </h3>\n                        \n                        \n\t                ', '\n                        <p class=""se_textarea""><!-- SE3-TEXT { --><!-- } SE3-TEXT --></p>\n                    ', '\n                        <p class=""se_textarea""><!-- SE3-TEXT { --><br><!-- } SE3-TEXT --></p>\n                    ', '\n                        <p class=""se_textarea""><!-- SE3-TEXT { --><span class=""se_fs_T2"">【할인후금액</span><span class=""se_fs_T3"">】</span>리에또 면 사각 천기저귀 대형<!-- } SE3-TEXT --></p>\n                    ', '\n                        <p class=""se_textarea""><!-- SE3-TEXT { --><br><!-- } SE3-TEXT --></p>\n                    ', '\n                        <p class=""se_textarea""><!-- SE3-TEXT { --><b><span class=""se_fs_T3"">곧 태어날 아기 목욕수건으로 쓰려구구매했어요^^가격이 저렴하고 좋아요^^</span></b><!-- } SE3-TEXT --></p>\n                    ', '\n                        <p class=""se_textarea""><!-- SE3-TEXT { -->=======추가후기예요<br>그때 그 아기가 18개월이 됐어요<br> 아직도 목욕수건으로 쓰고있어요<br> 10장구매했었는데<br> 갯수도 딱좋고 모자람없이 쓰고있어요<br> 빨고 마르는것도 빨라서<br> 제가 선택해서 산 육아용품중에 제일 잘산듯해요<br> 천기저귀 안쓴다고해도<br> 사각천기저귀는 구비해놓는것도 좋을듯해요<br> 외출할일있어도 부피도 작아 들고다니기 좋아요<br>아기옷 세탁 모드로 햇는데 올 풀림 없엇어요.<br> 수건 싸개 등등 여러가지 대용으로 삿는데 크기도 커서 만족합니다<br>양이 많은날 생리대로 사용하려고 샀는데<br> 생리대로 안쓰고 엄한데서 다양하게 쓰고 있습니다<br> 사우나에서는 머리에 두르고<br> 비누칠할때는 타올보다 부드럽고<br> 등산갈때는 적셔서 목어두르고 다니고<br> 동네 언니가 그러네요<br> 기저기를 스카프로 멋드러지게 하고 다니는건 너밖에 없을껴<br> 사우나 언니들이 시켜달라고 해서 몇개 추가로 주문했어요<br><b><span class=""se_fs_T2""></span></b><!-- } SE3-TEXT --></p>\n                    ', '\n                        <p class=""se_textarea""><!-- SE3-TEXT { --><br><!-- } SE3-TEXT --></p>\n                    ', '\n                        <p class=""se_textarea""><!-- SE3-TEXT { -->※ <b><span>구매한 고객님들이 작성한 상품평 입니다.</span></b><!-- } SE3-TEXT --></p>\n                    ', '\n                        <p class=""se_textarea""><!-- SE3-TEXT { --><br><!-- } SE3-TEXT --></p>\n                    ', '\n                        <p class=""se_textarea""><!-- SE3-TEXT { -->&nbsp;<!-- } SE3-TEXT --></p>\n                    ', '\n                        <p class=""se_textarea""><!-- SE3-TEXT { --><br><!-- } SE3-TEXT --></p>\n                    ', '\n                        <p class=""se_textarea""><!-- SE3-TEXT { --><br><!-- } SE3-TEXT --></p>\n                    ', '\n                        <p class=""se_textarea""><!-- SE3-TEXT { -->&nbsp;<!-- } SE3-TEXT --></p>\n                    ', '\n                        <p class=""se_textarea""><!-- SE3-TEXT { --><br><!-- } SE3-TEXT --></p>\n                    ', '\n                        <p class=""se_textarea""><!-- SE3-TEXT { --><br><!-- } SE3-TEXT --></p>\n                    ', '\n                        <p class=""se_textarea""><!-- SE3-TEXT { -->&nbsp;<!-- } SE3-TEXT --></p>\n                    ', '\n                        <p class=""se_textarea""><!-- SE3-TEXT { --><br><!-- } SE3-TEXT --></p>\n                    ', '\n                        <p class=""se_textarea""><!-- SE3-TEXT { --><a href=""https://landing.coupang.com/multi?src=1139000&amp;spec=10799999&amp;addtag=403&amp;ctag=1123664&amp;lptag=AF5586388&amp;pt=PRODUCT&amp;productId=1123664&amp;traceId=19090912151631711001002036&amp;itemId=4821069&amp;gfrom=linktopageapi&amp;subId=498S136364"" target=""_blank"" class=""se_link""><span style=""font-weight:bold;font-size:32px;"">상품 보기 🔗</span></a> <!-- } SE3-TEXT --></p>\n                    ', '\n                        <p class=""se_textarea""><!-- SE3-TEXT { --><br><!-- } SE3-TEXT --></p>\n                    ', '\n                        <p class=""se_textarea""><!-- SE3-TEXT { --><!-- } SE3-TEXT --></p>\n                    ', '\n                        <p class=""se_textarea""><!-- SE3-TEXT { --><!-- } SE3-TEXT --></p>\n                    ', '\n                        <p class=""se_textarea""><!-- SE3-TEXT { --><br><!-- } SE3-TEXT --></p>\n                    ', '\n                        <p class=""se_textarea""><!-- SE3-TEXT { -->&nbsp;<!-- } SE3-TEXT --></p>\n                    ', '\n                        <p class=""se_textarea""><!-- SE3-TEXT { --><!-- } SE3-TEXT --></p>\n                    ']",[],[],[],"['\n                        <h3 class=""se_textarea"">\n                            <!-- -->아기방수요 오가닉방수요 리에또베이비 사용후기<!-- -->\n                            \n                        </h3>\n                        <!-- [D] 부제영역은 지식백과에서만 사용되지만 포스트 엔드에 마크업은 잔존하게 됩니다 기본적으로 se_terms_subtitle 요소는 display:none입니다 -->\n                        \n\t                ', '\n                        <p class=""se_textarea""><!-- SE3-TEXT { --><br><br>아가방수요 리에또베이비 <br>오가닉방수요 리에또베이비 <br><br><!-- } SE3-TEXT --></p>\n                    ', '\n                        <p class=""se_textarea""><!-- SE3-TEXT { --><br>집에서 아기 기저귀갈아줄때 신생아때부터 방수요를 사용해왔는데요 , 사이즈를 적은걸로 사놔서 요번에 큰걸로 하나 장만했답니다 ㅎㅎ <br><br>7중 오가닉면으로 되어있는 리에또베이비 방수요에요<br>오가닉이라서 재질도 부들부들 포근한 느낌이들더라구요&nbsp; <!-- } SE3-TEXT --></p>\n                    ', '\n                        <p class=""se_textarea""><!-- SE3-TEXT { -->리에또 베이비 방수요는 다른 방수요와는 다르게 양면다 방수요가 된다는점이에요!!<br>다른건 한쪽면 쓰다가 너무 지저분해지면 바꿔줘야하는데 요건 뒤집어서 쓰면되니<br> 더 오래쓸것같아요♡<br><br>도톰한 두께로 되어있고 오가닉면이라 아기를 눕힐때에도 부드러운면으로 감싸주어서 좋더라구요 <br><br><b>그리고 리에또베이비 큰 장점중에 장점! </b><br><b>통째로 세탁이 가능하답니다 ^^ </b><!-- } SE3-TEXT --></p>\n                    ', '\n                        <p class=""se_textarea""><!-- SE3-TEXT { --><b>잘 접어두면 부피도 크지않아서 </b><br><b>여행갈때 담요로 써도 좋을것같아요 </b><!-- } SE3-TEXT --></p>\n                    ', '\n                        <p class=""se_textarea""><!-- SE3-TEXT { -->아기출산선물로 엄마가 방수요를 사주셨는데 그건 손세탁해야되서 매번 번거로웠거든요 ~ㅜ ㅜ 이건 손세탁할일없고 양면사용가능하니 너무 편하게나온 제품인것같아요! <br><br>종류는 세가지 있는데 저는 체크브라운으로 골랐어요 <br>오가닉이라서 색상은 오트밀에 겉부분에 포인트를 주어 깔끔하죠??♡ <!-- } SE3-TEXT --></p>\n                    ', '\n                        <p class=""se_textarea""><!-- SE3-TEXT { -->까슬까슬함 느낌없어서 바스락거리는 소리도 안나고 일반 이불패드로 써도 손색없을거같아요 <br><br><br>처음에 뜯자마자 방수요 위에 수건깔고 기저귀갈으려는데 <br>바로 소변을 ㅜㅜㅋㅋㅋㅋ 새건데 ㅋㅋㅋ<!-- } SE3-TEXT --></p>\n                    ', '\n                        <p class=""se_textarea""><!-- SE3-TEXT { -->알집매트위에 있었는데 역시나 방수요 효과로 <br>새지않았네요!!!&nbsp; 다행 !!! <!-- } SE3-TEXT --></p>\n                    ', '\n                        <p class=""se_textarea""><!-- SE3-TEXT { --><br>요건 <br>저희집 아기잠자리 위에 깔아놓은 모습이에요 <br>사이즈도 대형이라 넉넉하답니다<br><br><!-- } SE3-TEXT --></p>\n                    ', '\n                        <p class=""se_textarea""><!-- SE3-TEXT { --><br>기저귀갈때 이리저리 움직여서 한참 씨름하다가 기저귀를 채우는데 앞으로는 패드위에서 뽀송하게 갈아주면 되니 걱정이없어요~^^ 아기도 하루종일 기저귀채우고 있으면 답답할텐데 잠시나마 뒹굴라고 하니 좋아하네요 ㅋㅋ <br><br>아기 이불패드겸 기저귀갈아줄때 방수요로 딱인것같아요<br><br><!-- } SE3-TEXT --></p>\n                    ', '\n                        <p class=""se_textarea""><!-- SE3-TEXT { --> 앞으로 아기배변연습까지 쭉 쓸수있을것같아요 신생아때는 반 접어서 사용하면되니 출산선물로도 미리미리 준비해주면 좋을것같은 리에또베이비 방수요에요 :) <!-- } SE3-TEXT --></p>\n                    ', '\n                        <p class=""se_textarea""><!-- SE3-TEXT { -->리에또베이비 사이트 남겨드릴께요 ! <br><br><a href=""http://www.lietokorea.com/product/detail.html?product_no=251&amp;cate_no=61&amp;display_group=1 "" class=""se_link"" target=""_blank"">http://www.lietokorea.com/product/detail.html?product_no=251&amp;cate_no=61&amp;display_group=1</a><br><br><br><br><!-- } SE3-TEXT --></p>\n                    ']","['\n                        <h3 class=""se_textarea"">\n                            <!-- -->아기천기저귀 베이비앙vs리에또 <!-- -->\n                            \n                        </h3>\n                        \n                        \n\t                ', '\n                        <p class=""se_textarea""><!-- SE3-TEXT { -->이제 슬슬 미뤄둔 아기용품을 <br>하나 둘 구매중입니다.<br>물론... 아직 한두가지지만 ㅋㅋㅋㅋ<br>일단 미리 사서 빨아야 하는 아이들부터 구매.<br><br>오늘은 천 기저귀!<br>이걸 기저귀로 쓸건 아니고..<br>수유할때, 베개, 목욕하고 수건..<br>기타등등 쓸모가 매우 많다며<br>육아 선배들이 추천한 천 기저귀.<br><br>그러나! 엄청난 문제에 봉착했으니...<br>브랜드가 넘나 많음 ㅋㅋㅋㅋㅋㅋㅋ<br><br>제일 유명한 밤부베베? 얘는 너무 비싸고<br>고민하는 저를 위해<br>친구가 추천해준 베이비앙.<!-- } SE3-TEXT --></p>\n                    ', '\n                        <p class=""se_textarea""><!-- SE3-TEXT { -->뭐.. 저렴이 중에는 굉장히 유명하다고 하니<br>애둘난 엄마의 조언을 믿어 봅니다.<br>무형광이라니까.. 좋겠지 뭐 ㅎ<!-- } SE3-TEXT --></p>\n                    ', '\n                        <p class=""se_textarea""><!-- SE3-TEXT { -->아기꺼라 재봉선 없습니다.<br>올 풀리면 어쩌나.. 싶지만<br>친구 쓰는거 보니 멀쩡 ㅋㅋ<br>두께는... 얇아요. <br>일부러 여름용으로 구매한거니깐요<br>쉽게 설명하면 ㅡ 애기들 쓰는 손수건이랑 비슷한데 그게 엄청 크다고 생각하시면 됩니다.<!-- } SE3-TEXT --></p>\n                    ', '\n                        <p class=""se_textarea""><!-- SE3-TEXT { -->나름 브랜드가 귀엽게 박혀있어요<br>위 아래로 베이비앙~<!-- } SE3-TEXT --></p>\n                    ', '\n                        <p class=""se_textarea""><!-- SE3-TEXT { -->자 그럼 같이 구매한 리에또.<br>사실 처음 들어봤는데 ㅡ<br>사이트에 구매평이 나쁘지 않길래 구매해 봤어요. 육아 브랜드 무식자라..<br>얼마나 인지도가 있는지는 모르겠어요<br>너무나 쿨한 ㅋㅋㅋ 무로고, 무광고<!-- } SE3-TEXT --></p>\n                    ', '\n                        <p class=""se_textarea""><!-- SE3-TEXT { -->정말 아~~~무런 표시가 없어요.<br>다만 두께나 박음.. 기타 등등은<br>베이비앙이랑 큰 차이는 없는 것 같아요.<!-- } SE3-TEXT --></p>\n                    ', '\n                        <p class=""se_textarea""><!-- SE3-TEXT { -->베이비앙과 리에또 두께비교.<br>위가 리에또, 아래가 베이비앙.<br>비침정도, 도톰한 정도, 다 비슷합니다.<br>굳이 비교하면 베이비앙이 약간 더 부드러운 느낌?<!-- } SE3-TEXT --></p>\n                    ', '\n                        <p class=""se_textarea""><!-- SE3-TEXT { -->그렇게 남은... 빨래지옥 ㅋㅋㅋㅋㅋ<br>옷빨고 나면 손수건<br>손수건 빨고 나면 양말<br>양말 빨고 나먄 천기저귀 ...<!-- } SE3-TEXT --></p>\n                    ', '\n                        <p class=""se_textarea""><!-- SE3-TEXT { -->새식구가 들어온다는 건<br>보통일이 아닌 듯 합니다.<br>여하튼!! 저같은 육아브랜드 무식자를 위해 <br>천기저귀 후기한번 써봄.<br><br>제돈주고 구매한 후기입니다~<br>언능 만나자 복덩아~<br><!-- } SE3-TEXT --></p>\n                    ']","['\n                        <h3 class=""se_textarea"">\n                            <!-- -->유아빨대컵 리에또베이비 스텐컵으로 따뜻한 물 마셔요~!<!-- -->\n                            \n                        </h3>\n                        \n                        \n\t                ', '\n                        <blockquote class=""se_textarea""><!-- SE3-TEXT { -->리에또 스텐빨대컵<!-- } SE3-TEXT --></blockquote>\n                    ', '\n                        <p class=""se_textarea""><!-- SE3-TEXT { -->&nbsp; <span class=""se_ff_nanummyeongjo"">날도 쌀쌀해지고 이제 따뜻한 물을 가지고 외출해야 할 때인데 보온보냉이 가능한 스텐빨대컵이 필요하겠더라구요.<br>&nbsp; 생각해보니 아기가 좀 더 크면 여름엔 시원한 물 달라고 할텐데 그 때는 얼음 넣어서 찬물 가지고 다니기도 좋을 듯 해요~!<br></span><!-- } SE3-TEXT --></p>\n                    ', '\n                        <p class=""se_textarea""><!-- SE3-TEXT { --><span class=""se_ff_nanummyeongjo""> &nbsp;제품 특징을 잘 읽어 보고 사용하세요~!<br>&nbsp;빨대 옆에 공기밸브가 있는데 그 부분을 양 손가락으로 눌러 반드시 튜브 바람 빼듯이 공기를 빼 줘야 한다고 해요. <br>&nbsp; 전 바로 박스 빼서 신나게 쓰다가 따뜻한 물 넣고 뚜껑 닫으니 물이 찌익~! 뿜어져 나와서 당황했거든요~ ㅋㅋㅋ<br>&nbsp;<br>&nbsp;</span><!-- } SE3-TEXT --></p>\n                    ', '\n                        <p class=""se_textarea""><!-- SE3-TEXT { --><span class=""se_ff_nanummyeongjo""> 그리고 빨대 세척시에 세척솔을 위아래로 문지르면 빨대 끝에 십자컷팅부분이 찢어질 수 있어요. 반드시 세척솔을 집어 넣은 후 손가락으로 좌우로 문질문질 해 주셔야 해요~!!<br></span><!-- } SE3-TEXT --></p>\n                    ', '\n                        <p class=""se_textarea""><!-- SE3-TEXT { --><span class=""se_ff_nanummyeongjo""> &nbsp;빨대컵 두 개에 빨대 세척솔과 아기가 직접 입으로 물게 되는 부분의 리필이 하나 더~!! <br>&nbsp; </span><span style="" color: rgb(0,163,80);"" class=""se_ff_nanummyeongjo""><b>꺄~~아!! 이제 든든하구나~ 딱쿵아~!</b></span><span class=""se_ff_nanummyeongjo""><br>겨울을 개인적으로 무지 싫어하지만...<br>겨울이 와도 따뜻한 보리차 한 잔 건네며...<br>너와 나 단둘이 외출을 해보자꾸나~ㅋㅋㅋㅋ<br></span><!-- } SE3-TEXT --></p>\n                    ', '\n                        <p class=""se_textarea""><!-- SE3-TEXT { -->&nbsp;<span class=""se_ff_nanummyeongjo"">귀염둥이~! 딱쿵이 요즘 빨대컵으로 물 마시가가 가끔 사래가 들어 켁켁 거리더라구요~ ㅠ 그래도 처음 보는 빨대컵이라 그런지 물 넣어준거 싹 다 먹었어요.ㅋㅋㅋ <br>&nbsp;그리고 오줌을 펑펑싸서 기저귀가 축구공만해졌다는...ㅋㅋ<br></span><!-- } SE3-TEXT --></p>\n                    ', '\n                        <p class=""se_textarea""><!-- SE3-TEXT { --><span class=""se_ff_nanummyeongjo""> 야무지게 잡고 먹네요~! 요즘 힘이 세져서 뺏으려해도 절대 뺏기지 않아요. ㅋㅋㅋ<br>&nbsp; 한 손은 손잡이에~! 다른 손은 노란 부분을 잡고 빙글빙글 돌면서 물을 마시네요.<br></span><!-- } SE3-TEXT --></p>\n                    ', '\n                        <p class=""se_textarea""><!-- SE3-TEXT { --><span class=""se_ff_nanummyeongjo""> &nbsp;아기빨대컵계에 유명한 그로** 빨대컵과 호환가능하고요. <br>&nbsp; 보통 6개월부터 빨대컵을 사용하는데 아직 이가 없이 잇몸만 있는 아가들에게 단단한 빨대는 자극이 될 수 있을텐데 </span><span style="" color: rgb(0,163,80);"" class=""se_ff_nanummyeongjo se_fs_T2""><b>부드러운 실리콘 빨대</b></span><span class=""se_ff_nanummyeongjo"">라서 아이가 사용하기에 좋아요~!<br></span><!-- } SE3-TEXT --></p>\n                    ', '\n                        <p class=""se_textarea""><!-- SE3-TEXT { --><span class=""se_ff_nanummyeongjo""> </span> <span class=""se_ff_nanummyeongjo"">따뜻한 물을 넣고 갑자기 빨대컵 뚜껑을 닫으면 빨대로 물이 뿜어져 나온다고 제가 말씀 드렸죠?? 빨대 옆쪽 아래에 구멍이 있는데 이 부분을 살짝 눌러 </span><span style="" color: rgb(0,163,80);"" class=""se_ff_nanummyeongjo se_fs_T2""><b>공기압을 꼭 조절해 주세요~!<br></b></span><!-- } SE3-TEXT --></p>\n                    ', '\n                        <p class=""se_textarea""><!-- SE3-TEXT { -->&nbsp; <span class=""se_ff_nanummyeongjo"">아이가 양손으로 잡을 수 있는 손잡이가 있어서 일반 PP소재에 비해 약간 무게감이 있는 스텐컵인데도 안 떨어뜨리고 잘 잡더라구요~!<br>&nbsp;<br>&nbsp; 용기의 하단부는 살짝 넓어서 생각보다 길이가 긴 아기스텐컵인데도 잘 쓰러지지 않고 안정감이 있어요.<br></span><!-- } SE3-TEXT --></p>\n                    ', '\n                        <p class=""se_textarea""><!-- SE3-TEXT { -->&nbsp; <span class=""se_ff_nanummyeongjo"">환경 호르몬 걱정이 없는 스텐레스 재질을 사용하고, 용기 내부에는 눈금을 표시해서 정확한 계량이 가능해요. <br>&nbsp;보통 물 먹일 땐 크게 상관없지만 분유 수유 아가들 젖병 뗄 때는 여기에 먹일 수도 있어서 없는 것보다는 있는게 훨씬 좋을 것 같아요~!<br></span><!-- } SE3-TEXT --></p>\n                    ', '\n                        <p class=""se_textarea""><!-- SE3-TEXT { --><span style="" color: rgb(183,183,183);"" class=""se_ff_nanummyeongjo se_fs_T4""><b> &nbsp;</b></span><span class=""se_ff_nanummyeongjo se_fs_T3"">입구는</span><span style="" color: rgb(183,183,183);"" class=""se_ff_nanummyeongjo se_fs_T4""><b> </b></span><span class=""se_ff_nanummyeongjo se_fs_T3"">리에또 젖병솔을 넣어 닦아보니 </span><span class=""se_ff_nanummyeongjo"">살짝</span><span class=""se_ff_nanummyeongjo se_fs_T3"">빡빡하게 들어가더라구요.</span><span class=""se_ff_nanummyeongjo""> 조금 부드러운 젖병솔이나 모슈 텀블러 닦는 실리콘 재질 젖병솔을 사용해서 세척하면 될 것 같아요~! <br></span><span style="" color: rgb(183,183,183);"" class=""se_ff_nanummyeongjo se_fs_T4""><b><br><br></b></span><span style="" color: rgb(183,183,183);"" class=""se_ff_nanummyeongjo se_fs_T4""><b><span class=""__se3tag""><a class=""tag"" href=""/BlogTagView.nhn?blogId=mouse80&amp;pushNavigation=true&amp;tagName=아기빨대컵"">#아기빨대컵</a></span></b></span><span style="" color: rgb(183,183,183);"" class=""se_ff_nanummyeongjo se_fs_T4""><b> </b></span><span style="" color: rgb(183,183,183);"" class=""se_ff_nanummyeongjo se_fs_T4""><b><span class=""__se3tag""><a class=""tag"" href=""/BlogTagView.nhn?blogId=mouse80&amp;pushNavigation=true&amp;tagName=스텐레스빨대컵"">#스텐레스빨대컵</a></span></b></span><span style="" color: rgb(183,183,183);"" class=""se_ff_nanummyeongjo se_fs_T4""><b> </b></span><span style="" color: rgb(183,183,183);"" class=""se_ff_nanummyeongjo se_fs_T4""><b><span class=""__se3tag""><a class=""tag"" href=""/BlogTagView.nhn?blogId=mouse80&amp;pushNavigation=true&amp;tagName=리에또베이비"">#리에또베이비</a></span></b></span><span style="" color: rgb(183,183,183);"" class=""se_ff_nanummyeongjo se_fs_T4""><b> </b></span><span style="" color: rgb(183,183,183);"" class=""se_ff_nanummyeongjo se_fs_T4""><b><span class=""__se3tag""><a class=""tag"" href=""/BlogTagView.nhn?blogId=mouse80&amp;pushNavigation=true&amp;tagName=리에또빨대컵"">#리에또빨대컵</a></span></b></span><span style="" color: rgb(183,183,183);"" class=""se_ff_nanummyeongjo se_fs_T4""><b> </b></span><span style="" color: rgb(183,183,183);"" class=""se_ff_nanummyeongjo se_fs_T4""><b><span class=""__se3tag""><a class=""tag"" href=""/BlogTagView.nhn?blogId=mouse80&amp;pushNavigation=true&amp;tagName=보온보냉빨대컵"">#보온보냉빨대컵</a></span></b></span><span style="" color: rgb(183,183,183);"" class=""se_ff_nanummyeongjo se_fs_T4""><b> </b></span><span style="" color: rgb(183,183,183);"" class=""se_ff_nanummyeongjo se_fs_T4""><b><span class=""__se3tag""><a class=""tag"" href=""/BlogTagView.nhn?blogId=mouse80&amp;pushNavigation=true&amp;tagName=유아빨대컵"">#유아빨대컵</a></span></b></span><span style="" color: rgb(183,183,183);"" class=""se_ff_nanummyeongjo se_fs_T4""><b> </b></span><span style="" color: rgb(183,183,183);"" class=""se_ff_nanummyeongjo se_fs_T4""><b><span class=""__se3tag""><a class=""tag"" href=""/BlogTagView.nhn?blogId=mouse80&amp;pushNavigation=true&amp;tagName=빨대컵"">#빨대컵</a></span></b></span><span style="" color: rgb(183,183,183);"" class=""se_ff_nanummyeongjo se_fs_T4""><b> </b></span><span style="" color: rgb(183,183,183);"" class=""se_ff_nanummyeongjo se_fs_T4""><b><span class=""__se3tag""><a class=""tag"" href=""/BlogTagView.nhn?blogId=mouse80&amp;pushNavigation=true&amp;tagName=스텐빨대컵"">#스텐빨대컵</a></span></b></span><span style="" color: rgb(183,183,183);"" class=""se_ff_nanummyeongjo se_fs_T4""><b> </b></span><span style="" color: rgb(183,183,183);"" class=""se_ff_nanummyeongjo se_fs_T4""><b><span class=""__se3tag""><a class=""tag"" href=""/BlogTagView.nhn?blogId=mouse80&amp;pushNavigation=true&amp;tagName=아기컵"">#아기컵</a></span></b></span><span class=""se_ff_nanummyeongjo""><br></span><!-- } SE3-TEXT --></p>\n                    ', '\n                        <blockquote class=""se_textarea""><!-- SE3-TEXT { -->새지 않아요~!<!-- } SE3-TEXT --></blockquote>\n                    ', '\n                        <p class=""se_textarea""><!-- SE3-TEXT { --><span class=""se_ff_nanummyeongjo""> &nbsp;애가 갑자기 마시다가 확 빨대컵을 뒤집길래 샐까봐 걱정했는데 십자컷팅이라 아기가 빨 때만 물이 나와서 새지 않더라구요~! <br>&nbsp; 만약에 사용중에 샌다면 세척시에 십자컷부분이 찢어졌을 수 있으니 교체해 주셔야겠죠?<br></span><!-- } SE3-TEXT --></p>\n                    ', '\n                        <p class=""se_textarea""><!-- SE3-TEXT { -->&nbsp; <span class=""se_ff_nanummyeongjo"">아기가 &nbsp;물을 빨아마실 때는 트윈 공기 밸브가 있어 내용물이 역류하는 것을 방지해줘요~!<br></span> <br><!-- } SE3-TEXT --></p>\n                    ', '\n                        <p class=""se_textarea""><!-- SE3-TEXT { -->&nbsp; <span class=""se_ff_nanummyeongjo"">이유식 먹이느라 식탁의자에 앉아서도 리에또빨대컵과 함께 했어요~! 미피도 함께 ㅋㅋㅋ<br>&nbsp;식탁의자 거부 때문에 요즘 슈크레랑 미피가 열일 한다눈... <br>뒷 머리 가 뻗친거 보니 아톰 생각나네요. ㅋㅋ<br></span><!-- } SE3-TEXT --></p>\n                    ', '\n                        <p class=""se_textarea""><!-- SE3-TEXT { -->&nbsp;<span class=""se_ff_nanummyeongjo"">쪽쪽 쭉쭉 쉬지 않고 빨다가 빨대를 빼면서 <br></span><span style="" color: rgb(0,163,80);"" class=""se_ff_nanummyeongjo""><b>끄허~! 잘마셨다~ 애미야 한 잔 더?! </b></span><span class=""se_ff_nanummyeongjo"">하는 표정 ㅋㅋ 빨대컵 홀더에도 몸체가 길쭉하고 얇은 편이라 쏙~! 잘 들어가네요.</span><span style="" color: rgb(0,163,80);""><b><br><br></b></span><span style="" color: rgb(0,163,80);""><b> &nbsp;</b></span><span class=""se_ff_nanummyeongjo"">다 맘에 드는데 스텐이라 물자국 생기는거랑 빨대컵 뚜껑이 너무 쉽게 빠져서 집에서 사용할 땐 괜찮은데 기저귀 가방에 넣으면 뚜껑이 잘 빠질 것 같아요. 딸깍 소리나게 잠기면 좋을 듯~!! <br></span><br><br><span style="" color: rgb(0,163,80);"" class=""se_fs_T4""><b>* 본 포스팅은 업체로부터 제품을 무상제공받아 쓴 솔직한 후기입니다.</b></span><!-- } SE3-TEXT --></p>\n                    ']","['\n                        <h3 class=""se_textarea"">\n                            <!-- -->아기방수요 기저귀갈 때 유용해요!! 놀이매트로 활용 중♪<!-- -->\n                            \n                        </h3>\n                        \n                        \n\t                ', '\n                        <p class=""se_textarea""><!-- SE3-TEXT { --><span class=""se_fs_T1"" style=""color: rgb(0, 186, 180);""><b><b>아기방수요</b></b></span><span class=""se_fs_T1""><b><b> </b></b></span><span class=""se_fs_T1"" style=""color: rgb(255, 156, 35);""><b><b>리에또베이비</b></b></span><span class=""se_fs_T2""><br></span><span class=""se_fs_T2""><b>기저귀갈 때 유용해요 :)</b><br></span><span class=""se_fs_T2""><b>놀이매트로 활용 중♪</b></span><span></span><span><br></span><span class=""se_fs_T5"">ⓒ글,사진 쑤이</span><!-- } SE3-TEXT --></p>\n                    ', '\n                        <p class=""se_textarea""><!-- SE3-TEXT { --><span class=""se_fs_T4"">출산리스트에 꼭 빠지지않던 아기방수요<br></span><span class=""se_fs_T4"">굳이 필요할까 싶어 준비 안했는데<br></span><span class=""se_fs_T4"">그거슨 저의 오산....ㅋㅋㅋㅋㅋ<br></span><span class=""se_fs_T4""><br></span><span class=""se_fs_T4"">덕분에 소변테러 여러번 당하고 <br></span><span class=""se_fs_T4"">이불빨래도 참&nbsp;많이 했어요<br></span><span class=""se_fs_T4"">여아라도 언제 쌀지모르는 생리현상^^;<br></span><span class=""se_fs_T4""><br></span><span class=""se_fs_T4"">특히 목욕하고나서 옷 갈아입힐 때 <br></span><span class=""se_fs_T4"">로션 바른다고 방심한 사이&nbsp;주르르르..ㅜㅜ<br></span><span class=""se_fs_T4"">그래서 준비한 리에또베이비 방수패드 ☆<br></span><span class=""se_fs_T4"">요즘 정말 요긴하게 사용 중이에요!<br></span><span class=""se_fs_T4""></span><span class=""se_fs_T4"">&nbsp;<br></span><span class=""se_fs_T4""><br></span><span class=""se_fs_T4""></span><!-- } SE3-TEXT --></p>\n                    ', '\n                        <p class=""se_textarea""><!-- SE3-TEXT { --><span class=""se_fs_T4"">리에또 베이비 아기방수요는<br></span><span class=""se_fs_T4"">100% 국내산 순면을 사용해 <br></span><span class=""se_fs_T4"">흡수와 발수력이 좋다고 해요 :)<br></span><span class=""se_fs_T4""><br></span><span class=""se_fs_T4"">방수요는 왠지 방수면때문에<br></span><span class=""se_fs_T4"">아기피부에 닿으면 땀차고 끈적일&nbsp;것 </span><span class=""se_fs_T4"">같단</span><span class=""se_fs_T4"">생각이</span><span class=""se_fs_T4"">&nbsp;있었는데 <br></span><span class=""se_fs_T4"">실제로 써보니 </span><span class=""se_fs_T4"">아기피부에&nbsp;닿는&nbsp;면은 보들보들해서<br></span><span class=""se_fs_T4"">자극없이 사용할 수 있더라구요 \'_\'<br></span><span class=""se_fs_T4""><br></span><span class=""se_fs_T4""><br></span><span class=""se_fs_T4""><br></span><span class=""se_fs_T4""><br></span><span class=""se_fs_T4""></span><!-- } SE3-TEXT --></p>\n                    ', '\n                        <p class=""se_textarea""><!-- SE3-TEXT { --><span class=""se_fs_T4""><span class=""se_fs_T4"">사이즈는 </span></span><span class=""se_fs_T3""><span class=""se_fs_T3""><b><u>대형(100*130), 중형(65*85)&nbsp;</u></b></span></span><span class=""se_fs_T4""><span class=""se_fs_T4""><br></span><span class=""se_fs_T4""><br></span><span class=""se_fs_T4""></span>대형은 고정밴드가 있어 아기침대에&nbsp;<br></span><span class=""se_fs_T4"">고정해서 사용하면 되요<br></span><span class=""se_fs_T4""><br></span><span class=""se_fs_T4"">중형은 뒤집기를 시작하기전 신생아에게 딱인!<br></span><span class=""se_fs_T4"">요즘 새복이 씻기고 옷 갈아입힐 때 <br></span><span class=""se_fs_T4"">기저귀갈아줄 때 사용하기 딱이에요 :)<br></span><span class=""se_fs_T4""><br></span><span class=""se_fs_T4""><br></span><span class=""se_fs_T4""></span><!-- } SE3-TEXT --></p>\n                    ', '\n                        <p class=""se_textarea""><!-- SE3-TEXT { --><span class=""se_fs_T4"">무형광 에코방수요 리에또베이비는<br></span><span class=""se_fs_T4"">자체공장에서 직접 만드는 국내생산 제품이에요!<br></span><span class=""se_fs_T4""><br></span><span class=""se_fs_T4"">KC인증받은 제품으로 방수코팅이 되어있어<br></span><span class=""se_fs_T4"">100% 생활방수가 가능하답니다 :)<br></span><span class=""se_fs_T4""><br></span><span class=""se_fs_T4""><br></span><span class=""se_fs_T4""><br></span><span class=""se_fs_T4""><br></span><span class=""se_fs_T4""></span><!-- } SE3-TEXT --></p>\n                    ', '\n                        <p class=""se_textarea""><!-- SE3-TEXT { --><span class=""se_fs_T4"">박음질도 꼼꼼하게 되어있고 <br></span><span class=""se_fs_T4"">테두리 라운딩처리까지 깔끔하지요?<br></span><span class=""se_fs_T4""><br></span><span class=""se_fs_T4""><br></span><span class=""se_fs_T4""><br></span><span class=""se_fs_T4""></span><!-- } SE3-TEXT --></p>\n                    ', '\n                        <p class=""se_textarea""><!-- SE3-TEXT { --><span class=""se_fs_T4"">아기 피부에 닿는 면은 <br></span><span class=""se_fs_T4"">100% 순면원단으로 정말 보들보들해요<br></span><span class=""se_fs_T4"">뒷면은 PU 방수코팅 처리가 되어있어<br></span><span class=""se_fs_T4"">이물질이 오염되지 않구요~<br></span><span class=""se_fs_T4""><br></span><span class=""se_fs_T4""><br></span><span class=""se_fs_T4""><br></span><span class=""se_fs_T4""><br></span><span class=""se_fs_T4""></span><!-- } SE3-TEXT --></p>\n                    ', '\n                        <p class=""se_textarea""><!-- SE3-TEXT { --><span class=""se_fs_T4"">대형 아기방수요는 </span><span class=""se_fs_T4"">뒷면에 <br></span><span class=""se_fs_T4"">아기침대에 고정할 수 있는 </span><span class=""se_fs_T4"">밴드가 있어 <br></span><span class=""se_fs_T4"">움직이지 않도록 고정해두고<br></span><span class=""se_fs_T4""> 사용하기 좋을 듯 해요!<br></span><span class=""se_fs_T4""><br></span><span class=""se_fs_T4""><br></span><span class=""se_fs_T4""></span><!-- } SE3-TEXT --></p>\n                    ', '\n                        <p class=""se_textarea""><!-- SE3-TEXT { --><span class=""se_fs_T4"">요즘 오줌테러 당해도 당황하지않고<br></span><span class=""se_fs_T4"">여유있게 방수패드만 가볍게 세척하면되니<br></span><span class=""se_fs_T4"">이불빨래 횟수도 확실히 줄었다죠!!<br></span><span class=""se_fs_T4"">&nbsp;</span><span class=""se_fs_T4"">진작&nbsp;쓸걸 싶은 육아템이에요 :)<br></span><span class=""se_fs_T4""><br></span><span class=""se_fs_T4"">방수가 얼마나 잘되나 궁금하니까<br></span><span class=""se_fs_T4"">마시던 물로 방수테스트&nbsp; ★<br></span><span class=""se_fs_T4""><br></span><span class=""se_fs_T4""><br></span><span class=""se_fs_T4""></span><!-- } SE3-TEXT --></p>\n                    ', '\n                        <p class=""se_textarea""><!-- SE3-TEXT { --><span class=""se_fs_T4"">물방울이 또르르 </span><span class=""se_fs_T4"">굴</span><span class=""se_fs_T4"">러다니더라구요</span><span class=""se_fs_T4""> :)<br></span><span class=""se_fs_T4""><br></span><span class=""se_fs_T4"">아기방수요 사용해보니 확실히<br></span><span class=""se_fs_T4"">아기 커가면서 배변훈련할 때 사용하기도 좋고~<br></span><span class=""se_fs_T4"">신생아부터 클 때까지 <br></span><span class=""se_fs_T4"">다용도로 쓰기 좋은 것 같아요 !!<br></span><span class=""se_fs_T4""><br></span><span class=""se_fs_T4""></span><!-- } SE3-TEXT --></p>\n                    ', '\n                        <p class=""se_textarea""><!-- SE3-TEXT { --><span class=""se_fs_T4"">▲ 방수테스트 동영상으로 담아봤어요 ^^</span><span><br></span><span><br></span><span><br></span><span><br></span><span></span><!-- } SE3-TEXT --></p>\n                    ', '\n                        <blockquote class=""se_textarea""><!-- SE3-TEXT { -->목욕 후 방수요 활용하기 :)<!-- } SE3-TEXT --></blockquote>\n                    ', '\n                        <p class=""se_textarea""><!-- SE3-TEXT { --><span class=""se_fs_T4"">평소 아기 체온유지를 위해<br></span><span class=""se_fs_T4"">따뜻한 안방에서 목욕을 주로 하는데<br></span><span class=""se_fs_T4"">이 날은 거실매트 위에서 해봤어요 :)<br></span><span class=""se_fs_T4""><br></span><span class=""se_fs_T4"">그래서 100% 이불 위에서의 리얼후기는 아니지만<br></span><span class=""se_fs_T4"">확실히 아기방수요 사용유무의 차이는 크더라구요<br></span><span class=""se_fs_T4"">무엇보다 심적으로 여유가 생겼어요 ㅎㅎㅎ<br></span><span class=""se_fs_T4""><br></span><span class=""se_fs_T4""></span><br><!-- } SE3-TEXT --></p>\n                    ', '\n                        <p class=""se_textarea""><!-- SE3-TEXT { --><span class=""se_fs_T4"">중형 사이즈는 6.3키로 2개월 된&nbsp;새복이에게 딱이에요<br></span><span class=""se_fs_T4"">접어서 휴대하기도 좋더라구요 :)<br></span><span class=""se_fs_T4""><br></span><span class=""se_fs_T4"">얼마전 50일 촬영갔을 때 카페에서 시원하게<br></span><span class=""se_fs_T4"">푸푸를 해서 기저귀갈아주는데...<br></span><span class=""se_fs_T4"">대충 담요를 깔고 후다닥 갈았거든요 ㅜㅜ</span><span class=""se_fs_T4""><br></span><span class=""se_fs_T4"">혹시나 여기저기 묻을까 노심초사!!<br></span><span class=""se_fs_T4"">이젠 방수패드있으니까 걱정없겠죠</span><span class=""se_fs_T4""> \'_\'<br></span><span class=""se_fs_T4"">(첫 외출에...진땀 뺀 초보맘)<br></span><span class=""se_fs_T4""><br></span><span class=""se_fs_T4""></span><!-- } SE3-TEXT --></p>\n                    ', '\n                        <p class=""se_textarea""><!-- SE3-TEXT { --><span class=""se_fs_T4"">&nbsp;디자인은 4가지인데 새복이가 사용중인 건<br></span><span class=""se_fs_T4"">플라잉엘리펀 ★<br></span><span class=""se_fs_T4""><br></span><span class=""se_fs_T4"">어째 매트에 있는 코끼리보다 더큰거 같지<br></span><span class=""se_fs_T4"">우량아 새복이....ㅋㅋㅋㅋㅋㅋㅋㅋㅋ<br></span><span class=""se_fs_T4"">그나저나 배바지패션.....옷이 너무 커요 ;;<br></span><span class=""se_fs_T4""><br></span><span class=""se_fs_T4""><br></span><span class=""se_fs_T4""><br></span><span class=""se_fs_T4""></span><!-- } SE3-TEXT --></p>\n                    ', '\n                        <p class=""se_textarea""><!-- SE3-TEXT { --><span class=""se_fs_T4"">자 그럼 먹놀잠 일상 중 유일하게<br></span><span class=""se_fs_T4"">얼굴이랑 머리감는거 엄청&nbsp;싫어하고 <br></span><span class=""se_fs_T4"">몸 씻는건&nbsp;좋아라하는&nbsp;</span><span class=""se_fs_T4"">목욕타임 !!<br></span><span class=""se_fs_T4""><br></span><span class=""se_fs_T4"">아기방수요에다가 타월깔고 옷 준비하고 <br></span><span class=""se_fs_T4"">목욕준비를 해둡니다 :)<br></span><span class=""se_fs_T4"">아기추울까 언제나 스피드하게 움직이기 ㅋㅋㅋ<br></span><span class=""se_fs_T4""><br></span><span class=""se_fs_T4""><br></span><span class=""se_fs_T4""></span><!-- } SE3-TEXT --></p>\n                    ', '\n                        <p class=""se_textarea""><!-- SE3-TEXT { --><span class=""se_fs_T4"">아이쿠, 시원해라~&nbsp;&gt;_&lt;<br></span><span class=""se_fs_T4""><br></span><span class=""se_fs_T4"">한바탕 목욕전쟁 후 복귀!!!<br></span><span class=""se_fs_T4"">천기저귀가 물 흡수도 잘되서 목욕타월로 사용 중인데<br></span><span class=""se_fs_T4"">이불 위에 그냥 깔고 사용하니 물기 땜에 <br></span><span class=""se_fs_T4"">이불이 축축하게 </span><span class=""se_fs_T4"">젖더라구요 ㅠㅠ <br></span><span class=""se_fs_T4""><br></span><span class=""se_fs_T4"">아기방수요 깔아두면 이불 젖을 걱정없이<br></span><span class=""se_fs_T4"">사용할 수 있어서 만족해요 ♡<br></span><span class=""se_fs_T4""><br></span><span class=""se_fs_T4""></span><!-- } SE3-TEXT --></p>\n                    ', '\n                        <p class=""se_textarea""><!-- SE3-TEXT { --><span class=""se_fs_T4"">대형사이즈는 아기놀이방 매트로 활용해도 좋더라구요<br></span><span class=""se_fs_T4"">아직 새복이에게는 따로 아기방이 없지만<br></span><span class=""se_fs_T4"">거실 매트위에 깔아두니 나름 아기방 느낌 나지요?<br></span><span class=""se_fs_T4""><br></span><span class=""se_fs_T4"">거실에서 놀때는 아기이불패드 깔아두고 <br></span><span class=""se_fs_T4"">눕혀두는 편인데 방수요 있으니<br></span><span class=""se_fs_T4"">아기자기한 디자인으로 놀이매트로 활용 중이에요<br></span><span class=""se_fs_T4""><br></span><span class=""se_fs_T4""><br></span><span class=""se_fs_T4""><br></span><span class=""se_fs_T4""><br></span><span class=""se_fs_T4""></span><!-- } SE3-TEXT --></p>\n                    ', '\n                        <p class=""se_textarea""><!-- SE3-TEXT { --><span class=""se_fs_T4"">어느새 모빌보면서 놀다가 잠든 새복이...<br></span><span class=""se_fs_T4"">잘자라 우리아가 ♪<br></span><span class=""se_fs_T4""><br></span><span class=""se_fs_T4"">눈 뜨지말고 꿀잠자주라ㅋㅋㅋ<br></span><span class=""se_fs_T4""></span><span class=""se_fs_T4"">엄마도 좀 쉬자 엄마껌딱지야★<br></span><span class=""se_fs_T4""><br></span><span class=""se_fs_T4""><br></span><span class=""se_fs_T4""><br></span><span class=""se_fs_T4""><br></span><span class=""se_fs_T4""><br></span><span class=""se_fs_T4""></span><!-- } SE3-TEXT --></p>\n                    ', '\n                        <p class=""se_textarea""><!-- SE3-TEXT { --><span class=""se_fs_T4"">엄마? 거기서&nbsp; 뭐해요 ? (힐끔,,인상팍)<br></span><span class=""se_fs_T4""><br></span><span class=""se_fs_T4"">방수패드 꼭 필요한가 생각했는데<br></span><span class=""se_fs_T4"">기저귀갈다가 대소변테러 여러번 당하고나니<br></span><span class=""se_fs_T4"">꼭 필요하단 생각이 절실해요 ㅋㅋㅋㅋ<br></span><span class=""se_fs_T4""><br></span><span class=""se_fs_T4"">하나 사두면 아기가 커서까지&nbsp;쓸 수&nbsp;있으니깐요<br></span><span class=""se_fs_T4"">앞면은 부드러운 순면소재라 <br></span><span class=""se_fs_T4"">그냥 아기방 매트로 활용하기도 좋답니다 :)<br></span><span class=""se_fs_T4"">거기다 방수까지 되니 더 좋음!!!<br></span><span class=""se_fs_T4""></span><span class=""se_fs_T4""><br></span><span class=""se_fs_T4""><br></span><span class=""se_fs_T4""><br></span><span class=""se_fs_T4""></span><!-- } SE3-TEXT --></p>\n                    ', '\n                        <p class=""se_textarea""><!-- SE3-TEXT { --><span class=""se_fs_T4"">리에또베이비 아기방수요로<br></span><span class=""se_fs_T4"">요즘 기저귀갈 때, 목욕 후 옷 갈아 입힐 때<br></span><span class=""se_fs_T4"">그리고 아기 놀이매트 등 상황에 맞게&nbsp;<br></span><span class=""se_fs_T4"">제대로 활용하며 </span><span class=""se_fs_T4"">사용 중이랍니다 \'_\'<br></span><span class=""se_fs_T4""><br></span><span class=""se_fs_T4"">출산준비물에 꼭 추가하세요 ♡</span><span class=""se_fs_T4""><br></span><span class=""se_fs_T4""><br></span><span class=""se_fs_T4""></span><!-- } SE3-TEXT --></p>\n                    ']","['\n                        <h3 class=""se_textarea"">\n                            <!-- -->아기빨대컵 리에또 스텐레스 빨대컵, 겨울에 필수육아템 추천!<!-- -->\n                            \n                        </h3>\n                        \n                        \n\t                ', '\n                        <p class=""se_textarea""><!-- SE3-TEXT { --><br>아기빨대컵 리에또 스텐레스 빨대컵<br>겨울에 필수육아템 추천!<br><!-- } SE3-TEXT --></p>\n                    ', '\n                        <p class=""se_textarea""><!-- SE3-TEXT { --><br>아기빨대컵은 필수 육아템!<br>외출할때는 빨대컵하나 가져가면 완전 편해서<br>기저귀가방에 쏘옥~<br><br>언제 어디서나 아이가 물을 달라고 하면<br>유모차나 가방에서 아기빨대컵을 바로 꺼내<br>주곤했었는데 <br>날씨가 추워지다보니 차가운물 마시고<br>켁켁ㅠㅠ 콜록콜록 ㅠㅠ<br><br>엄마는 텀블러에 따뜻한 차를 가지고다니는데<br>아이는 차가운물을 먹게하다니;;<br><br>유아빨대컵 보온빨대컵을 준비해야할것같아<br>어떤걸 선택해야하나 고민하다가<br>리에또 스텐레스 빨대컵 발견!<br><br>스트로우솔과 리필 빨대꼭지도 같이 배송완료:)<br><!-- } SE3-TEXT --></p>\n                    ', '\n                        <p class=""se_textarea""><!-- SE3-TEXT { --><br>새로 아기빨대컵을 살때<br>빨대꼭지와 스트로우솔도 같이사는것을 추천!<br><br>따로 사면 배송비도 들고<br>아이가 빨대꼭지를 이빨로 잡아땡겨서<br>방심하면 뜯어지기때문에<br>미리 준비해야함 ㅋㅋㅋ<br><!-- } SE3-TEXT --></p>\n                    ', '\n                        <p class=""se_textarea""><!-- SE3-TEXT { --><br>리에또 스텐레스 빨대컵은<br>6개월 이상부터 사용할수 있는<br><span class=""__se3tag""><a class=""tag"" href=""/BlogTagView.nhn?blogId=sun2hwa&amp;pushNavigation=true&amp;tagName=유아빨대컵"">#유아빨대컵</a></span><br><br>이유식시작할때부터준비하면<br>딱 좋은 <span class=""__se3tag""><a class=""tag"" href=""/BlogTagView.nhn?blogId=sun2hwa&amp;pushNavigation=true&amp;tagName=리에또빨대컵"">#리에또빨대컵</a></span><br><!-- } SE3-TEXT --></p>\n                    ', '\n                        <p class=""se_textarea""><!-- SE3-TEXT { --><br><span class=""__se3tag""><a class=""tag"" href=""/BlogTagView.nhn?blogId=sun2hwa&amp;pushNavigation=true&amp;tagName=리에또"">#리에또</a></span> 스텐레스 빨대컵은<br>환경호르몬 걱정없는 스텐레스 재질이라<br>안심하고 아기에게 사용할수 있다^^<br>스텐레스 용기라 보온,보냉 모두 가능!<br><!-- } SE3-TEXT --></p>\n                    ', '\n                        <p class=""se_textarea""><!-- SE3-TEXT { --><br>BPA TOXIC <br>FREE<br><br>리에또 스텐레스 빨대컵은<br>비스페놀A가 검출되지않은 친환경제품!!<br><br><!-- } SE3-TEXT --></p>\n                    ', '\n                        <p class=""se_textarea""><!-- SE3-TEXT { --><br>리에또베이비 스텐레스 빨대컵은<br>색상이 4가지<br><br>빨강/노랑/파랑/초록<br><br>나는 초록,빨강 선택:)<br><br>파스텔톤 컬러라 넘나 이뻐서<br>어찌나 맘에 들던지 ㅎㅎㅎ<br><!-- } SE3-TEXT --></p>\n                    ', '\n                        <p class=""se_textarea""><!-- SE3-TEXT { --><br>리에또 스텐레스 빨대컵 <br>포장박스뒤에는<br>초보맘들에게 쏠쏠한 정보가 <br>잘 설명되어있어 꼼꼼히 읽어보기 :)<br><!-- } SE3-TEXT --></p>\n                    ', '\n                        <p class=""se_textarea""><!-- SE3-TEXT { --><br>겨울에도 매일매일 외출하는 지훈이는<br><span class=""__se3tag""><a class=""tag"" href=""/BlogTagView.nhn?blogId=sun2hwa&amp;pushNavigation=true&amp;tagName=아기빨대컵"">#아기빨대컵</a></span> 필수!<br><br>리에또 스텐레스 빨대컵은<br>보온,보냉 모두 가능하니<br>여름과 겨울에 사용하면 <br>더더욱 든든할듯^^<br><!-- } SE3-TEXT --></p>\n                    ', '\n                        <p class=""se_textarea""><!-- SE3-TEXT { --><br>유아빨대컵 리에또 스텐레스 빨대컵은<br>뚜껑도 큼지막한게<br>물컵으로 사용할수 있어요~<br><!-- } SE3-TEXT --></p>\n                    ', '\n                        <p class=""se_textarea""><!-- SE3-TEXT { --><br>아기빨대컵 추천<br><span class=""__se3tag""><a class=""tag"" href=""/BlogTagView.nhn?blogId=sun2hwa&amp;pushNavigation=true&amp;tagName=리에또베이비"">#리에또베이비</a></span> 스텐레스 빨대컵<br><br>아이가 편하게 양손으로 잡을수 있는 손잡이가 있어<br>빨대컵 처음 시작하는 아기에게 제격!<br><!-- } SE3-TEXT --></p>\n                    ', '\n                        <p class=""se_textarea""><!-- SE3-TEXT { --><br>손잡이가 뱅글뱅글 돌아가서<br>아기가 좀더 편하게 마실수 있는<br>리에또 스텐레스 빨대컵<br><!-- } SE3-TEXT --></p>\n                    ', '\n                        <p class=""se_textarea""><!-- SE3-TEXT { --><br>빨대는 말랑말랑 부드러운 실리콘이라<br>아이가 사용하기 적합해 굿~<br><br>빨대꼭지도 말랑말랑 실리콘재질!<br>다른 브랜드 제품에 호환도 가능해서 <br>활용성도 좋다.<br><!-- } SE3-TEXT --></p>\n                    ', '\n                        <p class=""se_textarea""><!-- SE3-TEXT { --><br>아기빨대컵<br>리에또 스텐레스 빨대컵<br><br>스텐레스 용기 내부에 눈금을 표기하여 정확한 계량이 가능!<br><br>빨대컵 입구가 넓어 <br>분유 제조와 세척도 용이하다^^<br><!-- } SE3-TEXT --></p>\n                    ', '\n                        <p class=""se_textarea""><!-- SE3-TEXT { --><br>아기빨대컵을 처음 준비할때<br>이왕이면 두개를 준비하세요~<br><br>하나는 외출용<br>하나는 집에서 ㅎㅎㅎ<br><br>리에또 스텐레스 빨대컵<br>유아빨대컵 2개 준비하니 <br>너무 든든하다!<br><!-- } SE3-TEXT --></p>\n                    ', '\n                        <p class=""se_textarea""><!-- SE3-TEXT { --><br>리에또 스텐레스 빨대컵 사용하기전에<br>세척부터 고고~<br><!-- } SE3-TEXT --></p>\n                    ', '\n                        <p class=""se_textarea""><!-- SE3-TEXT { --><br>▶️정확한 실리콘 빨대꼭지 세척방법<br><!-- } SE3-TEXT --></p>\n                    ', '\n                        <p class=""se_textarea""><!-- SE3-TEXT { --><br>빨대솔이 있어 얼마나 편한지!<br>우리아기가 맨날 사용하는 빨대를<br>위생적으로 관리해보아요^^<br><br>빨대컵 입구가 넓어서<br>용기세척은 너무 편하다 편해~~<br><!-- } SE3-TEXT --></p>\n                    ', '\n                        <p class=""se_textarea""><!-- SE3-TEXT { --><br>리에또 스텐레스 빨대컵에<br>물을 넣고 공기밸브를 누르면 <br>물 역류 방지!<br>참고하세요^^<br><!-- } SE3-TEXT --></p>\n                    ', '\n                        <p class=""se_textarea""><!-- SE3-TEXT { --><br>아기빨대컵 리에또 스텐레스 빨대컵은<br>용기 하단부가 넓어 쓰러지지않아<br>아기가 사용하기 너무 편함^^<br><br>거꾸로 세워도 물 한방울 나오지않아<br>조으다 조아~~<br><!-- } SE3-TEXT --></p>\n                    ', '\n                        <p class=""se_textarea""><!-- SE3-TEXT { --><br>막 흔들어봐도 새지않아<br>신기 신기!!<br>새지않는 아기빨대컵<br>리에또 스텐레스 빨대컵 😍<br><!-- } SE3-TEXT --></p>\n                    ', '\n                        <p class=""se_textarea""><!-- SE3-TEXT { --><br>외출할때 유모차에 <br>리에또 스텐레스 빨대컵을 쏘옥~<br>디자인마저 너무 예쁜거 실화임? ㅋㅋ<br><!-- } SE3-TEXT --></p>\n                    ', '\n                        <p class=""se_textarea""><!-- SE3-TEXT { --><br>유모차에 아기빨대컵 장착하니 <br>너무 든든!<br>겨울 외출도 유아빨대컵 <br>리에또 스텐레스 빨대컵 하나면<br>문제없어요~<br><!-- } SE3-TEXT --></p>\n                    ', '\n                        <p class=""se_textarea""><!-- SE3-TEXT { --><br>날씨가 추워지니<br>이제는 따뜻한물만 주고싶은 <br>엄마의 마음!<br><br>집에서도 <br>아기빨대컵 리에또 스텐레스 빨대컵에<br>따뜻한물을 항상 대기중~<br><!-- } SE3-TEXT --></p>\n                    ', '\n                        <p class=""se_textarea""><!-- SE3-TEXT { --><br>리에또 스텐레스 빨대컵 빨대꼭지가 <br>말랑말랑 실리콘재질이라<br>아이도 사용하기 좋아<br>거부감없이 사용중^^<br><!-- } SE3-TEXT --></p>\n                    ', '\n                        <p class=""se_textarea""><!-- SE3-TEXT { --><br>물 잘 안먹는 지훈이인데<br>리에또 스텐레스 빨대컵에<br>따뜻한 아기보리차를 가득담아주니<br>어느순간 호로록~<br><br>엄마는 하루종일 리필중 ㅎㅎㅎ<br><!-- } SE3-TEXT --></p>\n                    ', '\n                        <p class=""se_textarea""><!-- SE3-TEXT { --><br>리에또 스텐레스 빨대컵은<br>양손으로 잡을수있는 <br>손잡이가 있는데도<br>&nbsp;한손 스킬 ㅋㅋ<br><br>너무 잘먹는 모습을 보니<br>진작 사줄걸 너무 늦게 사줬나 <br>괜히 미안하네 ;;<br><br>리에또베이비 스텐레스 빨대컵<br>이왕이면 뽕뽑을수있게 생후 6개월부터 준비하세요^^<br>빨대꼭지도 쟁여두면 완벽 ㅎㅎㅎ<br><!-- } SE3-TEXT --></p>\n                    ', '\n                        <p class=""se_textarea""><!-- SE3-TEXT { --><br>요즘에 날씨가 추워<br>리에또 스텐레스 빨대컵에<br>따뜻한 물을 담아 외출하면 <br>얼마나 든든한지!<br><br>아이도 켁켁거리지 않고<br>따뜻한물을 계속 줄수있으니 너무 좋다^^<br><!-- } SE3-TEXT --></p>\n                    ', '\n                        <p class=""se_textarea""><!-- SE3-TEXT { --><br>손잡이를 손에 꼭 쥐고<br>절대 놓지않는<br>리에또 스텐레스 빨대컵<br><br>사용하면 할수록 너무 마음에 드는게<br>만족하며 사용중~~~<br><br>물건이다 물건!!<br><!-- } SE3-TEXT --></p>\n                    ', '\n                        <p class=""se_textarea""><!-- SE3-TEXT { --><br>아기빨대컵 추천<br>리에또 스텐레스 빨대컵<br><br>겨울 육아필수템 추천!<br>아이에게 항상 따뜻한 물을 줄수있어 <br>든든~<br>가볍고<br>새지않고<br>튼튼한 아기빨대컵❤️<br><br>아기랑 외출시 꼭 챙겨가세요 :-)<br><br><!-- } SE3-TEXT --></p>\n                    ', '\n                        <p class=""se_textarea""><!-- SE3-TEXT { --><br><!-- } SE3-TEXT --></p>\n                    ', '\n                        <p class=""se_textarea""><!-- SE3-TEXT { --><br><br><br><br><br><br>이 포스팅은<br>\'리에또\'로부터 제품을 무상제공받아<br>작성된 솔직한 후기입니다.<br><br><br><br><br><!-- } SE3-TEXT --></p>\n                    ']",[],[],[],[],[],[],[],"['\n                        <h3 class=""se_textarea"">\n                            <!-- -->방수패드 밤기저귀뗄 때, 배변훈련 할 때 필수템:)<!-- -->\n                            \n                        </h3>\n                        \n                        \n\t                ', '\n                        <p class=""se_textarea""><!-- SE3-TEXT { --><span><br></span><span><br></span><span>열무는 35개월로 <br></span><span>낮에 기저귀는 완전히 뗐어요!<br></span><span><br></span><span>밤기저귀도 거의 뗐는데..<br></span><span><br></span><span>가끔 실수를 하더라고요?<br></span><span><br></span><span></span><!-- } SE3-TEXT --></p>\n                    ', '\n                        <p class=""se_textarea""><!-- SE3-TEXT { --><span><br></span><span><br></span><span><br></span><span>아기 배변훈련의 마무리!!<br></span><span><br></span><span>밤기저귀 뗄 때의 필템이죠<br></span><span><br></span><span style=""color: rgb(247, 247, 247); background-color: rgb(241, 117, 168);""><b>:: 리에또 방수패드 아기방수요&nbsp;::</b></span><span><br></span><span><br></span><span>고고해봤어용:)<br></span><span><br></span><span></span><!-- } SE3-TEXT --></p>\n                    ', '\n                        <p class=""se_textarea""><!-- SE3-TEXT { --><span><br></span><span><br></span><span><br></span><span>기염귀욤한 아기방수요에요!</span><!-- } SE3-TEXT --></p>\n                    ', '\n                        <p class=""se_textarea""><!-- SE3-TEXT { --><!-- } SE3-TEXT --></p>\n                    ', '\n                        <p class=""se_textarea""><!-- SE3-TEXT { --><span><br></span><span>방수패드 사이즈<br></span><span></span><span><br></span><span><span style=""color: rgb(240, 44, 140); background-color: rgb(226, 226, 226);""><u><b>대형100X130 + 중형65X85</b></u></span></span><span><span style=""color: rgb(99, 99, 99);""></span></span><span><span style=""color: rgb(99, 99, 99);""><br></span><span style=""color: rgb(99, 99, 99);"">&nbsp;<br></span><span style=""color: rgb(99, 99, 99);""><br></span><span style=""color: rgb(99, 99, 99);""><br></span><span style=""color: rgb(99, 99, 99);"">펼쳐봤어요!</span></span><!-- } SE3-TEXT --></p>\n                    ', '\n                        <p class=""se_textarea""><!-- SE3-TEXT { --><span style=""color: rgb(99, 99, 99);""><br></span><span style=""color: rgb(99, 99, 99);""><br></span><span style=""color: rgb(99, 99, 99);"">대형사이즈는 아이가 충분히<br></span><span style=""color: rgb(99, 99, 99);"">눕고 움직일 수 있더라고요</span><span style=""color: rgb(99, 99, 99);""></span><!-- } SE3-TEXT --></p>\n                    ', '\n                        <p class=""se_textarea""><!-- SE3-TEXT { --><span style=""color: rgb(99, 99, 99);"">앞면에는 귀여운 디자인이 있고<br></span><span style=""color: rgb(99, 99, 99);""><span style=""color: rgb(102, 102, 102);"">100% 국내산 순면을 사용하여 <br></span><span style=""color: rgb(102, 102, 102);"">흡수&amp;발수력이 뛰어나더라고요:)</span></span><!-- } SE3-TEXT --></p>\n                    ', '\n                        <p class=""se_textarea""><!-- SE3-TEXT { --><span style=""color: rgb(102, 102, 102);""><br></span><span style=""color: rgb(102, 102, 102);""><br></span><span style=""color: rgb(102, 102, 102);"">뒷면은 <span style=""color: rgb(102, 102, 102);"">100% 생활 방수 가능해요!<br></span><span style=""color: rgb(102, 102, 102);""></span></span><!-- } SE3-TEXT --></p>\n                    ', '\n                        <p class=""se_textarea""><!-- SE3-TEXT { --><span style=""color: rgb(102, 102, 102);""><br></span><span style=""color: rgb(102, 102, 102);""><br></span><span style=""color: rgb(102, 102, 102);"">앞면은 아이의 피부가 닿아도 문제없이<br></span><span style=""color: rgb(102, 102, 102);"">부드러운 면으로 되어있어요</span><!-- } SE3-TEXT --></p>\n                    ', '\n                        <p class=""se_textarea""><!-- SE3-TEXT { --><span style=""color: rgb(102, 102, 102);""><br></span><span style=""color: rgb(102, 102, 102);"">뒷면은 폴리우레탄 100%로 <br></span><span style=""color: rgb(102, 102, 102);"">생활방수가 가능해요!</span><!-- } SE3-TEXT --></p>\n                    ', '\n                        <p class=""se_textarea""><!-- SE3-TEXT { --><span style=""color: rgb(102, 102, 102);""><br></span><span style=""color: rgb(102, 102, 102);""><br></span><span style=""color: rgb(102, 102, 102);"">대형 방수패드에는 끈티 있어서 <br></span><span style=""color: rgb(102, 102, 102);"">매트에 고정이 쉽더라고요!</span><!-- } SE3-TEXT --></p>\n                    ', '\n                        <p class=""se_textarea""><!-- SE3-TEXT { --><span style=""color: rgb(102, 102, 102);"">요렇게 아기 방수요에는 <br></span><span style=""color: rgb(102, 102, 102);"">앞, 뒷면이 다르고..<br></span><span style=""color: rgb(102, 102, 102);""><br></span><span style=""color: rgb(102, 102, 102);"">아이가 사용하기 <br></span><span style=""color: rgb(102, 102, 102);"">좋은 크기로 만들어졌더라고요<br></span><span style=""color: rgb(102, 102, 102);""></span><span style=""color: rgb(102, 102, 102);""></span><!-- } SE3-TEXT --></p>\n                    ', '\n                        <p class=""se_textarea""><!-- SE3-TEXT { --><span><br></span><span><br></span><span>둘째 심쿵이는 아직 범퍼침대를 사용해요!<br></span><span><br></span><span>범퍼침대의 색상이 아이보리라..<br></span><span><br></span><span>항상 깨끗하게 관리해줘야해요</span><span></span><span></span><!-- } SE3-TEXT --></p>\n                    ', '\n                        <p class=""se_textarea""><!-- SE3-TEXT { --><span><br></span><span>리에또 방수패드를 깔아놓으니..<br></span><span><br></span><span>밝고 깨끗한 색상으로 잘 어울리더라고요<br></span><span><br></span><span></span><!-- } SE3-TEXT --></p>\n                    ', '\n                        <p class=""se_textarea""><!-- SE3-TEXT { --><span></span><span><br></span><span><br></span><span>그 때 바로&nbsp;와다다다.... <br></span><span>방수패드 반겨주시는 심쿵이:)</span><!-- } SE3-TEXT --></p>\n                    ', '\n                        <p class=""se_textarea""><!-- SE3-TEXT { --><span><br></span><span><br></span><span>뒹굴뒹굴!!<br></span><span><br></span><span>방수패드 위에&nbsp; 누워보더라고요 </span><!-- } SE3-TEXT --></p>\n                    ', '\n                        <p class=""se_textarea""><!-- SE3-TEXT { --><!-- } SE3-TEXT --></p>\n                    ', '\n                        <p class=""se_textarea""><!-- SE3-TEXT { --><span><br></span><span>아기 범퍼침대는 특대형을 사용중인데..<br></span><span><br></span><span>방수패드 대형사이즈가 잘 맞더라고요!</span><!-- } SE3-TEXT --></p>\n                    ', '\n                        <p class=""se_textarea""><!-- SE3-TEXT { --><span><br></span><span>범퍼침대와 같은 아이보리색상으로 <br></span><span>세트같은 느낌이 들어서 <br></span><span>더더 맘에 들었어요!</span><!-- } SE3-TEXT --></p>\n                    ', '\n                        <p class=""se_textarea""><!-- SE3-TEXT { --><span><br></span><span>아이들은 자다 땀도 많이 흘리고 <br></span><span>자는 곳에서 잠만 자지 않기때문에(?)<br></span><span><br></span><span>방수패드는 꼭 필요한 거 같아요!</span><!-- } SE3-TEXT --></p>\n                    ', '\n                        <p class=""se_textarea""><!-- SE3-TEXT { --><span><br></span><span><br></span><span>생활방수가 가능하기때문에..<br></span><span>신생아부터~ 배변훈련시기까지<br></span><span><br></span><span>정말 유용하게 사용할 수 있는 <br></span><span>육아 필수템이죠</span><!-- } SE3-TEXT --></p>\n                    ', '\n                        <p class=""se_textarea""><!-- SE3-TEXT { --><!-- } SE3-TEXT --></p>\n                    ', '\n                        <p class=""se_textarea""><!-- SE3-TEXT { --><span>패드가 너무 얇으면 <br></span><span>말려버릴 수 있는데..<br></span><span><br></span><span>도톰하니 방수패드로 딱 좋더라고요</span><span></span><!-- } SE3-TEXT --></p>\n                    ', '\n                        <p class=""se_textarea""><!-- SE3-TEXT { --><span><br></span><span><br></span><span>앞면과 뒷면의 퀼팅처리가되서<br></span><span>따로 놀지않아서 좋아요!</span><!-- } SE3-TEXT --></p>\n                    ', '\n                        <p class=""se_textarea""><!-- SE3-TEXT { --><span><br></span><span>아기인형을 살포시 눕혀봤어요</span><span></span><!-- } SE3-TEXT --></p>\n                    ', '\n                        <p class=""se_textarea""><!-- SE3-TEXT { --><span><br></span><span>포근하고 부드러운 면이 <br></span><span>아이피부에 자극없이 좋겠더라고요</span><!-- } SE3-TEXT --></p>\n                    ', '\n                        <p class=""se_textarea""><!-- SE3-TEXT { --><span><br></span><span>바로 잠든 아기를 눕혀봤어요!</span><!-- } SE3-TEXT --></p>\n                    ', '\n                        <p class=""se_textarea""><!-- SE3-TEXT { --><span><br></span><span>가끔 아기 기저귀가 샐 때가 있는데..<br></span><span><br></span><span>방수패드를 깔아주니 안심되더라고요</span><!-- } SE3-TEXT --></p>\n                    ', '\n                        <p class=""se_textarea""><!-- SE3-TEXT { --><span>쿨쿨~<br></span><span><br></span><span>포근한지 넘넘 잘자는 우리 심쿵이<br></span><span></span><span></span><!-- } SE3-TEXT --></p>\n                    ', '\n                        <p class=""se_textarea""><!-- SE3-TEXT { --><span><br></span><span><br></span><span>아이 피부가 닿는 면은&nbsp;부드러워서<br></span><span>마음껏 뒹굴러도 걱정없어요</span><span><br></span><span></span><!-- } SE3-TEXT --></p>\n                    ', '\n                        <p class=""se_textarea""><!-- SE3-TEXT { --><!-- } SE3-TEXT --></p>\n                    ', '\n                        <p class=""se_textarea""><!-- SE3-TEXT { --><span><br></span><span><br></span><span>쉬가 새거나 음식물을 흘려 <br></span><span>오염되도 쉽게 세탁가능하니 <br></span><span><br></span><span>엄마는 이제 걱정없어요!<br></span><!-- } SE3-TEXT --></p>\n                    ', '\n                        <p class=""se_textarea""><!-- SE3-TEXT { --><span><br></span><span><br></span><span>마음 놓고 </span><!-- } SE3-TEXT --></p>\n                    ', '\n                        <p class=""se_textarea""><!-- SE3-TEXT { -->꿀잠자렴:)<!-- } SE3-TEXT --></p>\n                    ', '\n                        <p class=""se_textarea""><!-- SE3-TEXT { --><span><br></span><span><br></span><span>작은 방수패드는 <br></span><span>아이 기저귀 갈 때도 참 좋을 거 같아요!<br></span><span><br></span><span></span><!-- } SE3-TEXT --></p>\n                    ', '\n                        <p class=""se_textarea""><!-- SE3-TEXT { --><span><br></span><span>접으면 부피도 작아서..<br></span><span>여행갈 때도 아주 유용하게 쓰이겠더라고요</span><span></span><!-- } SE3-TEXT --></p>\n                    ', '\n                        <p class=""se_textarea""><!-- SE3-TEXT { --><span style=""color: rgb(102, 102, 102);""><span><br></span><span><br></span><span>중형사이즈는 열무에게 살짝 작지만?<br></span><span></span><span></span><span><br></span><span><span style=""color: rgb(102, 102, 102);""><span>놀이하다 갑자기 낮잠 든 아가를 <br></span><span>눕히기엔 정말 좋았어요</span></span></span><br></span><!-- } SE3-TEXT --></p>\n                    ', '\n                        <p class=""se_textarea""><!-- SE3-TEXT { --><span><br></span><span><br></span><span><br></span><span><span style=""color: rgb(102, 102, 102);"">리에또 방수패드는 <br></span><span style=""color: rgb(241, 47, 34);""><b><u>KC인증</u></b></span><span style=""color: rgb(102, 102, 102);"">을 받은 안전한 제품으로 <br></span><span style=""color: rgb(102, 102, 102);"">안심하고 사용할 수 있어요</span></span><!-- } SE3-TEXT --></p>\n                    ', '\n                        <p class=""se_textarea""><!-- SE3-TEXT { --><span style=""color: rgb(102, 102, 102);""><br></span><span style=""color: rgb(102, 102, 102);""><br></span><span style=""color: rgb(241, 117, 168);""><b><b>100% 생활 방수 가능</b></b></span><span style=""color: rgb(102, 102, 102);""><br><span style=""color: rgb(102, 102, 102);""><span><b></b></span></span></span><span style=""color: rgb(168, 104, 169);""><span style=""color: rgb(102, 102, 102);""><span style=""color: rgb(168, 104, 169);""><b>100% 국내산 순면을 사용</b></span></span></span><span style=""color: rgb(102, 102, 102);""><span style=""color: rgb(102, 102, 102);""><span><br></span><span><b>&nbsp;</b></span></span></span><span style=""color: rgb(102, 102, 102);""><span style=""color: rgb(102, 102, 102);""><span style=""color: rgb(0, 186, 180);""><b>뛰어난 &nbsp;흡수&amp;발수력</b></span></span></span><span style=""color: rgb(102, 102, 102);""><span style=""color: rgb(102, 102, 102);""></span></span><span style=""color: rgb(102, 102, 102);""><span style=""color: rgb(102, 102, 102);""><br></span></span><!-- } SE3-TEXT --></p>\n                    ', '\n                        <p class=""se_textarea""><!-- SE3-TEXT { --><span>귀여운 디자인과<br></span><span>넉넉한 사이즈!<br></span><span><br></span><span>배변훈련 할때,<br></span><span>기저귀 갈때,<br></span><span>외출 준비용품으로 <br></span><span><br></span><span style=""color: rgb(240, 44, 140); background-color: rgb(255, 245, 153);""><b>:: 아기방수요 방수패드 ::</b></span><span><br></span><span><br></span><span>함 고고해보세용:)<br></span><!-- } SE3-TEXT --></p>\n                    ', '\n                        <p class=""se_textarea""><!-- SE3-TEXT { --><span><br></span><span><span class=""__se3tag""><a class=""tag"" href=""/BlogTagView.nhn?blogId=jung_sun0116&amp;pushNavigation=true&amp;tagName=아기방수요"">#아기방수요</a></span><br></span><span><span class=""__se3tag""><a class=""tag"" href=""/BlogTagView.nhn?blogId=jung_sun0116&amp;pushNavigation=true&amp;tagName=방수패드"">#방수패드</a></span><br></span><span><span class=""__se3tag""><a class=""tag"" href=""/BlogTagView.nhn?blogId=jung_sun0116&amp;pushNavigation=true&amp;tagName=방수요"">#방수요</a></span><br></span><span><span class=""__se3tag""><a class=""tag"" href=""/BlogTagView.nhn?blogId=jung_sun0116&amp;pushNavigation=true&amp;tagName=리에또베이비"">#리에또베이비</a></span><br></span><span><br></span><span><br></span><span><br></span><span><br></span><span class=""se_fs_T4""><b>*해당 업체로부터 제품을 제공받아 작성된 후기입니다*</b></span><span><br></span><span></span><!-- } SE3-TEXT --></p>\n                    ']",[],[],[],[],[],[],[],[],[],[],[],[],[],[],[],[],"['\n                        <h3 class=""se_textarea"">\n                            <!-- -->방수패드 신생아 여름 필수템이야<!-- -->\n                            \n                        </h3>\n                        \n                        \n\t                ', '\n                        <p class=""se_textarea""><!-- SE3-TEXT { --><br><br>올 여름은 유난히도 무더웠지요?<br>가만히 앉아만 있어도 땀이 뻘뻘 흐를정도로 무더웠는데<br>기저귀를 차고있는 신생아는 얼마나 갑갑하고 덥겠어요^^;;<br><br>너무도 무더운 날에는 아기 기저귀를 벗겨주고 시원하게 바람이 통하게 해주는데<br>간혹 소변타임을 잘 못 맞추고있으면 그대로 바닥에 쉬를 싸버리더라구요^^;;<br><br><br><br><!-- } SE3-TEXT --></p>\n                    ', '\n                        <p class=""se_textarea""><!-- SE3-TEXT { --><br><br>담요나 침대위에서 쉬아 테러한다면<br>육아와 집안일로 바쁜 엄마에게 또 한가지의 고통을 주는 일이였어요<br>그래서 안심할 수 있게 매트나 침대위에 리에또베이비 아기 방수패드를 깔아주었어요<br><br><br><!-- } SE3-TEXT --></p>\n                    ', '\n                        <p class=""se_textarea""><!-- SE3-TEXT { --><br><br>아이보리색 바탕에 귀여운 유니콘이 그려져있어요<br>사이즈는 대형 100×130cm로 아기랑 엄마랑 둘이 같이 누울 수 있는 아담한 사이즈에요<br><br><br><br><!-- } SE3-TEXT --></p>\n                    ', '\n                        <p class=""se_textarea""><!-- SE3-TEXT { --><br><br>원단의 소재는 밤보소재인데<br>이는 자연 그대로의 햇볕과 수분만으로 자라는 친환경적인 대나무에서 추출한 솜으로 만든 기능성 섬유에요<br>이 밤보섬유는 통풍과 땀 흡수가 우수하며 항균 항취에 강해요<br>특히 친환경소재라 아이들이 사용하기에 안심이 되네요<br><br><br><!-- } SE3-TEXT --></p>\n                    ', '\n                        <p class=""se_textarea""><!-- SE3-TEXT { --><br><br>각 테두리는 다른천을 덧데여 튼튼하게 만들었어요<br>그리고 박음질도 꼼꼼하게 잘 되어있구요<br><br><br><br><!-- } SE3-TEXT --></p>\n                    ', '\n                        <p class=""se_textarea""><!-- SE3-TEXT { --><br>디자인도 너무 귀엽죠?<br><br>우리집에 온것은 유니콘 디자인이고<br>그밖에 도기, 곰토끼,동글이가 있는데 모두 완전 귀여미네요~~ㅋㅋ<br><br><br><br><!-- } SE3-TEXT --></p>\n                    ', '\n                        <p class=""se_textarea""><!-- SE3-TEXT { --><br><br>리에또베이비 방수패드 뒷면은 방수 코딩처리가 되어있어요<br>그래서 아기가 몇번 소변을 쌌는데도 패드 아래에 있는 매트는 전혀 젖여있지않았어요<br><br><br><!-- } SE3-TEXT --></p>\n                    ', '\n                        <p class=""se_textarea""><!-- SE3-TEXT { --><span><br></span><span><br></span>방수요 대형 사이즈 뒷면에는 <br>고무밴드도 있어서 침대 매트에 끼워서 사용하면 요가 움직이지않고 잘 고정되어 있어요<br>단, 소형 사이즈에는 요 뒷면에 저런 고무끈이 없어요^^;;<span><br><br></span><span>대형 사이즈는 아기침대에 고정해서 사용하기에 좋고<br></span><span>중형은 휴대용 사이즈라 외출시 가지고 다니며 사용해도 좋을것 같아요<br></span><br><br><!-- } SE3-TEXT --></p>\n                    ', '\n                        <p class=""se_textarea""><!-- SE3-TEXT { --><br><br>아기는 방수패드 리에또베이비 위에서 잘 놀고있어요<br>아래옷은 안입고있어서 방수요가 피부에 직접 닿는데<br>촉감이 정말 부드러워서 포근하고 따뜻한 느낌이에요<br>그래서 요즘은 여기에서 하루종일 놀고 먹어요 ㅋㅋ<br><br><br><br><!-- } SE3-TEXT --></p>\n                    ', '\n                        <p class=""se_textarea""><!-- SE3-TEXT { --><br><br>가끔은 엉덩이에 땀차고 더워서 기저귀 벗겨두는데<br>공기가 통하고 시원하니 좋은지<br>아기는 싱글벙글 더 잘 놀아요<br><br><br><br><!-- } SE3-TEXT --></p>\n                    ', '\n                        <p class=""se_textarea""><!-- SE3-TEXT { --><span><br><br></span><span>아기가 리에또베이비 방수요를 좋아하는 이유는</span><br>원단이 너무 부드러워서 그위에서 노는걸 좋아해요<br><br>신생아및 영유아의 신체가 직접&nbsp; 닿는 앞면 원단이 밤부와 면 원단의 최적의 혼합율로 정말 부드러워요<br>그리고 각종 이물질이 주변에 오염되지 않도록 뒷면은 PU 방수코팅 처리되어있구요<br><span>만약 더러워지면 세탁기나 손세탁하여 말려주면 깨끗하게 재사용이 가능해요<br></span><span>단, 세탁기 사용시는 보풀방지를 위해 단독 세탁이나 세택망을 사용하고<br></span><span>세탁후 기계탈수는 자제하고 건조대에 펼쳐서 널어주는게 좋아요<br></span><span><br><br></span><span><br></span><!-- } SE3-TEXT --></p>\n                    ', '\n                        <p class=""se_textarea""><!-- SE3-TEXT { --><span><br></span><span><br></span><br>아기침대위에도 리에또 밤부 방수요를 깔아두었어요<br><span>우리집 아기침대에는 중형 사이즈가 딱 맞더라구요<br></span><span>중형 사이즈는 65×85cm<br></span><span>그런데 아기침대가 조금만 더 커도 고정밴드가 있는 대형 사이즈를 이용하는게 더 편리할것 같아요<br></span><span><br></span><br>아기침대가 있는 침대방은 더워서 요즘 거의 거실에 있지만<br>날씨가 좀 시원해지면 이곳에서 꿀잠 잘거에요^^<br><br><span><br></span><span><br></span><br><!-- } SE3-TEXT --></p>\n                    ']","['\n                        <h3 class=""se_textarea"">\n                            <!-- -->순면 아기방수요 준비하면 요긴하게 쓴다<!-- -->\n                            \n                        </h3>\n                        \n                        \n\t                ', '\n                        <blockquote class=""se_textarea""><!-- SE3-TEXT { -->엄마가 편해지려면<br>아기방수요는 필수 ㅠㅠ<!-- } SE3-TEXT --></blockquote>\n                    ', '\n                        <p class=""se_textarea""><!-- SE3-TEXT { --><span>보통은 엄마 혼자서 오롯이 아가를 봐야하는 시간이 많은데<br></span><span>아가가 잠들어 있다 하더라도 밀려있는 집안일에<br></span><span>주방일까지 하다보면 하루 24시간이 모자를 수 밖에 없다.<br></span><span>최대한 일거리를 줄이고 엄마가 편해지려면<br></span><span>아기방수요는 필수인것 같다.<br></span><span>애기들은 위가 일자라 쉽게 토를 하기 떄문에<br></span><span>매트에 토도 잘 묻고<br></span><span>거기다 기저귀를 갈때면 \'쉬야\'나 \'응아\'를 매트에 흘려<br></span><span>큰 세탁물이 나오게 되는 일이 종종 있더라.</span><span><br></span><span>그래서 여분의 요도 필요하고 방수 기능을 고려한<br></span><span style=""color: rgb(0, 118, 200);""><i><u>리에또베이비 순면 오가닉 제품</u></i></span><span>을 골라봄_</span><span></span><!-- } SE3-TEXT --></p>\n                    ', '\n                        <p class=""se_textarea""><!-- SE3-TEXT { --><span><br></span><span><br></span><span><br></span><span><br></span><span><br></span><span><br></span><span><br></span><span><br></span><span></span><!-- } SE3-TEXT --></p>\n                    ', '\n                        <blockquote class=""se_textarea""><!-- SE3-TEXT { -->아기방수요, 잘 골라야해<!-- } SE3-TEXT --></blockquote>\n                    ', '\n                        <p class=""se_textarea""><!-- SE3-TEXT { --><span>후기들을 찾다보니제품을 잘못 고르면<br></span><span>흡수력이 좋지 않아<br></span><span style=""color: rgb(241, 47, 34);""><u>아기 등에 땀띠가 생기거나 태열이 올라</u></span><span><br></span><span>문제가 생기는 경우들도 종종 볼 수 있더라.<br></span><span>휴대용으로 잠깐 잠깐 사용하는 용도라면 상관은 없지만<br></span><span>이번엔 집안에서 사용 할 목적으로<br></span><span><b><u>오가닉 100% 순면으로 만들어진 제품</u></b></span><span>을 사용 해 봤다.</span><!-- } SE3-TEXT --></p>\n                    ', '\n                        <p class=""se_textarea""><!-- SE3-TEXT { --><span><br></span><span><br></span><span><br></span><span><br></span><span><br></span><span><br></span><span><br></span><span><br></span><span>다양한 사이즈로 휴대성까지 갖추고 있는 리에또베이비 아기방수요는<br></span><span>대, 중, 소 사이즈가 있고<br></span><span>난 대형과 중형을 써 봤다.</span><span></span><span></span><!-- } SE3-TEXT --></p>\n                    ', '\n                        <p class=""se_textarea""><!-- SE3-TEXT { --><span><br></span><span><br></span><span><br></span><span><br></span><span><br></span><span><br></span><span><br></span><span><br></span><span><b>대형 사이즈는 100x130 cm</b><br></span><span><b>중형 사이즈는 65 x 85 cm</b></span><span><br></span><span>노트5 스마트폰과 비교 해 보면 대략 크기가 짐작이 되리라..ㅎ</span><span></span><span></span><!-- } SE3-TEXT --></p>\n                    ', '\n                        <p class=""se_textarea""><!-- SE3-TEXT { --><span><br></span><span><br></span><span><br></span><span><br></span><span><br></span><span><br></span><span><br></span><span><br></span><span>피부에 닿는 오가닉 순면은<br></span><span><b>무형광, 무자극</b></span><span>의 아이에게 사용하기 적합한 소재로<br></span><span><b>KC인증</b></span><span>을 받았다.<br></span><span>자세히 보면 동그란 무늬로 처리가 되어 있다.</span><span></span><!-- } SE3-TEXT --></p>\n                    ', '\n                        <p class=""se_textarea""><!-- SE3-TEXT { --><span><br></span><span><br></span><span><br></span><span><br></span><span><br></span><span><br></span><span><br></span><span>대형 사이즈의 뒷면에는 침대 매트리스에 고정 할 수 있는<br></span><span>고무밴드가 달려 있어 너무나 유용하더라.<br></span><span>윗쪽, 아랫쪽 이렇게 2개의 고무밴드가 달려있고</span><!-- } SE3-TEXT --></p>\n                    ', '\n                        <p class=""se_textarea""><!-- SE3-TEXT { --><!-- } SE3-TEXT --></p>\n                    ', '\n                        <p class=""se_textarea""><!-- SE3-TEXT { --><span><br></span><span><br></span><span><br></span><span><br></span><span><br></span><span><br></span><span>울 떵이 아기침대는 워낙 크기가 크다보니<br></span><span>세로 길이가 조금 부족하긴 했지만<br></span><span>아이가 사용하기에는 매우 큰 사이즈라<br></span><span>매트리스에 고무밴드를 끼워 잘 고정시키니<br></span><span>움직임 없이 편하게 사용이 가능~</span><!-- } SE3-TEXT --></p>\n                    ', '\n                        <p class=""se_textarea""><!-- SE3-TEXT { --><span><br></span><span><br></span><span><br></span><span><br></span><span><br></span><span><br></span><span><br></span><span><br></span><span>잠 안자려고 용을 쓰는 녀석이긴하지만<br></span><span>잠에 들면 3~5시간씩 통잠을 자는지라<br></span><span>머리에도 열을 식혀줄 특수 베개를 사용 중인데<br></span><span>순면 오가닉 소재 아기방수요를 깔아두니<br></span><span>땀이 나도 땀흡수에 걱정이 없다.</span><!-- } SE3-TEXT --></p>\n                    ', '\n                        <p class=""se_textarea""><!-- SE3-TEXT { --><span><br></span><span><br></span><span><br></span><span><br></span><span><br></span><span><br></span><span><br></span><span><br></span><span><br></span><span>뒷면은 폴리우레탄 방수코팅이 처리되어<br></span><span>발수력도 좋아 100% 생활방수가 가능하단다.</span><span></span><!-- } SE3-TEXT --></p>\n                    ', '\n                        <p class=""se_textarea""><!-- SE3-TEXT { --><span><br></span><span><br></span><span><br></span><span><br></span><span><br></span><span><br></span><span><br></span><span><br></span><span>며칠 전 기저귀를 너무 헐렁하게 해뒀더니 밑으로 흘러내려<br></span><span>옷은 물론 사용하던 매트까지 젖는 바람에<br></span><span>매트를 세탁 하는 동안 아기방수요를 거실에 깔아<br></span><span>낮시간 동안 놀게 해줬었다.<br></span><span><br></span><span>오른쪽 사진에 </span><span style=""color: rgb(0, 118, 200);""><b><u>중형 대형 사이즈</u></b></span><span>&nbsp;참고하기~<br></span><span>가정 내에서 편하게 쓸 수 있는 넉넉한 사이즈에<br></span><span>휴대하기도 편한 크기라 활용도를 따진다면<br></span><span>중형 사이즈를 권해드림_</span><span></span><!-- } SE3-TEXT --></p>\n                    ', '\n                        <p class=""se_textarea""><!-- SE3-TEXT { --><span><br></span><span><br></span><span><br></span><span><br></span><span><br></span><span><br></span><span>▼ 30일쯤 된 신생아가 누웠을 때 대형과 중형<br></span><span>각각의 사이즈 비교~</span><!-- } SE3-TEXT --></p>\n                    ', '\n                        <p class=""se_textarea""><!-- SE3-TEXT { --><span><br></span><span><br></span><span><br></span><span><br></span><span><br></span><span><br></span><span><br></span><span><br></span><span>땀 흡수도 되지만 방수도 가능하기에<br></span><span>여러가지 측면에서 내가 찾고있던 제품의 조건이 딱 맞는다.<br></span><span style=""color: rgb(0, 118, 200);"" class=""se_fs_T2""><b><u><i>① 휴대성</i></u></b><br></span><span style=""color: rgb(0, 118, 200);"" class=""se_fs_T2""><b><u><i>② 방수</i></u></b><br></span><span style=""color: rgb(0, 118, 200);"" class=""se_fs_T2""><b><u><i>③ 땀흡수</i></u></b><br></span><span style=""color: rgb(0, 118, 200);"" class=""se_fs_T2""><b><u><i>④ 순한 소재</i></u></b></span><!-- } SE3-TEXT --></p>\n                    ', '\n                        <p class=""se_textarea""><!-- SE3-TEXT { --><span><br></span><span><br></span><span><br></span><span><br></span><span><br></span><span><span><br></span><br></span><span></span><!-- } SE3-TEXT --></p>\n                    ', '\n                        <blockquote class=""se_textarea""><!-- SE3-TEXT { -->아기방수요 세탁 방법<!-- } SE3-TEXT --></blockquote>\n                    ', '\n                        <p class=""se_textarea""><!-- SE3-TEXT { --><span>세탁시에는 30℃ 미지근한 물에<br></span><span>중성세제로 단독세탁을 한다.<br></span><span>세탁 전 30분이상 물에 담궈두지 말아야하며<br></span><span>탈색 우려가 있어 삶지 않도록 주의 (건조기 사용도 x)</span><!-- } SE3-TEXT --></p>\n                    ', '\n                        <p class=""se_textarea""><!-- SE3-TEXT { --><span><br></span><span><br></span><span><br></span><span><br></span><span><br></span><span><br></span><span></span><!-- } SE3-TEXT --></p>\n                    ', '\n                        <p class=""se_textarea""><!-- SE3-TEXT { --><span><br></span><span><br></span><span><br></span><span><br></span><span><br></span><span>외출 할 때에도 휴대성이 좋은 사이즈가 있고<br></span><span>생활 방수와 착한 소재로 제작 된 아기방수요라<br></span><span>원하는 조건에 맞는 사이즈로 선택하면 되겠다.<br></span><span>단, 디자인도 다양하고 귀여운 캐릭터 그림이 많아 <br></span><span>고르는데 시간이 걸릴 수 있음_ ㅋㅋㅋ</span><!-- } SE3-TEXT --></p>\n                    ', '\n                        <p class=""se_textarea""><!-- SE3-TEXT { --><span><br></span><span><br></span><span><br></span><span><br></span><span><br></span><span><br></span><span><br></span><span><br></span><span><br></span><span><br></span><span><br></span><span></span><!-- } SE3-TEXT --></p>\n                    ', '\n                        <p class=""se_textarea""><!-- SE3-TEXT { --><!-- } SE3-TEXT --></p>\n                    ']",[],"['\n                        <h3 class=""se_textarea"">\n                            <!-- -->2017진주맘아랑베이비페어 현장 후기 : 진주베이비페어의 첫날 모습 담아보기(참여업체 리스트)<!-- -->\n                            \n                        </h3>\n                        \n                        \n\t                ', '\n                        <blockquote class=""se_textarea""><!-- SE3-TEXT { -->2017진주맘아랑베이비페어 현장 후기 : 진주베이비페어의 첫날 모습 담아보기(참여업체 리스트)<!-- } SE3-TEXT --></blockquote>\n                    ', '\n                        <p class=""se_textarea""><!-- SE3-TEXT { --><span><br></span><span><br></span><span><br></span><span><br></span><span><br></span><span><br></span><span><br></span><span><span class=""__se3tag""><a class=""tag"" href=""/BlogTagView.nhn?blogId=kimmso1&amp;pushNavigation=true&amp;tagName=진주맘아랑베이비페어"">#진주맘아랑베이비페어</a></span> <span class=""__se3tag""><a class=""tag"" href=""/BlogTagView.nhn?blogId=kimmso1&amp;pushNavigation=true&amp;tagName=2기"">#2기</a></span> <span class=""__se3tag""><a class=""tag"" href=""/BlogTagView.nhn?blogId=kimmso1&amp;pushNavigation=true&amp;tagName=서포터즈"">#서포터즈</a></span> 라 첫날부터 <span class=""__se3tag""><a class=""tag"" href=""/BlogTagView.nhn?blogId=kimmso1&amp;pushNavigation=true&amp;tagName=진주실내체육관"">#진주실내체육관</a></span> 을 방문하였다. <br></span><span><br></span><span><span class=""__se3tag""><a class=""tag"" href=""/BlogTagView.nhn?blogId=kimmso1&amp;pushNavigation=true&amp;tagName=진주베이비페어"">#진주베이비페어</a></span> 는 10월 26일부터 29일까지 4일간 개최되는데 오픈시간은 10시부터 저녁 6시까지.<br></span><span><br></span><span>아무래도 좋은 물건을 득템하기 위해서는 첫날에 방문할 것을 추천한다. <br></span><span><br></span><span><br></span><span><br></span><span><br></span><span><br></span><span><br></span><span><br></span><span><br></span><span><br></span><!-- } SE3-TEXT --></p>\n                    ', '\n                        <p class=""se_textarea""><!-- SE3-TEXT { --><span><br></span><span><span class=""__se3tag""><a class=""tag"" href=""/BlogTagView.nhn?blogId=kimmso1&amp;pushNavigation=true&amp;tagName=미세먼지"">#미세먼지</a></span> 예보였던 이 날, 약간은 우중충했지만 그래도 춥지는 않았다. <br></span><span><br></span><span>내가 도착한 건 약 11시 정도였는데 많은 분들이 방문하고 있었다. <br></span><span><br></span><span><br></span><span><br></span><span><br></span><span><br></span><span><br></span><span><br></span><span><br></span><span></span><!-- } SE3-TEXT --></p>\n                    ', '\n                        <p class=""se_textarea""><!-- SE3-TEXT { --><span><br></span><span>도착해서 제일 먼저할 것은 <span class=""__se3tag""><a class=""tag"" href=""/BlogTagView.nhn?blogId=kimmso1&amp;pushNavigation=true&amp;tagName=사전등록"">#사전등록</a></span> 을 확인하거나 <span class=""__se3tag""><a class=""tag"" href=""/BlogTagView.nhn?blogId=kimmso1&amp;pushNavigation=true&amp;tagName=현장등록"">#현장등록</a></span> 하기. <br></span><span><br></span><span><br></span><span><br></span><span><br></span><span><br></span><span><br></span><span><br></span><span><br></span><span><br></span><span></span><!-- } SE3-TEXT --></p>\n                    ', '\n                        <p class=""se_textarea""><!-- SE3-TEXT { --><span><br></span><span>사전이벤트로 실시한 <span class=""__se3tag""><a class=""tag"" href=""/BlogTagView.nhn?blogId=kimmso1&amp;pushNavigation=true&amp;tagName=공유이벤트"">#공유이벤트</a></span> 로 <span class=""__se3tag""><a class=""tag"" href=""/BlogTagView.nhn?blogId=kimmso1&amp;pushNavigation=true&amp;tagName=맘아랑물티슈"">#맘아랑물티슈</a></span> 2팩을 겟!<br></span><span><br></span><span>그리고 다 둘러본 뒤 <span class=""__se3tag""><a class=""tag"" href=""/BlogTagView.nhn?blogId=kimmso1&amp;pushNavigation=true&amp;tagName=현장이벤트"">#현장이벤트</a></span> 로 지역 카페에 올려서 또 2팩을 얻었다. <br></span><span><br></span><span>요런 <span class=""__se3tag""><a class=""tag"" href=""/BlogTagView.nhn?blogId=kimmso1&amp;pushNavigation=true&amp;tagName=베페이벤트"">#베페이벤트</a></span> 는 다 참여해 줘야 맛이지. ㅎㅎㅎ<br></span><span><br></span><span><span class=""__se3tag""><a class=""tag"" href=""/BlogTagView.nhn?blogId=kimmso1&amp;pushNavigation=true&amp;tagName=인스타이벤트"">#인스타이벤트</a></span> 는 아쉽게 탈락!!<br></span><span><br></span><span><br></span><span><br></span><span><br></span><span><br></span><span><br></span><span><br></span><span><br></span><span></span><!-- } SE3-TEXT --></p>\n                    ', '\n                        <p class=""se_textarea""><!-- SE3-TEXT { --><span><br></span><span>난 사전등록을 한 줄 알았는데 안했더라... ㅡㅡ;;<br></span><span><br></span><span>서포터즈라 다행히 요런 아이디카드를 받고 들어갈 수 있었다. <br></span><span><br></span><span>서포터즈 선물인 아토베베 세트도 겟. </span><span><br></span><span><br></span><span><br></span><span><br></span><span><br></span><span><br></span><span><br></span><span><br></span><span><br></span><span><br></span><span></span><!-- } SE3-TEXT --></p>\n                    ', '\n                        <p class=""se_textarea""><!-- SE3-TEXT { --><span><br></span><span>올 봄에 개최된 진주맘아랑페어에&nbsp;비교해 더욱 많은 업체가 참여한 듯한 느낌. <br></span><span><br></span><span>진주맘아랑베이비페어는 <span class=""__se3tag""><a class=""tag"" href=""/BlogTagView.nhn?blogId=kimmso1&amp;pushNavigation=true&amp;tagName=MBC경남"">#MBC경남</a></span> 과 <span class=""__se3tag""><a class=""tag"" href=""/BlogTagView.nhn?blogId=kimmso1&amp;pushNavigation=true&amp;tagName=이엔애드"">#이엔애드</a>&nbsp;가</span> 주최하는 규모있는 행사이다. <br></span><span><br></span><span><br></span><span><br></span><span><br></span><span><br></span><span><br></span><span><br></span><span><br></span><span><br></span><span><br></span><span><br></span><span><br></span><span></span><span></span><!-- } SE3-TEXT --></p>\n                    ', '\n                        <p class=""se_textarea""><!-- SE3-TEXT { --><span><br></span><span>그냥 들어가 볼까 하다가 아이는 없지만 만삭인 임산부라 유모차를 빌리기로 했다.<br></span><span><br></span><span>이걸 빌린 건 정말 <span class=""__se3tag""><a class=""tag"" href=""/BlogTagView.nhn?blogId=kimmso1&amp;pushNavigation=true&amp;tagName=신의한수"">#신의한수</a></span><br></span><span><br></span><span><br></span><span><br></span><span><br></span><span><br></span><span><br></span><span><br></span><span><br></span><span> </span><!-- } SE3-TEXT --></p>\n                    ', '\n                        <p class=""se_textarea""><!-- SE3-TEXT { --><span><br></span><span>행사장은 지하에 있는데 유모차 이용고객은 엘리베이터를 이용하면 된다. <br></span><span><br></span><span>입구에 들어서니 커피와 각종 간식, 김밥 등을 파는 곳이 있다. <br></span><span><br></span><span>향긋한 커피 냄새가 진동을 하더라. <br></span><span><br></span><span><br></span><span><br></span><span><br></span><span><br></span><span><br></span><span><br></span><span><br></span><span></span><!-- } SE3-TEXT --></p>\n                    ', '\n                        <p class=""se_textarea""><!-- SE3-TEXT { --><span><br></span><span>맞은편으로 <span class=""__se3tag""><a class=""tag"" href=""/BlogTagView.nhn?blogId=kimmso1&amp;pushNavigation=true&amp;tagName=코리네유모차워시"">#코리네유모차워시</a></span> <br></span><span><br></span><span>예전에는 유아용품 세탁만 한 거 같은데 요즘은 대여도 가능하단다. <br></span><span><br></span><span>대여품목들은 위생적으로 세탁이 싹 되니까 안심하고 대여할 수 있을 듯.<br></span><span><br></span><span><span class=""__se3tag""><a class=""tag"" href=""/BlogTagView.nhn?blogId=kimmso1&amp;pushNavigation=true&amp;tagName=베페행사가"">#베페행사가</a></span> 로 저렴하게 세탁 또는 대여를 할 수 있다. <br></span><span><br></span><span><br></span><span><br></span><span><br></span><span><br></span><span><br></span><span><br></span><span><br></span><span><br></span><span></span><!-- } SE3-TEXT --></p>\n                    ', '\n                        <p class=""se_textarea""><!-- SE3-TEXT { --><span><br></span><span>출산용품 및 침구류, 육아용품을 취급하는 <span class=""__se3tag""><a class=""tag"" href=""/BlogTagView.nhn?blogId=kimmso1&amp;pushNavigation=true&amp;tagName=꼬야"">#꼬야</a></span><br></span><span><br></span><span><br></span><span><br></span><span><br></span><span><br></span><span><br></span><span><br></span><span><br></span><span><br></span><span></span><!-- } SE3-TEXT --></p>\n                    ', '\n                        <p class=""se_textarea""><!-- SE3-TEXT { --><span><br></span><span>그 중 내눈을 사로잡았던 <span class=""__se3tag""><a class=""tag"" href=""/BlogTagView.nhn?blogId=kimmso1&amp;pushNavigation=true&amp;tagName=기저귀가방"">#기저귀가방</a></span> 인데 가볍기도 무지 가벼울 뿐더러 아래에는 분유나 물 등을 보관할 수 있는 보냉 및 보온 기능이 되는 공간으로 나눠져 있었다. <br></span><span><br></span><span>실용성 대박 좋을 듯. <br></span><span><br></span><span><br></span><span><br></span><span><br></span><span><br></span><span><br></span><span><br></span><span><br></span><span><br></span><span></span><!-- } SE3-TEXT --></p>\n                    ', '\n                        <p class=""se_textarea""><!-- SE3-TEXT { --><span><br></span><span>유아유산균 및 비타민제인 <span class=""__se3tag""><a class=""tag"" href=""/BlogTagView.nhn?blogId=kimmso1&amp;pushNavigation=true&amp;tagName=락피도엘"">#락피도엘</a></span> 과 <span class=""__se3tag""><a class=""tag"" href=""/BlogTagView.nhn?blogId=kimmso1&amp;pushNavigation=true&amp;tagName=아토엔오투"">#아토엔오투</a></span> 로션<br></span><span><br></span><span><br></span><span><br></span><span><br></span><span><br></span><span><br></span><span><br></span><span><br></span><span><br></span><span></span><!-- } SE3-TEXT --></p>\n                    ', '\n                        <p class=""se_textarea""><!-- SE3-TEXT { --><span><br></span><span><span class=""__se3tag""><a class=""tag"" href=""/BlogTagView.nhn?blogId=kimmso1&amp;pushNavigation=true&amp;tagName=써니베이비"">#써니베이비</a></span> 의 유아모자와 스카프빕, 각종 악세사리. <br></span><span><br></span><span>풍선에 씌워놓은 <span class=""__se3tag""><a class=""tag"" href=""/BlogTagView.nhn?blogId=kimmso1&amp;pushNavigation=true&amp;tagName=보넷"">#보넷</a></span> 이 너무나 귀엽다. <br></span><span><br></span><span><br></span><span><br></span><span><br></span><span><br></span><span><br></span><span><br></span><span></span><!-- } SE3-TEXT --></p>\n                    ', '\n                        <p class=""se_textarea""><!-- SE3-TEXT { --><span><br></span><span><span class=""__se3tag""><a class=""tag"" href=""/BlogTagView.nhn?blogId=kimmso1&amp;pushNavigation=true&amp;tagName=엘솔유모차"">#엘솔유모차</a></span> 와 <span class=""__se3tag""><a class=""tag"" href=""/BlogTagView.nhn?blogId=kimmso1&amp;pushNavigation=true&amp;tagName=해님젖병소독기"">#해님젖병소독기</a></span><br></span><span><br></span><span><br></span><span><br></span><span><br></span><span><br></span><span><br></span><span><br></span><span></span><span><br></span><span><br></span><span></span><!-- } SE3-TEXT --></p>\n                    ', '\n                        <p class=""se_textarea""><!-- SE3-TEXT { --><span><br></span><span>울 따봉이가 어릴 적 썼고 지금도 빨대컵을 쓰고 있는 <span class=""__se3tag""><a class=""tag"" href=""/BlogTagView.nhn?blogId=kimmso1&amp;pushNavigation=true&amp;tagName=그로미미"">#그로미미</a></span><br></span><span><br></span><span><br></span><span><br></span><span><br></span><span><br></span><span><br></span><span><br></span><span><br></span><span><br></span><span></span><!-- } SE3-TEXT --></p>\n                    ', '\n                        <p class=""se_textarea""><!-- SE3-TEXT { --><span><br></span><span>정수기와 비데, 공기청정기 등을 취급하는 <span class=""__se3tag""><a class=""tag"" href=""/BlogTagView.nhn?blogId=kimmso1&amp;pushNavigation=true&amp;tagName=SK매직"">#SK매직</a></span> 이나 <span class=""__se3tag""><a class=""tag"" href=""/BlogTagView.nhn?blogId=kimmso1&amp;pushNavigation=true&amp;tagName=코웨이"">#코웨이</a></span> <span class=""__se3tag""><a class=""tag"" href=""/BlogTagView.nhn?blogId=kimmso1&amp;pushNavigation=true&amp;tagName=LG정수기"">#LG정수기</a></span> 업체도 있었다. <br></span><span><br></span><span><br></span><span><br></span><span><br></span><span><br></span><span><br></span><span><br></span><span><br></span><span><br></span><span>&nbsp;</span><!-- } SE3-TEXT --></p>\n                    ', '\n                        <p class=""se_textarea""><!-- SE3-TEXT { --><span><br></span><span>생리대 사태를 겪으면서 기저귀도 결코 안심할 수 없는 요즘 <span class=""__se3tag""><a class=""tag"" href=""/BlogTagView.nhn?blogId=kimmso1&amp;pushNavigation=true&amp;tagName=무루땅콩기저귀"">#무루땅콩기저귀</a></span> 는 안심하고 사용할 수 있을 듯. <br></span><span><br></span><span><br></span><span><br></span><span><br></span><span><br></span><span><br></span><span><br></span><span><br></span><span><br></span><span></span><!-- } SE3-TEXT --></p>\n                    ', '\n                        <p class=""se_textarea""><!-- SE3-TEXT { --><span><br></span><span><span class=""__se3tag""><a class=""tag"" href=""/BlogTagView.nhn?blogId=kimmso1&amp;pushNavigation=true&amp;tagName=아람전집"">#아람전집</a></span> 을 취급하는 <span class=""__se3tag""><a class=""tag"" href=""/BlogTagView.nhn?blogId=kimmso1&amp;pushNavigation=true&amp;tagName=노벨도서"">#노벨도서</a></span><br></span><span><br></span><span><span class=""__se3tag""><a class=""tag"" href=""/BlogTagView.nhn?blogId=kimmso1&amp;pushNavigation=true&amp;tagName=인증샷"">#인증샷</a></span> 을 지역카페에 올리면 추첨을 통해 <span class=""__se3tag""><a class=""tag"" href=""/BlogTagView.nhn?blogId=kimmso1&amp;pushNavigation=true&amp;tagName=캐리인형"">#캐리인형</a></span> 을 준단다.<br></span><span><br></span><span>난 <span class=""__se3tag""><a class=""tag"" href=""/BlogTagView.nhn?blogId=kimmso1&amp;pushNavigation=true&amp;tagName=미수다카페"">#미수다카페</a></span> 에 올렸지. ㅋ<br></span><span><br></span><span><br></span><span><br></span><span><br></span><span><br></span><span><br></span><span><br></span><span><br></span><span></span><!-- } SE3-TEXT --></p>\n                    ', '\n                        <p class=""se_textarea""><!-- SE3-TEXT { --><span><br></span><span>요렇게 책도 얻고(서포터즈라고 두권주심)<br></span><span><br></span><span><br></span><span><br></span><span><br></span><span><br></span><span><br></span><span><br></span><span><br></span><span></span><!-- } SE3-TEXT --></p>\n                    ', '\n                        <p class=""se_textarea""><!-- SE3-TEXT { --><span><br></span><span>어린 아가들은 과자도 함부로 못 먹이고 안전하고 위생적인 과자를 먹여야하는데 그 중에 가장 유명한 게 <span class=""__se3tag""><a class=""tag"" href=""/BlogTagView.nhn?blogId=kimmso1&amp;pushNavigation=true&amp;tagName=내아이애"">#내아이애</a></span> 과자가 아닐까 싶다. <br></span><span><br></span><span>울 따봉이도 첫과자로 요걸 선택했더랬다. <br></span><span><br></span><span><br></span><span><br></span><span><br></span><span><br></span><span><br></span><span><br></span><span><br></span><span></span><!-- } SE3-TEXT --></p>\n                    ', '\n                        <p class=""se_textarea""><!-- SE3-TEXT { --><span><br></span><span>내가 사랑하는 브랜드인 <span class=""__se3tag""><a class=""tag"" href=""/BlogTagView.nhn?blogId=kimmso1&amp;pushNavigation=true&amp;tagName=네이처러브메레"">#네이처러브메레</a></span><br></span><span><br></span><span><span class=""__se3tag""><a class=""tag"" href=""/BlogTagView.nhn?blogId=kimmso1&amp;pushNavigation=true&amp;tagName=화해어플"">#화해어플</a></span> 을 검색해도 네이처러브메레는 대부분이 안전한 성분들로 구성되어 있어 믿고 쓰고 있다. <br></span><span><br></span><span>현재 유아세제와 핸드워시를 사용 중. <br></span><span><br></span><span>역시나 베이비페어에선 좀더 저렴하게 구입할 수 있다. <br></span><span><br></span><span><br></span><span></span><span><br></span><span><br></span><span><br></span><span><br></span><span><br></span><span><br></span><span></span><!-- } SE3-TEXT --></p>\n                    ', '\n                        <p class=""se_textarea""><!-- SE3-TEXT { --><span><br></span><span>대나무소재의 기저귀나 수면조끼, 침구류 등을 판매하는 <span class=""__se3tag""><a class=""tag"" href=""/BlogTagView.nhn?blogId=kimmso1&amp;pushNavigation=true&amp;tagName=토미토미"">#토미토미</a></span><br></span><span><br></span><span>만져봤더니 정말 부들부들 녹을 듯한 느낌에 일반 침구들과는 차원이 다른 느낌이더라. <br></span><span><br></span><span>중독된 듯 계속 만져봄 ㅋㅋㅋㅋㅋㅋ<br></span><span><br></span><span><br></span><span><br></span><span><br></span><span><br></span><span><br></span><span><br></span><span></span><!-- } SE3-TEXT --></p>\n                    ', '\n                        <p class=""se_textarea""><!-- SE3-TEXT { --><span><br></span><span>아이들의 눈을 사로잡는 장난감판매코너. <br></span><span><br></span><span>울 따봉이도 데리고 왔음 넋을 잃고 쳐다봤을 듯하다. <br></span><span><br></span><span><br></span><span><br></span><span><br></span><span><br></span><span><br></span><span><br></span><span><br></span><span></span><!-- } SE3-TEXT --></p>\n                    ', '\n                        <p class=""se_textarea""><!-- SE3-TEXT { --><span><br></span><span>영유아 소프트 블록 및 교구, 목욕놀이 장난감 등을 팔고 있는 <span class=""__se3tag""><a class=""tag"" href=""/BlogTagView.nhn?blogId=kimmso1&amp;pushNavigation=true&amp;tagName=마음드림"">#마음드림</a></span><br></span><span><br></span><span>목욕놀이 장난감은 사줘야지 사줘야지 하면서 참게되네... ㅠㅠ<br></span><span><br></span><span><br></span><span><br></span><span><br></span><span><br></span><span></span><!-- } SE3-TEXT --></p>\n                    ', '\n                        <p class=""se_textarea""><!-- SE3-TEXT { --><!-- } SE3-TEXT --></p>\n                    ', '\n                        <p class=""se_textarea""><!-- SE3-TEXT { --><span><br></span><span><span class=""__se3tag""><a class=""tag"" href=""/BlogTagView.nhn?blogId=kimmso1&amp;pushNavigation=true&amp;tagName=프뢰벨"">#프뢰벨</a></span> 유아교구 및 교재<br></span><span><br></span><span>상담을 하면 영어노래CD를 준다. <br></span><span><br></span><span><br></span><span><br></span><span><br></span><span><br></span><span><br></span><span><br></span><span><br></span><span></span><!-- } SE3-TEXT --></p>\n                    ', '\n                        <p class=""se_textarea""><!-- SE3-TEXT { --><span><br></span><span><span class=""__se3tag""><a class=""tag"" href=""/BlogTagView.nhn?blogId=kimmso1&amp;pushNavigation=true&amp;tagName=베이비스튜디오"">#베이비스튜디오</a></span> <span class=""__se3tag""><a class=""tag"" href=""/BlogTagView.nhn?blogId=kimmso1&amp;pushNavigation=true&amp;tagName=스튜디오앤콕"">#스튜디오앤콕</a></span><br></span><span><br></span><span>나도 여기서 만삭촬영을 했더랬지. ㅎㅎ<br></span><span><br></span><span><br></span><span><br></span><span><br></span><span><br></span><span><br></span><span><br></span><span><br></span><span><br></span><span></span><span></span><!-- } SE3-TEXT --></p>\n                    ', '\n                        <p class=""se_textarea""><!-- SE3-TEXT { --><span><br></span><span><span class=""__se3tag""><a class=""tag"" href=""/BlogTagView.nhn?blogId=kimmso1&amp;pushNavigation=true&amp;tagName=산후도우미"">#산후도우미</a></span> 업체인 <span class=""__se3tag""><a class=""tag"" href=""/BlogTagView.nhn?blogId=kimmso1&amp;pushNavigation=true&amp;tagName=해피케어"">#해피케어</a></span> <br></span><span><br></span><span>물티슈와 손수건도 받았다. <br></span><span><br></span><span><br></span><span><br></span><span><br></span><span><br></span><span><br></span><span><br></span><span></span><!-- } SE3-TEXT --></p>\n                    ', '\n                        <p class=""se_textarea""><!-- SE3-TEXT { --><span><br></span><span>상쾌한 향기가 나서 둘러보니 자연향 방향제를 팔고 있었다. <br></span><span><br></span><span><span class=""__se3tag""><a class=""tag"" href=""/BlogTagView.nhn?blogId=kimmso1&amp;pushNavigation=true&amp;tagName=야몽"">#야몽</a></span> 비스무리 한 것도 있었음. <br></span><span><br></span><span><br></span><span><br></span><span><br></span><span><br></span><span><br></span><span><br></span><span><br></span><span></span><!-- } SE3-TEXT --></p>\n                    ', '\n                        <p class=""se_textarea""><!-- SE3-TEXT { --><span><br></span><span>아기 통합발달 프로그램 <span class=""__se3tag""><a class=""tag"" href=""/BlogTagView.nhn?blogId=kimmso1&amp;pushNavigation=true&amp;tagName=한솔"">#한솔</a></span> <span class=""__se3tag""><a class=""tag"" href=""/BlogTagView.nhn?blogId=kimmso1&amp;pushNavigation=true&amp;tagName=핀덴베베"">#핀덴베베</a></span><br></span><span><br></span><span>여기 책과 교구들은 진짜 좋은 것 같더라. <br></span><span><br></span><span>그만큼 가격도 있다. ㅎ<br></span><span><br></span><span><br></span><span><br></span><span><br></span><span><br></span><span><br></span><span><br></span><span><br></span><span></span><!-- } SE3-TEXT --></p>\n                    ', '\n                        <p class=""se_textarea""><!-- SE3-TEXT { --><span><br></span><span><span class=""__se3tag""><a class=""tag"" href=""/BlogTagView.nhn?blogId=kimmso1&amp;pushNavigation=true&amp;tagName=임부복"">#임부복</a></span> <span class=""__se3tag""><a class=""tag"" href=""/BlogTagView.nhn?blogId=kimmso1&amp;pushNavigation=true&amp;tagName=수유복"">#수유복</a></span> <span class=""__se3tag""><a class=""tag"" href=""/BlogTagView.nhn?blogId=kimmso1&amp;pushNavigation=true&amp;tagName=임부솟옷"">#임부솟옷</a></span> 들을 팔고 있는 <span class=""__se3tag""><a class=""tag"" href=""/BlogTagView.nhn?blogId=kimmso1&amp;pushNavigation=true&amp;tagName=맘스드림"">#맘스드림</a></span><br></span><span><br></span><span><br></span><span><br></span><span><br></span><span><br></span><span><br></span><span><br></span><span><br></span><span><br></span><span></span><!-- } SE3-TEXT --></p>\n                    ', '\n                        <p class=""se_textarea""><!-- SE3-TEXT { --><span><br></span><span><span class=""__se3tag""><a class=""tag"" href=""/BlogTagView.nhn?blogId=kimmso1&amp;pushNavigation=true&amp;tagName=베벤소"">#베벤소</a></span> 라는 홈케어 전문점인데 뽑기를 해서 무료 침구케어 프로그램과 수세미, 머리끈을 받았다. <br></span><span><br></span><span><br></span><span><br></span><span><br></span><span><br></span><span><br></span><span><br></span><span><br></span><span><br></span><span></span><!-- } SE3-TEXT --></p>\n                    ', '\n                        <p class=""se_textarea""><!-- SE3-TEXT { --><span><br></span><span>엄마들의 눈을 사로잡은 티셔츠가 있던 곳 <span class=""__se3tag""><a class=""tag"" href=""/BlogTagView.nhn?blogId=kimmso1&amp;pushNavigation=true&amp;tagName=헬로베베"">#헬로베베</a></span><br></span><span><br></span><span>저 문구 적힌 티셔츠 너무 앙증맞은 거 아니니? ㅎㅎㅎㅎㅎ<br></span><span><br></span><span><br></span><span><br></span><span><br></span><span><br></span><span><br></span><span><br></span><span><br></span><span></span><!-- } SE3-TEXT --></p>\n                    ', '\n                        <p class=""se_textarea""><!-- SE3-TEXT { --><span><br></span><span>카시트, 유모차, 부스터 업체 <span class=""__se3tag""><a class=""tag"" href=""/BlogTagView.nhn?blogId=kimmso1&amp;pushNavigation=true&amp;tagName=깜"">#깜</a></span><br></span><span><br></span><span><br></span><span><br></span><span><br></span><span><br></span><span><br></span><span><br></span><span><br></span><span><br></span><span></span><!-- } SE3-TEXT --></p>\n                    ', '\n                        <p class=""se_textarea""><!-- SE3-TEXT { --><span><br></span><span>닉삭스와 양말, 타이즈 등도 팔고 있다. <br></span><span><br></span><span>넘나 귀여움 ㅋㅋㅋ<br></span><span><br></span><span><br></span><span><br></span><span><br></span><span><br></span><span><br></span><span></span><!-- } SE3-TEXT --></p>\n                    ', '\n                        <p class=""se_textarea""><!-- SE3-TEXT { --><!-- } SE3-TEXT --></p>\n                    ', '\n                        <p class=""se_textarea""><!-- SE3-TEXT { --><span><br></span><span><span class=""__se3tag""><a class=""tag"" href=""/BlogTagView.nhn?blogId=kimmso1&amp;pushNavigation=true&amp;tagName=타이니러브"">#타이니러브</a></span><br></span><span><br></span><span>바운서와 모빌, 완구, 목욕용품 들을 팔고 있다. <br></span><span><br></span><span><br></span><span><br></span><span><br></span><span><br></span><span><br></span><span><br></span><span><br></span><span></span><!-- } SE3-TEXT --></p>\n                    ', '\n                        <p class=""se_textarea""><!-- SE3-TEXT { --><span><br></span><span><span class=""__se3tag""><a class=""tag"" href=""/BlogTagView.nhn?blogId=kimmso1&amp;pushNavigation=true&amp;tagName=체리플렉스"">#체리플렉스</a></span> <span class=""__se3tag""><a class=""tag"" href=""/BlogTagView.nhn?blogId=kimmso1&amp;pushNavigation=true&amp;tagName=패밀리침대"">#패밀리침대</a></span><br></span><span><br></span><span>요즘 아기 키우는 집은 패밀리침대가 대세라지. <br></span><span><br></span><span>참고로 우리집도 패밀리침대 ㅋ<br></span><span><br></span><span><br></span><span><br></span><span><br></span><span><br></span><span><br></span><span><br></span><span><br></span><span></span><!-- } SE3-TEXT --></p>\n                    ', '\n                        <p class=""se_textarea""><!-- SE3-TEXT { --><span><br></span><span>러지방지침구 <span class=""__se3tag""><a class=""tag"" href=""/BlogTagView.nhn?blogId=kimmso1&amp;pushNavigation=true&amp;tagName=모니타베베"">#모니타베베</a></span><br></span><span><br></span><span>특히 베개 느낌이 폭신폭신 사악 머리를 감싸주는 듯한 느낌이 너무 좋았다. <br></span><span><br></span><span>마이크로 화이바 라고 했던 듯. <br></span><span><br></span><span>그리고 유아매트도 각각 다 분리가 되기 때문에 범퍼침대나 쇼파 그리고 볼풀장 등 다용도로 사용할 수 있는 아주 매력적인 제품이었다. <br></span><span><br></span><span><br></span><span><br></span><span><br></span><span><br></span><span><br></span><span><br></span><span><br></span><span><br></span><span><br></span><span></span><!-- } SE3-TEXT --></p>\n                    ', '\n                        <p class=""se_textarea""><!-- SE3-TEXT { --><span><br></span><span>아기간식, 아기주스 <span class=""__se3tag""><a class=""tag"" href=""/BlogTagView.nhn?blogId=kimmso1&amp;pushNavigation=true&amp;tagName=순수식품"">#순수식품</a></span><br></span><span><br></span><span><br></span><span><br></span><span><br></span><span><br></span><span><br></span><span><br></span><span><br></span><span></span><!-- } SE3-TEXT --></p>\n                    ', '\n                        <p class=""se_textarea""><!-- SE3-TEXT { --><span><br></span><span>아기 옷 판매점인 <span class=""__se3tag""><a class=""tag"" href=""/BlogTagView.nhn?blogId=kimmso1&amp;pushNavigation=true&amp;tagName=쏭스베이비"">#쏭스베이비</a></span><br></span><span><br></span><span><br></span><span><br></span><span><br></span><span><br></span><span><br></span><span><br></span><span><br></span><span><br></span><span></span><!-- } SE3-TEXT --></p>\n                    ', '\n                        <p class=""se_textarea""><!-- SE3-TEXT { --><span><br></span><span><span class=""__se3tag"">#LGU+</span> 인터넷티비 부스<br></span><span><br></span><span>아이 있는 집은 인터넷티비 중에 이게 젤 좋다하던데 ㅎㅎ<br></span><span><br></span><span>돌림판을 돌려서 나오는 상품을 얻어갈 수 있다. <br></span><span><br></span><span>난 두번이나 꽝되곤 겨우 유리머그잔을 얻었지. ㅎㅎ<br></span><span><br></span><span><br></span><span><br></span><span><br></span><span><br></span><span><br></span><span><br></span><span><br></span><span><br></span><span></span><!-- } SE3-TEXT --></p>\n                    ', '\n                        <p class=""se_textarea""><!-- SE3-TEXT { --><span><br></span><span>유아완구 <span class=""__se3tag""><a class=""tag"" href=""/BlogTagView.nhn?blogId=kimmso1&amp;pushNavigation=true&amp;tagName=쥬쥬산업"">#쥬쥬산업</a></span> 부스<br></span><span><br></span><span>여긴 신용카드를 만들면 사은품으로 장난감을 준다. <br></span><span><br></span><span>결국 나도 혹해서 하나 만들어버렸지만...<br></span><span><br></span><span><br></span><span><br></span><span><br></span><span><br></span><span><br></span><span><br></span><span><br></span><span></span><!-- } SE3-TEXT --></p>\n                    ', '\n                        <p class=""se_textarea""><!-- SE3-TEXT { --><span><br></span><span><span class=""__se3tag""><a class=""tag"" href=""/BlogTagView.nhn?blogId=kimmso1&amp;pushNavigation=true&amp;tagName=NH농협"">#NH농협</a></span> 의 <span class=""__se3tag""><a class=""tag"" href=""/BlogTagView.nhn?blogId=kimmso1&amp;pushNavigation=true&amp;tagName=비과세복리저축"">#비과세복리저축</a></span> 상품<br></span><span><br></span><span><br></span><span><br></span><span><br></span><span><br></span><span><br></span><span><br></span><span><br></span><span></span><!-- } SE3-TEXT --></p>\n                    ', '\n                        <p class=""se_textarea""><!-- SE3-TEXT { --><span><br></span><span><span class=""__se3tag""><a class=""tag"" href=""/BlogTagView.nhn?blogId=kimmso1&amp;pushNavigation=true&amp;tagName=파코라반베이비"">#파코라반베이비</a></span> 유아동 의류 부스<br></span><span><br></span><span><br></span><span><br></span><span><br></span><span><br></span><span><br></span><span><br></span><span><br></span><span></span><!-- } SE3-TEXT --></p>\n                    ', '\n                        <p class=""se_textarea""><!-- SE3-TEXT { --><span><br></span><span>유아내의, 출산준비물, 유아용품의 <span class=""__se3tag""><a class=""tag"" href=""/BlogTagView.nhn?blogId=kimmso1&amp;pushNavigation=true&amp;tagName=에프랑베이비"">#에프랑베이비</a></span><br></span><span><br></span><span><br></span><span><br></span><span><br></span><span><br></span><span><br></span><span><br></span><span><br></span><span></span><!-- } SE3-TEXT --></p>\n                    ', '\n                        <p class=""se_textarea""><!-- SE3-TEXT { --><span><br></span><span>사운드북 전문 업체라고 해야하나 <span class=""__se3tag""><a class=""tag"" href=""/BlogTagView.nhn?blogId=kimmso1&amp;pushNavigation=true&amp;tagName=블루래빗"">#블루래빗</a></span><br></span><span><br></span><span>부담없이 단권으로 구매할 수 있어 좋다. <br></span><span><br></span><span>저렴한 가격은 보너스!<br></span><span><br></span><span><br></span><span><br></span><span><br></span><span><br></span><span><br></span><span><br></span><span><br></span><span></span><!-- } SE3-TEXT --></p>\n                    ', '\n                        <p class=""se_textarea""><!-- SE3-TEXT { --><span><br></span><span>피부가 예민한 아가들은 한번쯤 다 발라본다는 <span class=""__se3tag""><a class=""tag"" href=""/BlogTagView.nhn?blogId=kimmso1&amp;pushNavigation=true&amp;tagName=아토팜"">#아토팜</a></span><br></span><span><br></span><span><br></span><span><br></span><span><br></span><span><br></span><span><br></span><span><br></span><span></span><!-- } SE3-TEXT --></p>\n                    ', '\n                        <p class=""se_textarea""><!-- SE3-TEXT { --><span><br></span><span>돌잔치 메이크업 업체 <span class=""__se3tag""><a class=""tag"" href=""/BlogTagView.nhn?blogId=kimmso1&amp;pushNavigation=true&amp;tagName=더파티"">#더파티</a></span> <span class=""__se3tag""><a class=""tag"" href=""/BlogTagView.nhn?blogId=kimmso1&amp;pushNavigation=true&amp;tagName=좋은날메이크업"">#좋은날메이크업</a></span><br></span><span><br></span><span><br></span><span><br></span><span><br></span><span><br></span><span><br></span><span></span><span><br></span><span><br></span><span></span><!-- } SE3-TEXT --></p>\n                    ', '\n                        <p class=""se_textarea""><!-- SE3-TEXT { --><span><br></span><span>국민체온계 <span class=""__se3tag""><a class=""tag"" href=""/BlogTagView.nhn?blogId=kimmso1&amp;pushNavigation=true&amp;tagName=브라운체온계"">#브라운체온계</a></span> 와 <span class=""__se3tag""><a class=""tag"" href=""/BlogTagView.nhn?blogId=kimmso1&amp;pushNavigation=true&amp;tagName=휴비딕체온계"">#휴비딕체온계</a>&nbsp;</span><span class=""__se3tag""><a class=""tag"" href=""/BlogTagView.nhn?blogId=kimmso1&amp;pushNavigation=true&amp;tagName=리에또"">#리에또</a></span> 빨대컵, 이유식 용품 부스 <br></span><span><br></span><span><br></span><span><br></span><span><br></span><span><br></span><span><br></span><span><br></span><span><br></span><span></span><!-- } SE3-TEXT --></p>\n                    ', '\n                        <p class=""se_textarea""><!-- SE3-TEXT { --><span><br></span><span><span class=""__se3tag""><a class=""tag"" href=""/BlogTagView.nhn?blogId=kimmso1&amp;pushNavigation=true&amp;tagName=국민젖병"">#국민젖병</a></span> 이라고 일컽는 <span class=""__se3tag""><a class=""tag"" href=""/BlogTagView.nhn?blogId=kimmso1&amp;pushNavigation=true&amp;tagName=더블하드"">#더블하드</a></span> <br></span><span><br></span><span>원래 이름은 <span class=""__se3tag""><a class=""tag"" href=""/BlogTagView.nhn?blogId=kimmso1&amp;pushNavigation=true&amp;tagName=피존"">#피존</a></span> 이라는데 우리나라의 섬유유연제 이름과 유사하여 더블하트로 우리나라에 들어왔다는 썰이 있다. <br></span><span><br></span><span>내 친구도 현재 요걸 사용하고 있는데 나도 다음에 사용해 볼까나. <br></span><span><br></span><span><br></span><span><br></span><span><br></span><span><br></span><span><br></span><span><br></span><span><br></span><span></span><!-- } SE3-TEXT --></p>\n                    ', '\n                        <p class=""se_textarea""><!-- SE3-TEXT { --><span><br></span><span><span class=""__se3tag""><a class=""tag"" href=""/BlogTagView.nhn?blogId=kimmso1&amp;pushNavigation=true&amp;tagName=마더케이"">#마더케이</a></span> 지퍼팩, 모유저장팩, 분유저장팩<br></span><span><br></span><span><span class=""__se3tag""><a class=""tag"" href=""/BlogTagView.nhn?blogId=kimmso1&amp;pushNavigation=true&amp;tagName=베이비무브이유식쿡마스터"">#베이비무브이유식쿡마스터</a></span> <br></span><span><br></span><span><br></span><span><br></span><span><br></span><span><br></span><span><br></span><span><br></span><span><br></span><span></span><!-- } SE3-TEXT --></p>\n                    ', '\n                        <p class=""se_textarea""><!-- SE3-TEXT { --><span><br></span><span>베이비스튜디오 업체인 <span class=""__se3tag""><a class=""tag"" href=""/BlogTagView.nhn?blogId=kimmso1&amp;pushNavigation=true&amp;tagName=베일리수스튜디오"">#베일리수스튜디오</a></span><br></span><span><br></span><span>뽑기를 통해&nbsp;문화상품권 5천원권을 준다는데 난 아쉽게 꽝!<br></span><span><br></span><span><br></span><span><br></span><span><br></span><span><br></span><span><br></span><span><br></span><span><br></span><span>&nbsp;</span><!-- } SE3-TEXT --></p>\n                    ', '\n                        <p class=""se_textarea""><!-- SE3-TEXT { --><span><br></span><span><span class=""__se3tag""><a class=""tag"" href=""/BlogTagView.nhn?blogId=kimmso1&amp;pushNavigation=true&amp;tagName=현대백화점"">#현대백화점</a></span> 부스인데 딴 건 없고 카드를 만들면 </span><span>사은품을 준다. <br></span><span><br></span><span>크게 부담가는 게 아니기에 급 만들어버림. ㅋㅋㅋㅋㅋ<br></span><span><br></span><span>나는야 공짜 좋아하는 아지매~!<br></span><span><br></span><span><br></span><span><br></span><span><br></span><span><br></span><span><br></span><span><br></span><span><br></span><span></span><!-- } SE3-TEXT --></p>\n                    ', '\n                        <p class=""se_textarea""><!-- SE3-TEXT { --><span><br></span><span><span class=""__se3tag""><a class=""tag"" href=""/BlogTagView.nhn?blogId=kimmso1&amp;pushNavigation=true&amp;tagName=앙뽀"">#앙뽀</a></span> 부스<br></span><span><br></span><span>실리콘젖병과 젖꼭지, 수유용품들을 팔고 있다. <br></span><span><br></span><span><br></span><span><br></span><span><br></span><span><br></span><span><br></span><span><br></span><span><br></span><span><br></span><span></span><!-- } SE3-TEXT --></p>\n                    ', '\n                        <p class=""se_textarea""><!-- SE3-TEXT { --><span><br></span><span><span class=""__se3tag""><a class=""tag"" href=""/BlogTagView.nhn?blogId=kimmso1&amp;pushNavigation=true&amp;tagName=풀무원로하스"">#풀무원로하스</a></span> 라고 해서 어린이 비타민과 유산균, 칼슘 아이보감 등 영양제를 취급하고 있었다. <br></span><span><br></span><span><br></span><span><br></span><span><br></span><span><br></span><span><br></span><span><br></span><span><br></span><span><br></span><span></span><!-- } SE3-TEXT --></p>\n                    ', '\n                        <p class=""se_textarea""><!-- SE3-TEXT { --><span><br></span><span>유아악세사리 부스 <span class=""__se3tag""><a class=""tag"" href=""/BlogTagView.nhn?blogId=kimmso1&amp;pushNavigation=true&amp;tagName=밀크엘레팡"">#밀크엘레팡</a></span> <br></span><span><br></span><span><br></span><span><br></span><span><br></span><span><br></span><span><br></span><span><br></span><span><br></span><span></span><span></span><!-- } SE3-TEXT --></p>\n                    ', '\n                        <p class=""se_textarea""><!-- SE3-TEXT { --><span><br></span><span>아기로션을 취급하는 <span class=""__se3tag""><a class=""tag"" href=""/BlogTagView.nhn?blogId=kimmso1&amp;pushNavigation=true&amp;tagName=아토베네"">#아토베네</a></span><br></span><span><br></span><span><br></span><span><br></span><span><br></span><span><br></span><span><br></span><span><br></span><span><br></span><span><br></span><span></span><!-- } SE3-TEXT --></p>\n                    ', '\n                        <p class=""se_textarea""><!-- SE3-TEXT { --><span><br></span><span>아기띠 및 힙시트 <span class=""__se3tag""><a class=""tag"" href=""/BlogTagView.nhn?blogId=kimmso1&amp;pushNavigation=true&amp;tagName=아이랑"">#아이랑</a></span><br></span><span><br></span><span>세계최초 배낭형 아기띠라는데 무지 궁금하다. <br></span><span><br></span><span><br></span><span><br></span><span><br></span><span><br></span><span><br></span><span><br></span><span><br></span><span><br></span><span></span><!-- } SE3-TEXT --></p>\n                    ', '\n                        <p class=""se_textarea""><!-- SE3-TEXT { --><span><br></span><span>유아침구전문 부스 <span class=""__se3tag""><a class=""tag"" href=""/BlogTagView.nhn?blogId=kimmso1&amp;pushNavigation=true&amp;tagName=화모베이비"">#화모베이비</a></span><br></span><span><br></span><span><br></span><span><br></span><span><br></span><span><br></span><span><br></span><span><br></span><span><br></span><span><br></span><span></span><!-- } SE3-TEXT --></p>\n                    ', '\n                        <p class=""se_textarea""><!-- SE3-TEXT { --><span><br></span><span>유아용품 부스 <span class=""__se3tag""><a class=""tag"" href=""/BlogTagView.nhn?blogId=kimmso1&amp;pushNavigation=true&amp;tagName=메르베프리미엄"">#메르베프리미엄</a></span> <br></span><span><br></span><span>유아보넷이 알록달록 귀여운 듯. <br></span><span><br></span><span><br></span><span><br></span><span><br></span><span><br></span><span><br></span><span><br></span><span><br></span><span></span><span></span><!-- } SE3-TEXT --></p>\n                    ', '\n                        <p class=""se_textarea""><!-- SE3-TEXT { --><span><br></span><span><span class=""__se3tag""><a class=""tag"" href=""/BlogTagView.nhn?blogId=kimmso1&amp;pushNavigation=true&amp;tagName=웅진북클럽"">#웅진북클럽</a></span><br></span><span><br></span><span>울 따봉이 있었으면 풍선 달라고 난리쳤을 듯. ㅎㅎㅎㅎ<br></span><span><br></span><span><br></span><span><br></span><span><br></span><span><br></span><span><br></span><span><br></span><span><br></span><span></span><!-- } SE3-TEXT --></p>\n                    ', '\n                        <p class=""se_textarea""><!-- SE3-TEXT { --><span><br></span><span>요즘 <span class=""__se3tag""><a class=""tag"" href=""/BlogTagView.nhn?blogId=kimmso1&amp;pushNavigation=true&amp;tagName=비과세저축"">#비과세저축</a></span> 이 유행이구나...<br></span><span><br></span><span>참고로 나도 전에 하나 들었음. <br></span><span><br></span><span><br></span><span><br></span><span><br></span><span><br></span><span><br></span><span><br></span><span><br></span><span></span><!-- } SE3-TEXT --></p>\n                    ', '\n                        <p class=""se_textarea""><!-- SE3-TEXT { --><span><br></span><span>카시트 전문업체 <span class=""__se3tag""><a class=""tag"" href=""/BlogTagView.nhn?blogId=kimmso1&amp;pushNavigation=true&amp;tagName=브라이텍스"">#브라이텍스</a></span><br></span><span><br></span><span>접이식 욕조가 눈에 띈다. <br></span><span><br></span><span><br></span><span><br></span><span><br></span><span><br></span><span><br></span><span><br></span><span><br></span><span></span><!-- } SE3-TEXT --></p>\n                    ', '\n                        <p class=""se_textarea""><!-- SE3-TEXT { --><span><br></span><span><span class=""__se3tag""><a class=""tag"" href=""/BlogTagView.nhn?blogId=kimmso1&amp;pushNavigation=true&amp;tagName=다이치"">#다이치</a></span> 카시트 <br></span><span><br></span><span><span class=""__se3tag""><a class=""tag"" href=""/BlogTagView.nhn?blogId=kimmso1&amp;pushNavigation=true&amp;tagName=베이비젠요요"">#베이비젠요요</a></span> 유모차<br></span><span><br></span><span><br></span><span><br></span><span><br></span><span><br></span><span><br></span><span><br></span><span><br></span><span></span><!-- } SE3-TEXT --></p>\n                    ', '\n                        <p class=""se_textarea""><!-- SE3-TEXT { --><span><br></span><span><span class=""__se3tag""><a class=""tag"" href=""/BlogTagView.nhn?blogId=kimmso1&amp;pushNavigation=true&amp;tagName=리안"">#리안</a></span> 유모차<br></span><span><br></span><span><br></span><span><br></span><span><br></span><span><br></span><span><br></span><span><br></span><span><br></span><span></span><!-- } SE3-TEXT --></p>\n                    ', '\n                        <p class=""se_textarea""><!-- SE3-TEXT { --><span><br></span><span><span class=""__se3tag""><a class=""tag"" href=""/BlogTagView.nhn?blogId=kimmso1&amp;pushNavigation=true&amp;tagName=태아보험"">#태아보험</a></span> 업계 1위 <span class=""__se3tag""><a class=""tag"" href=""/BlogTagView.nhn?blogId=kimmso1&amp;pushNavigation=true&amp;tagName=현대해상"">#현대해상</a></span> <br></span><span><br></span><span>관심있으신 분은 이쪽으로 연락해보시길 ㅎㅎ<br></span><span><br></span><span><br></span><span><br></span><span><br></span><span><br></span><span><br></span><span><br></span><span><br></span><span><br></span><span></span><!-- } SE3-TEXT --></p>\n                    ', '\n                        <p class=""se_textarea""><!-- SE3-TEXT { --><span><br></span><span><span class=""__se3tag""><a class=""tag"" href=""/BlogTagView.nhn?blogId=kimmso1&amp;pushNavigation=true&amp;tagName=에르고아기띠"">#에르고아기띠</a></span><br></span><span><br></span><span><br></span><span><br></span><span><br></span><span><br></span><span><br></span><span><br></span><span><br></span><span><br></span><span></span><!-- } SE3-TEXT --></p>\n                    ', '\n                        <p class=""se_textarea""><!-- SE3-TEXT { --><span><br></span><span><span class=""__se3tag""><a class=""tag"" href=""/BlogTagView.nhn?blogId=kimmso1&amp;pushNavigation=true&amp;tagName=압소바"">#압소바</a></span> 와 <span class=""__se3tag""><a class=""tag"" href=""/BlogTagView.nhn?blogId=kimmso1&amp;pushNavigation=true&amp;tagName=알레르망"">#알레르망</a></span><br></span><span><br></span><span><br></span><span><br></span><span><br></span><span><br></span><span><br></span><span><br></span><span><br></span><span></span><!-- } SE3-TEXT --></p>\n                    ', '\n                        <p class=""se_textarea""><!-- SE3-TEXT { --><span><br></span><span>유모차전문업체 <span class=""__se3tag""><a class=""tag"" href=""/BlogTagView.nhn?blogId=kimmso1&amp;pushNavigation=true&amp;tagName=미고"">#미고</a></span><br></span><span><br></span><span><br></span><span><br></span><span><br></span><span><br></span><span><br></span><span><br></span><span><br></span><span></span><!-- } SE3-TEXT --></p>\n                    ', '\n                        <p class=""se_textarea""><!-- SE3-TEXT { --><span><br></span><span>카시트 안전성 1위라는 <span class=""__se3tag""><a class=""tag"" href=""/BlogTagView.nhn?blogId=kimmso1&amp;pushNavigation=true&amp;tagName=순성카시트"">#순성카시트</a></span><br></span><span><br></span><span>가격대비 품질이 우수해서 나도 구입해서 쓰고 있다. <br></span><span><br></span><span><br></span><span><br></span><span><br></span><span><br></span><span><br></span><span><br></span><span><br></span><span></span><!-- } SE3-TEXT --></p>\n                    ', '\n                        <p class=""se_textarea""><!-- SE3-TEXT { --><span><br></span><span>산 건 없는데 이것저것 받다보니 이렇게 한가득. <br></span><span><br></span><span>유모차 없음 어쩔 뻔 했냐. ㅎㅎㅎㅎㅎ<br></span><span><br></span><span><br></span><span><br></span><span><br></span><span><br></span><span><br></span><span><br></span><span><br></span><!-- } SE3-TEXT --></p>\n                    ', '\n                        <p class=""se_textarea""><!-- SE3-TEXT { --><span><br></span><span>집에 와서 펼쳐보니 이렇게 한아름이다. <br></span><span><br></span><span>돈 한푼 안쓰고도 이정도인데 이것저것 사다보면 정말 물건이 어마어마할 듯. <br></span><span><br></span><span>구경하는 재미 솔솔,&nbsp;사는 재미 솔솔, 한아름 푸짐하게 받아오는 사은품도 솔솔- 보람있는 진주맘아랑베이비페어, 남은 3일 육아맘, 예비맘 여러분 꼭꼭 들러보아요!!!<br></span><!-- } SE3-TEXT --></p>\n                    ']","['\n                        <h3 class=""se_textarea"">\n                            <!-- -->[❤16M] 말귀를 거의 알아 듣고, 따라함- 안아병 초기 + 애교도 부쩍 느는 중<!-- -->\n                            \n                        </h3>\n                        \n                        \n\t                ', '\n                        <p class=""se_textarea""><!-- SE3-TEXT { --><br><br><br><span class=""se_fs_T2 "" style=""color: rgb(0, 118, 200);""><b>만16개월 지니발달사항</b></span><br> <br>-말을 거의 알아 듣는거 같다. 책 가져와~ 하면 가져 오고 춤 춰봐~ 하면 덩실덩실. 혼나는 상황도 인지하여, 혼날 때는 더 크게 대답한다ㅋㅋ 알았어요?? 하면 으응~~!!(울먹이며ㅋㅋ)<br>비눗방울 등 자신이 좋아하는 것을 보면, <b>""우와~~~~""</b>라고 말한다.<br>-개인기는 안녕, 안녕히계세요, 사랑해, 주세요, 윙크 정도(사실 뭘 더 시켜야 할지 모르겠음)<br>-노래가사만 듣고 율동을 기억해서 따라춘다.<br>-공놀이를 즐겨하고, 놀이터 그네를 혼자 잡고 탄다.<br>-원목 퍼즐을 거의(?) 맞춘다.<br>-<b>안아병</b>이 시작되었으나, 아빠도 엄마도 안아주지 않기에 울면서 걷는다ㅋㅋ(타보유모차도 빛을 발하고 있다지)<br><br><br><br><!-- } SE3-TEXT --></p>\n                    ', '\n                        <p class=""se_textarea""><!-- SE3-TEXT { -->머리끝부터 발끝까지 토실이 ^^<br>아빠 분리수거 버리러 가는데, 구지 따라가겠다고..<br>그래서 잠옷 차림으로 유모차 탑승<br><br><br><br><!-- } SE3-TEXT --></p>\n                    ', '\n                        <p class=""se_textarea""><!-- SE3-TEXT { -->이상하다, 헤어핀 꼽았는데 아들냄 스러운건 모지<br><br><!-- } SE3-TEXT --></p>\n                    ', '\n                        <p class=""se_textarea""><!-- SE3-TEXT { --><br><br><br><!-- } SE3-TEXT --></p>\n                    ', '\n                        <p class=""se_textarea""><!-- SE3-TEXT { -->부릉부릉 카트차에 꽂혀서- 저리 신나게 노는건 좋았는데<br>안 내리겠다고 울고불고 함 ^^^^^<br><br>붕붕이 카트 때문에<br>요즘은 롯데마트 말고, 하나로마트로 장을 보러 다닌다. ㅋㅋ<br><br><br><br><!-- } SE3-TEXT --></p>\n                    ', '\n                        <p class=""se_textarea""><!-- SE3-TEXT { -->16개월에도 계속 되는 호비사랑<br><br><br><br><!-- } SE3-TEXT --></p>\n                    ', '\n                        <p class=""se_textarea""><!-- SE3-TEXT { -->계단 오르고 내리고도 알아서 척척<br><br><!-- } SE3-TEXT --></p>\n                    ', '\n                        <p class=""se_textarea""><!-- SE3-TEXT { -->이제 제법 익숙해진 둘만의 카페 데이트<!-- } SE3-TEXT --></p>\n                    ', '\n                        <p class=""se_textarea""><!-- SE3-TEXT { -->근데, 서서히 아기의자를 거부하기 시작했다<br>자기가 다 큰줄 아나 봄...<br><br><!-- } SE3-TEXT --></p>\n                    ', '\n                        <p class=""se_textarea""><!-- SE3-TEXT { -->남은 음료는 야무지게 테이크아웃<br><br><br><br><br><!-- } SE3-TEXT --></p>\n                    ', '\n                        <p class=""se_textarea""><!-- SE3-TEXT { -->콩순이 율동동요를 시작으로 핑크퐁 율동체조까지<br>예전에는 만화영상을 그냥 보는걸 좋아했다면<br>요즘에는 저걸 보고 따라 하는데 재미를 붙인 듯<br><br>가사만 들려줘도 화면서 본 율동을 정확히 기억하고, 따라가는 거 보면 완전 신기방기<br>여보랑, 인지수준이 뭉치(푸들, 만4세)를 넘어 서고 있다며...ㅋㅋ<br><br><br><br><br><!-- } SE3-TEXT --></p>\n                    ', '\n                        <p class=""se_textarea""><!-- SE3-TEXT { -->커피컵 사랑하는 차도녀 아가씨<br>덕분에 커피도 원샷 때려야 하는 어뭉 ㅜㅜ<br><br><br><br><br><!-- } SE3-TEXT --></p>\n                    ', '\n                        <p class=""se_textarea""><!-- SE3-TEXT { -->진아언니네서 공동육아<br>2세+3세+4세 둘. 겁나 정신없지만, 공동육아는 사랑입니다.<br><br><!-- } SE3-TEXT --></p>\n                    ', '\n                        <p class=""se_textarea""><!-- SE3-TEXT { --><br><br><br><br><span class=""se_fs_T2 ""><span class=""__se3tag""><a class=""tag"" href=""/BlogTagView.nhn?blogId=hj8506&amp;pushNavigation=true&amp;tagName=유아세제"">#유아세제</a></span> <span class=""__se3tag""><a class=""tag"" href=""/BlogTagView.nhn?blogId=hj8506&amp;pushNavigation=true&amp;tagName=아기세탁세제"">#아기세탁세제</a></span> <span class=""__se3tag""><a class=""tag"" href=""/BlogTagView.nhn?blogId=hj8506&amp;pushNavigation=true&amp;tagName=슈가버블"">#슈가버블</a></span></span><br><br><!-- } SE3-TEXT --></p>\n                    ', '\n                        <p class=""se_textarea""><!-- SE3-TEXT { -->젖병세정제는 16개월동안 에티튜드만 쓰고 있지만<br>세탁세제는 에티튜드를 시작으로 비앤비, 네이쳐러브메레, 르주르, 피죤, 베비언스 등..<br>이것저것 엄청나게 많은 브랜드들을 써보고 있다는-<br><br>이번에 구매한건 <span class=""__se3tag""><a class=""tag"" href=""/BlogTagView.nhn?blogId=hj8506&amp;pushNavigation=true&amp;tagName=슈가버블슈가베베"">#슈가버블슈가베베</a></span><br>향도 좋고, 가격도 착하고, 적은양만 써도 되는 고농축이라 넘나 만족 중 :)<br><br><br><br><br><br><span class=""se_fs_T2 ""><span class=""__se3tag""><a class=""tag"" href=""/BlogTagView.nhn?blogId=hj8506&amp;pushNavigation=true&amp;tagName=빨대컵추천"">#빨대컵추천</a></span> <span class=""__se3tag""><a class=""tag"" href=""/BlogTagView.nhn?blogId=hj8506&amp;pushNavigation=true&amp;tagName=메똔느"">#메똔느</a></span></span><br><br><!-- } SE3-TEXT --></p>\n                    ', '\n                        <p class=""se_textarea""><!-- SE3-TEXT { -->한동안 잘 쓰던 리에또가 깨지고, 릿첼하나로 어찌어찌 버텨 보나 했으나<br>(에디슨은 자꾸 빨대 뽑고 물쏟아서 3개나 사 놓고 못 쓰는 중 ㅜㅜ)<br>도저히 안되겠다 싶어 다시 리에또 검색하다<br>1+1하는 메똔느 발견 ㅋㅋㅋㅋㅋ<br>(18000원에 심지어 이유식용기까지 사은품으로 준.. 대에에박)<br><br>메똔느도 유명한 그로**이랑 매우 비슷함<br>빨대컵 비싼거 필요 없구요~<br><u>세척 쉽고, 부품 적고, 옆으로 넘어뜨렸을 때 물 질질 안 새면 장땡임돠!!</u><br>메똔느는 뚜껑캡에 손잡이까지 붙여져 있어 더 좋음 ㅋㅋㅋㅋ<br><br><br><br><br><br><span class=""se_fs_T2 ""><span class=""__se3tag""><a class=""tag"" href=""/BlogTagView.nhn?blogId=hj8506&amp;pushNavigation=true&amp;tagName=팬티기저귀"">#팬티기저귀</a></span> <span class=""__se3tag""><a class=""tag"" href=""/BlogTagView.nhn?blogId=hj8506&amp;pushNavigation=true&amp;tagName=페넬로페"">#페넬로페</a></span> <span class=""__se3tag""><a class=""tag"" href=""/BlogTagView.nhn?blogId=hj8506&amp;pushNavigation=true&amp;tagName=미라클팬티기저귀"">#미라클팬티기저귀</a></span></span><br><br><!-- } SE3-TEXT --></p>\n                    ', '\n                        <p class=""se_textarea""><!-- SE3-TEXT { -->여름내내 페넬로페 씬씬씬 잘 쓰다가, 이번엔 기본 팬티형으로 구매<br><br><br><br><br><span class=""se_fs_T2 "" style=""color: rgb(0, 153, 145);""><b>팸퍼스 베이비드라이 6단계(XXL) </b></span><br><span class=""se_fs_T2 "" style=""color: rgb(0, 153, 145);""><b>VS 페넬로페 미라클팬티 특대형(XL)</b></span><br><br><!-- } SE3-TEXT --></p>\n                    ', '\n                        <p class=""se_textarea""><!-- SE3-TEXT { -->만 16개월, 12kg 찌니한테는 페넬로페 특대형 XL사이즈가 딱 이쁘게 맞는다.<br>두께비교 : 페넬로페 씬씬씬 &lt; 페넬로페 미라클팬티 &lt; 팸퍼스베이비드라이<br>씬씬씬보다는 두껍지만, 크게 차이가 없으며 얇은편에 속함<br><br><!-- } SE3-TEXT --></p>\n                    ', '\n                        <p class=""se_textarea""><!-- SE3-TEXT { -->셋다 셔링밴드, 부드럽게 잘 늘어남~<br>페넬로페 씬씬씬은 엠보싱 안감<br>페넬로페 미라클과 팸퍼스가 더 닮은 안감 (둘다 흡수력 굳, 샘 없음!!)<br><br><br>가장 오래쓴게 팸퍼스, 그리고 팬티 시작하면서 쓴게 하기스였는데<br>여름부터해서는 페넬로페로 정착하게 되네:)<span><br><br></span><span><br></span><span class=""se_fs_T2"" style=""color: rgb(241, 47, 34);""><b><i>***4팩 다 써보고 덧붙이는 후기</i></b></span><span><br></span><span><b><i>페넬로페 씬씬씬은 그런적 없었는데, 페넬로페 미라클은 얇은 실? 솜?이 자꾸 엉덩이에 붙는거 같은.</i></b><br></span><span><b><i>이건 재구매 의사 없음!!!!</i></b><br></span><span><b><i>씬씬씬은 여름에 재구매 의사 있고요오~ 같은 회사 제품인데도 이렇게 또 다르네;;</i></b><br></span><br><br><br><br><br><br><br><br>지니 16개월의 끝자락에 다녀온&nbsp; <span class=""__se3tag""><a class=""tag"" href=""/BlogTagView.nhn?blogId=hj8506&amp;pushNavigation=true&amp;tagName=가족여행"">#가족여행</a></span> <span class=""__se3tag""><a class=""tag"" href=""/BlogTagView.nhn?blogId=hj8506&amp;pushNavigation=true&amp;tagName=세부여행"">#세부여행</a></span><br>우선은 사진만 나열<br><br><!-- } SE3-TEXT --></p>\n                    ', '\n                        <p class=""se_textarea""><!-- SE3-TEXT { -->가는 비행기에서 진상피우긴 했으나(욕 나올뻔....)<br>막상 가서는 잘 놀고, 잘 자고, 잘 먹고<br><br>여행이야기는 따로, 아주 자세히. 올리는 걸로...<br>할 말 겁나 많음 ㅋㅋㅋㅋㅋㅋ<br><br><!-- } SE3-TEXT --></p>\n                    ', '\n                        <p class=""se_textarea""><!-- SE3-TEXT { --><!-- } SE3-TEXT --></p>\n                    ']",[],[],"['\n                        <h3 class=""se_textarea"">\n                            <!-- -->[출산준비]내가 써보고 느낀 출산 전 필요 없는 물건과 필수 아이템 정리(엑셀 정리 완료)<!-- -->\n                            \n                        </h3>\n                        <!-- [D] 부제영역은 지식백과에서만 사용되지만 포스트 엔드에 마크업은 잔존하게 됩니다 기본적으로 se_terms_subtitle 요소는 display:none입니다 -->\n                        \n\t                ', '\n                        <p class=""se_textarea""><!-- SE3-TEXT { -->거의 20일 만에 포스팅. 애가 100일 되면서 바빠진 것도 있고 내가 게을러진 것도 있고 포스팅을 해야지 마음속으로만 생각하고 황금연휴가 끝날 때가 되어서야 포스팅! <br><!-- } SE3-TEXT --></p>\n                    ', '\n                        <p class=""se_textarea""><!-- SE3-TEXT { --><br>오늘은 출산준비를 하면서 제가 써보고 느낀 출산전에 살 필요 없는 아이템과 필수 아이템을 정리해보려고 해요. 쓸 이야기가 엄청 많은데 국민 아이템이라고 해서 샀는데 불구하고 잘 안 쓰던 물품과 100일 동안 묵혀놨다가 이제 쓰는 아이템들도 있고.. <br>이 포스팅은 예비엄마로 저처럼 블로그와 카페 글 등을 통해서 출산준비를 하시는 분들께 도움이 되었으면 좋겠습니다.<span style="" color: rgb(243,112,76);""><b>(엑셀 파일로 정리했어요. 보면 대체로 출산전에는 구입 안 해도 되는 물품과 구입 후 완전히 만족한 제품으로 구분해 놓았어요.)</b></span><br><br>아래는 출산전에 사놓았던 제품들..<br>수납장이 모자라서 하얀색 통수납장 구입, 트롤리까지 꽉 채웠었는데 지금 생각해보면 그렇게 까진 필요 없었던 것 같아요. 아이가 나오기 전에 유모차도 구입했었죠.. 자리만 차지하고 방치해놓았었는데 이런 불상사가 다른 분들은 안 생겼으면 좋겠어요.<!-- } SE3-TEXT --></p>\n                    ', '\n                        <p class=""se_textarea""><!-- SE3-TEXT { -->아래 색상표를 참고하세요.<br><!-- } SE3-TEXT --></p>\n                    ', '\n                        <h6 class=""se_textarea""><!-- SE3-TEXT { -->아기 옷<!-- } SE3-TEXT --></h6>\n                    ', '\n                        <p class=""se_textarea""><!-- SE3-TEXT { -->특히 유니클로 제품을 정말 추천합니다. 왜 국민 아기 옷이라고 하는지 알게 되었어요. 지금도 유니클로 세일하면 실내복 사러 간답니다.<br>속싸개는 위에 표대로 스와들 업이나 에르고 코쿤을 사용했는데 둘 중에 신생아는 에르고 코쿤을 쓰세요. 이게 속싸개랑 비슷해서 편해요. 밤에 기저귀 갈기도 편하고요. 전 이 제품을 몰라서 스와들 업을 먼저 썼는데 이걸 먼저 쓰니 아기가 에르고 제품을 답답해하더라고요.<span style="" color: rgb(241,47,34);""> 에르고 코쿤을 쓰다가 스와들업으로 넘어가시면 좋을 것 같아요.</span> 저처럼 바로 스와들업으로 넘어가셔도 되구요.(아기가 깜짝깜짝 놀랄 때는 있었어요)<!-- } SE3-TEXT --></p>\n                    ', '\n                        <h6 class=""se_textarea""><!-- SE3-TEXT { -->목욕과 아기 위생용품<!-- } SE3-TEXT --></h6>\n                    ', '\n                        <p class=""se_textarea""><!-- SE3-TEXT { -->가제 수건은 많을수록 좋아요. 전 60장 정도 가지고 있는데 비 오는 날 마르지 않을 때 유용해요.<br>면봉도 생각보다 종류가 많은데 오일면봉은 아기 귓바퀴에 붙은 귀지를 부드럽게 제거할 수 있고 접착면봉은 코 안에 이물질을 제거하는데 좋아요. 하지만 코가 막혔을 때는 식염수와 코뻥이 좋답니다.<!-- } SE3-TEXT --></p>\n                    ', '\n                        <h6 class=""se_textarea""><!-- SE3-TEXT { -->수유용품<!-- } SE3-TEXT --></h6>\n                    ', '\n                        <p class=""se_textarea""><!-- SE3-TEXT { -->여기서는 사실 추천 제품은 없고 젖꼭지 브러시는 따로 사실 필요가 없는 것 같아요. 그냥 큰 브러시와 중간 크기의 젖병 솔만 있으면 돼요. 모유 수유도 저는 70일정도 밖에 안 했기 때문에 유축기 샀으면 후회할뻔했어요. 동생이 빌려줘서 잘 썼어요.<br><br><!-- } SE3-TEXT --></p>\n                    ', '\n                        <h6 class=""se_textarea""><!-- SE3-TEXT { -->침구류<!-- } SE3-TEXT --></h6>\n                    ', '\n                        <p class=""se_textarea""><!-- SE3-TEXT { -->범퍼침대는 미리 사지 마세요. 그리고 범퍼침대는 보통 대형을 많이 사는데 막상 사용해보니 장단점이 있어요. 장점은 아기가 몸부림이 심해서 굴러다니기에는 안성맞춤이고 옆에 눕기도 좋아요. 하지만 부피가 크다 보니 청소할 때 힘들어요.<br>곧 여름인데 쿨매트는 좋은 것 같아요. 지금 사용 중인데 땀이 안 나는 건 아니지만 밤에 칭얼거리는 횟수가 줄었어요. 거실에도 쿨매트를 사야 하나 고민 중이에요.<!-- } SE3-TEXT --></p>\n                    ', '\n                        <h6 class=""se_textarea""><!-- SE3-TEXT { -->산모용품<!-- } SE3-TEXT --></h6>\n                    ', '\n                        <p class=""se_textarea""><!-- SE3-TEXT { -->&nbsp; 산모용품은 사실 어머님들이 필요하신 부분이라 저는 추가할 부분만 넣어봤어요.<br>안심 팬티는 베이비페어때 구매했는데 유용해요. 간편하게 쓰고 버리면 돼서 정말 잘 쓴 제품이에요.<br><!-- } SE3-TEXT --></p>\n                    ', '\n                        <h6 class=""se_textarea""><!-- SE3-TEXT { -->전자제품<!-- } SE3-TEXT --></h6>\n                    ', '\n                        <p class=""se_textarea""><!-- SE3-TEXT { -->아 저는 아기 세탁기는 따로 구매 안 했어요. 한 달에 한 번씩 통 세척하고 있고 아기 섬유 유연제는 같이 사용하고 있어요.<!-- } SE3-TEXT --></p>\n                    ', '\n                        <h6 class=""se_textarea""><!-- SE3-TEXT { -->기타<!-- } SE3-TEXT --></h6>\n                    ', '\n                        <p class=""se_textarea""><!-- SE3-TEXT { --><br>쓰다 보니 엄청 많네요. <br>이외 추천 제품은 각종 밀대 걸레가 아기 잘 때 깨지 않고 청소를 하게 도와줘요. 왼쪽은 결혼 때 산 제품이고 오른쪽은 물걸레질이 힘들어서 이번에 구입했는데 잘 쓰고 있어요.<br><!-- } SE3-TEXT --></p>\n                    ', '\n                        <p class=""se_textarea""><!-- SE3-TEXT { -->기타 전자제품으로 IoT가 되는 이 기계는 제가 음성으로 채널을 바꿀 수 있게 해줘서 편히 사용 중이에요. 진짜 아기 안고 있는데 리모컨 찾으려면 ㄷㄷㄷ 남편이 저 생각해서 이번에 달아줬어요.<br><!-- } SE3-TEXT --></p>\n                    ', '\n                        <p class=""se_textarea""><!-- SE3-TEXT { -->이제 정말 끝!<br>다음번에는 이유식 준비로 찾아올게요~<br><br><br><!-- } SE3-TEXT --></p>\n                    ', '\n                        <p class=""se_textarea""><!-- SE3-TEXT { --><span style="" color: rgb(243,112,76);""><b>다운로드하실 때는 공감이나 덧글을 주시면 저도 기운이 나요!</b></span><br>모든 제품은 제가 구입해서 써본 솔직 후기입니다.<br><!-- } SE3-TEXT --></p>\n                    ', '\n                        <p class=""se_textarea""><!-- SE3-TEXT { --><!-- } SE3-TEXT --></p>\n                    ']",[],[],[],[],[],"['\n                        <h3 class=""se_textarea"">\n                            <!-- -->유아빨대컵 리에또베이비 시원하게 따뜻하게 외출해서도 좋아<!-- -->\n                            \n                        </h3>\n                        \n                        \n\t                ', '\n                        <p class=""se_textarea""><!-- SE3-TEXT { --><span class=""se_fs_T4"">둥이들 빨대컵 시작은 7개월쯤이었는데<br>제대로 사용하게 된건 돌쯤인것 같아요<br>이전에는 빨대컵을 쥐어줘도 잘 못먹더라구요<br><br>돌 이후에 바로 젖병을 끊었는데 <br>분유를 아직 하루에 한두번 먹기때문에<br>빨대컵에 적응시켜줘야했어요<br><br>그래서 빨대컵을 시작했는데<br>지금은 빨대컵이 정말 필요한 육아템이 되었네요 :)<br></span><!-- } SE3-TEXT --></p>\n                    ', '\n                        <blockquote class=""se_textarea""><!-- SE3-TEXT { -->유아빨대컵&nbsp;리에또베이비&nbsp;시원하게&nbsp;따뜻하게&nbsp;외출해서도&nbsp;좋아<!-- } SE3-TEXT --></blockquote>\n                    ', '\n                        <p class=""se_textarea""><!-- SE3-TEXT { --><span class=""se_fs_T4"">외출이 많기때문에 항상 빨대컵은 외출시에도<br>필수품이 되었는데요<br>여름이나 겨울에는 일반 플라스틱 빨대컵은<br>보온 보냉 기능이 안되다보니<br>원하는 온도에 먹일 수가 없더라구요<br><br>그래서 준비한 리에또베이비 스텐레스 빨대컵<br>유아빨대컵으로 많이들 사용하고 있더라구요!<br>둥이들도 사용해보았어요 :)</span><!-- } SE3-TEXT --></p>\n                    ', '\n                        <p class=""se_textarea""><!-- SE3-TEXT { --><span class=""se_fs_T4"">원하는 색상으로 골라서 쓸 수 있어서<br>참 좋더라구요 ㅎㅎ<br>둥이들은 레드, 옐로우 컬러를 주로 쓰고있답니다~<br><br>구성품도 정말 간단하죠?<br>빨대컵이 복잡하면 세척도 조립도 힘들어서<br>잘 안쓰게 되던데 리에또베이비 유아빨대컵은<br>조립이나 세척이 쉽도록 구성이 되어있어서<br>자주 손이 가게되더라구요<br><br>물론 우리 아이들도 요즘은 이 빨대컵만<br>사용하고 있구요~</span><!-- } SE3-TEXT --></p>\n                    ', '\n                        <p class=""se_textarea""><!-- SE3-TEXT { --><span class=""se_fs_T4"">빨대와 꼭지는 쉽게 조립, 분리가 돼요<br>빨대꼭지부분에 빨대를 끼워주기만하면<br>조립은 끝나요 ㅋㅋ<br>너무 쉽죠 ㅎㅎ<br><br>특별히 다른 부속품이 없어서<br>너무 사용하기 좋더라구요</span><!-- } SE3-TEXT --></p>\n                    ', '\n                        <p class=""se_textarea""><!-- SE3-TEXT { --><span class=""se_fs_T4""><br>빨대컵 입구가 꽤 넓어요<br>둥이들이 아직 분유를 먹고 있어서<br>분유를 탈 때에도 쉽더라구요<br>일단 입구가 넓어서 내용물을 넣기 편하고<br>눈금이 있어서 계량도 정확하게 가능해요</span><!-- } SE3-TEXT --></p>\n                    ', '\n                        <p class=""se_textarea""><!-- SE3-TEXT { --><span class=""se_fs_T4""><br>빨대컵 하단부는 좀 넓게 되어있어요<br>그래서 쓰러지지 않는 구조라<br>세워두기에도 편하고 좋더라구요<br><br>빨대컵을 조립할 때 빨대컵에 손잡이를 먼저끼운 후<br>빨대꼭지와 빨대를 연결해 안으로 넣어서<br>돌려 잠궈주기만 하면 끝이에요 ㅎㅎ<br></span><!-- } SE3-TEXT --></p>\n                    ', '\n                        <p class=""se_textarea""><!-- SE3-TEXT { --><span class=""se_fs_T4""><br>뚜껑이 있어서 외출할 때 가지고 다녀도 좋더라구요<br>내용물의 역류를 방지해주는<br>트윈 공기밸브 빨대꼭지라<br>외출할 때 가지고 다녀도 잘 새지않고<br>너무 편하더라구요~<br><br>가끔 빨대컵이 새서 정말 낭패를 본일이<br>한두번이 아니었어요 ㅋㅋㅋ<br>가방안에 온통 물바다가 되어서<br>기저귀, 아기 여벌옷 등 다 젖어버렸었거든요<br>장시간 외출할 때 그러면 정말 멘붕 ㅠㅠ<br><br>하지만 리에또베이비 유아빨대컵을 사용하면서<br>샌 일이 없어서 아직까지는 정말 잘 쓰고있네요<br></span><br><!-- } SE3-TEXT --></p>\n                    ', '\n                        <p class=""se_textarea""><!-- SE3-TEXT { --><span class=""se_fs_T4""><br>세척도 정말 간편하고 쉬워요<br>일단 입구가 넓다보니 세척솔 넣기도 편하더라구요<br>몇번 돌려주기만 하면 세척이 끝나니<br>세상 간편해요!ㅋㅋ<br><br>리에또베이비 전용 세척솔을 따로 구입할 수 있는데요<br>세척솔이 일단 길고 솔 부분도 길어서<br>세척하기에 정말 편하고 좋더라구요<br><br>기존에 사용하던건 솔 길이가 짧다보니<br>닦는데도 더 시간이 걸리고 했었는데<br>세척솔이 길게 쏙 들어가니까 세척이 쉽고<br>깨끗하게 되어서 좋았어요<br></span><!-- } SE3-TEXT --></p>\n                    ', '\n                        <p class=""se_textarea""><!-- SE3-TEXT { --><span class=""se_fs_T4""><b><u>리에또 베이비 실리콘 빨대꼭지 세척방법!</u></b></span><span class=""se_fs_T4""><br><br>빨대꼭지 안에 전용 세척솔을 넣고<br>머리부분이 입구를 뚫지 않도록 넣은후에<br>빨대꼭지를 좌우로 돌리면서 세착해주어야해요<br><br>보통 위아래로 움직이면서 세척을 많이 하는데<br>그러면 빨대입구부분이 찢어져 내용물이 샐 수 있으니<br>주의해야한답니다 :)</span><!-- } SE3-TEXT --></p>\n                    ', '\n                        <p class=""se_textarea""><!-- SE3-TEXT { --><span class=""se_fs_T4""><br>아침에 일어나면<br>모닝분유라떼 한잔씩 들이키는 둥이들이에요 ㅋㅋ<br><br>보통 아침에 200ml정도 먹는데<br>눈금이 있어서 일단 분유 타기가 쉽더라구요 ㅎㅎ<br><br></span><br><!-- } SE3-TEXT --></p>\n                    ', '\n                        <p class=""se_textarea""><!-- SE3-TEXT { --><span style="" color: rgb(0,0,0);"" class=""se_fs_T4""><br>손잡이가 있어서 아이들도 잡고 먹기에 편해요<br>양손으로 잡을 수 있기때문에<br>안전하게 잡고 먹을 수 있어요<br><br>제법 익숙해지 둥이들은<br>한손으로도 잘먹더라구요 ㅋㅋ</span><!-- } SE3-TEXT --></p>\n                    ', '\n                        <p class=""se_textarea""><!-- SE3-TEXT { --><span class=""se_fs_T4""><br>물이나 음료도 꼭 여기에 담아달라고 해요<br>왠지 더 맛있게 먹는것 같은건<br>기분탓일까요 ㅋㅋㅋ<br><br>한모금 마시고 캬~ 소리도 내보더라구요 ㅋㅋ<br></span><!-- } SE3-TEXT --></p>\n                    ', '\n                        <p class=""se_textarea""><!-- SE3-TEXT { --><span class=""se_fs_T4"">환경호르몬 걱정없는 스텐레스소재라<br>일단 너무 편하고<br>플라스틱 재질보다는 시원하게 혹은 따뜻하게<br>원하는대로 마실 수 있어서 좋더라구요<br><br>특히 외출할 때 가지고 다니기에<br>너무 좋아서 꾸준히 잘 쓰고 있는<br>유아빨대컵 이랍니다 :)<br><br><br></span><span style="" color: rgb(133,133,133);"" class=""se_fs_T5""><br></span><span style="" color: rgb(133,133,133);"" class=""se_fs_T5"">업체로부터 제품만을 제공받아 작성한 후기입니다</span><!-- } SE3-TEXT --></p>\n                    ']",[],[],[],[],[],"['\n                        <h3 class=""se_textarea"">\n                            <!-- -->생후 121~130일 육아일기 생후4개월 (모로반사 줄어듦, 발잡기, 치발기,  이유식시작, 잠/분유/기저귀)<!-- -->\n                            \n                        </h3>\n                        \n                        \n\t                ', '\n                        <p class=""se_textarea""><!-- SE3-TEXT { --><br><br>언젠지부턴지는 모르겠는데<br>모로반사가 반으로 줄었다<br>역시 시간이 약이라더니 <!-- } SE3-TEXT --></p>\n                    ', '\n                        <p class=""se_textarea""><!-- SE3-TEXT { --><br>밤에 재울땐 머미쿨쿨 반으로 접어서<br>배랑 다리에만 덮어준다ㅋㅋㅋ<br>팔은 허우적거림이 많이줄어서<br>빼놓고 잔다&nbsp; 드디어ㅜㅜ!<br>낮엔 놀다가 대자로 뻗어 자거나<br>엎드려서 자는데 그땐 안 덮어줘도 꽤 잘잔다!<br><br><br><br><!-- } SE3-TEXT --></p>\n                    ', '\n                        <p class=""se_textarea""><!-- SE3-TEXT { -->요즘 발잡기에 푹빠져있다<br>모빌을 발로 차다가 발을 잡았는데<br>그후 발잡기는 일상이되었다<br>발잡고 놀다가 모빌 차다가 보다가<br>뒹굴러서 치발기 잼잼하고<br>ㅋㅋㅋ 하루종일 할일이 많으시구만<br><br><br><!-- } SE3-TEXT --></p>\n                    ', '\n                        <p class=""se_textarea""><!-- SE3-TEXT { -->치발기는 침이 폭발하고 손에 잡히면 다<br>입으로 가져가서 샀는데 넘나 잘산듯<br>종류가 많아서 고민하다가<br>말랑말랑한게 아직 좋고 잘잡을수 있는걸로!<br>옥수수 모양보단 핑크색 쭈쭈를 더 좋아한다<br>손에 촥 감기고 엄지손가락이<br>구멍에 쏙 들어가서 떨어트리지도 않고<br>눈뜨면 저거부터 손에 쥐어준다ㅋㅋㅋ<br><br><br><!-- } SE3-TEXT --></p>\n                    ', '\n                        <p class=""se_textarea""><!-- SE3-TEXT { -->130일부터 쌀미음을 시작했다<br>생각보다 잘받아 먹는다ㅋㅋㅋㅋㅋ오?<br>40~50ml 준비했는데<br>20ml 먹었다. 초반에만 조금 흘리고<br>잘받아 먹는답 고마워ㅜㅜㅜ<br>이제 양배추, 애호박, 청경채 등등<br>첨가되는데 더 잘먹어줬으면 좋겠어!!<!-- } SE3-TEXT --></p>\n                    ', '\n                        <p class=""se_textarea""><!-- SE3-TEXT { -->베이비쿡마스터가 생겼다!?<br>아벤트도 쓰고 이것도 써야지ㅋㅋㅋ<br>중기 후기 땐 가지수가 많아지니<br>다 쓰겠지 뭐 ㅋㅋ<br>완료기까지 가자가자 ㅋㅋ 할수있으어어어!<!-- } SE3-TEXT --></p>\n                    ', '\n                        <p class=""se_textarea""><!-- SE3-TEXT { --><br><br><!-- } SE3-TEXT --></p>\n                    ', '\n                        <p class=""se_textarea""><!-- SE3-TEXT { -->여기저기 밤기저귀 뭐쓰시냐고 물어봤을때<br>팸퍼스랑 페넬로페가 제일 많았다<br>고민고민하다가 신생아때 썼었던 페넬로페 픽!<br>이거쓰고 밤에 자다가 기저귀가<br>축축해서 일어난경우는 거의 없었다<br>열번중 1번 정도??<br><br>어느정도 통잠을 자면서<br>밤에는 밤기저귀로 쓰는데<br>그래서 기저귀가<br>옛날처럼 빨리 줄지 않는듯~<br><br><br><span class="" se_ff_nanumbarungothic""><b>분유량 ㅡ 940ml</b></span><br><span class="" se_ff_nanumbarungothic""><b>수면시간 ㅡ 13시간</b></span><br><span class="" se_ff_nanumbarungothic""><b>기저귀&nbsp; ㅡ 7개</b></span><!-- } SE3-TEXT --></p>\n                    ']","['\n                        <h3 class=""se_textarea"">\n                            <!-- -->임신 34주 - 천기저귀, 가재손수건, 마더케이 신생아 손톱가위세트, 휴비딕 온습도계, 브라운 체온계, 매일아이 마더박스, 라돈가스 측정<!-- -->\n                            \n                        </h3>\n                        \n                        \n\t                ', '\n                        <blockquote class=""se_textarea""><!-- SE3-TEXT { -->34weeks<!-- } SE3-TEXT --></blockquote>\n                    ', '\n                        <p class=""se_textarea""><!-- SE3-TEXT { --><span class=""se_fs_T4"">34주차가 된 주일. <br><br></span><span class=""se_fs_T4""><span class=""__se3tag""><a class=""tag"" href=""/BlogTagView.nhn?blogId=yunaeden&amp;pushNavigation=true&amp;tagName=홍춘천닭갈비"">#홍춘천닭갈비</a></span></span><span class=""se_fs_T4""><br>예배를 드리고 점심으로 <br>치즈닭갈비 보통맛+볶음밥1개<br>먹는 내내 뱃속에서 어찌나 쉬지않고 꿀렁꿀렁 움직이는지 이제 제법 많이 커졌다는게 느껴진다. <br><br></span><!-- } SE3-TEXT --></p>\n                    ', '\n                        <p class=""se_textarea""><!-- SE3-TEXT { --><span class=""se_fs_T4""><span class=""__se3tag""><a class=""tag"" href=""/BlogTagView.nhn?blogId=yunaeden&amp;pushNavigation=true&amp;tagName=릴레이크"">#릴레이크</a></span></span><span class=""se_fs_T4""> </span><span class=""se_fs_T4""><span class=""__se3tag""><a class=""tag"" href=""/BlogTagView.nhn?blogId=yunaeden&amp;pushNavigation=true&amp;tagName=비오는날"">#비오는날</a></span></span><span class=""se_fs_T4""><br><br>밥을 먹고 나오니 비가 쏟아진다. <br>따뜻한 카푸치노가 생각나서 <br>집 앞 카페 릴레이크에 갔다. </span><!-- } SE3-TEXT --></p>\n                    ', '\n                        <p class=""se_textarea""><!-- SE3-TEXT { --><span class=""se_fs_T4""><span class=""__se3tag""><a class=""tag"" href=""/BlogTagView.nhn?blogId=yunaeden&amp;pushNavigation=true&amp;tagName=조리퐁쉐이크"">#조리퐁쉐이크</a></span></span><span class=""se_fs_T4""> </span><span class=""se_fs_T4""><span class=""__se3tag""><a class=""tag"" href=""/BlogTagView.nhn?blogId=yunaeden&amp;pushNavigation=true&amp;tagName=카푸치노"">#카푸치노</a></span></span><span class=""se_fs_T4""> </span><span class=""se_fs_T4""><span class=""__se3tag""><a class=""tag"" href=""/BlogTagView.nhn?blogId=yunaeden&amp;pushNavigation=true&amp;tagName=치즈케이크"">#치즈케이크</a></span></span><span class=""se_fs_T4"">. <br><br>늘 예쁜 찻잔과 접시에 담아주는 커피와 디저트.<br>그래서 더 맛있게 느껴진다. <br>비 내리니 더욱 운치있고 분위기 좋았던..<br><br></span><!-- } SE3-TEXT --></p>\n                    ', '\n                        <blockquote class=""se_textarea""><!-- SE3-TEXT { -->34w1d<!-- } SE3-TEXT --></blockquote>\n                    ', '\n                        <p class=""se_textarea""><!-- SE3-TEXT { --><span class=""se_fs_T4"">임신 후기에는 질 좋은 단백질, <br>특히 소고기 안심이 좋다고 해서 사왔는데. <br>엄청 부드럽고 지방이 없이 살코기만 있는데<br>왜 느끼한 것 같지..? ㅠㅠ<br>이제 못 먹겠다. 말랑아 미안~ ㅋㅋ <br><br><br></span><!-- } SE3-TEXT --></p>\n                    ', '\n                        <p class=""se_textarea""><!-- SE3-TEXT { --><span class=""se_fs_T4""><br>지난 주 막달검사를 받고 나니 맘이 급해져서<br>장바구니에 넣어뒀던 출산용품을 폭풍주문했다. <br>진짜 꼭 필요하다는 물품들 추려서 수량도 일단은 최소한으로만 주문해봤다. <br>가재손수건 20장, &nbsp;천기저귀 5장, 신생아손톱가위세트, 수유나시 1벌. <br><br><br></span><!-- } SE3-TEXT --></p>\n                    ', '\n                        <blockquote class=""se_textarea""><!-- SE3-TEXT { -->34w2d<!-- } SE3-TEXT --></blockquote>\n                    ', '\n                        <p class=""se_textarea""><!-- SE3-TEXT { --><span class=""se_fs_T4"">아침부터 저녁까지 하루종일 비가 내리는 날. <br>엄청 습해서 에어컨 틀었다. <br></span><!-- } SE3-TEXT --></p>\n                    ', '\n                        <p class=""se_textarea""><!-- SE3-TEXT { --><span class=""se_fs_T4""><span class=""__se3tag""><a class=""tag"" href=""/BlogTagView.nhn?blogId=yunaeden&amp;pushNavigation=true&amp;tagName=출산용품"">#출산용품</a></span></span><span class=""se_fs_T4""> 준비<br></span><span class=""se_fs_T4""><span class=""__se3tag""><a class=""tag"" href=""/BlogTagView.nhn?blogId=yunaeden&amp;pushNavigation=true&amp;tagName=천기저귀"">#천기저귀</a></span></span><span class=""se_fs_T4""><br><br>종이기저귀 사용할 예정이지만 천기저귀는 목욕타월 등 다용도로 쓰기 좋다고 해서 일단 소량 준비했다. <br>무늬없는 엠보 무지. 리에또 무형광 제품. <br><br></span><!-- } SE3-TEXT --></p>\n                    ', '\n                        <p class=""se_textarea""><!-- SE3-TEXT { --><span class=""se_fs_T4""><span class=""__se3tag""><a class=""tag"" href=""/BlogTagView.nhn?blogId=yunaeden&amp;pushNavigation=true&amp;tagName=신생아가재손수건"">#신생아가재손수건</a></span></span><span class=""se_fs_T4""><br><br>엉덩이 닦는용 엠보 손수건은 10장 정도 물려받거나 선물받은게 있어서 얼굴 닦기 용도로 필요하다는 부드러운 가재손수건을 구입했다.<br>요즘 대부분 대나무 밤부소재로 된 제품을 사던데 먼지가 엄청 나온다고 해서 난 유난스럽거나 예민하지 않아서인지 굳이 밤부소재로 안해도 괜찮을 것 같아 그냥 일반적인 면소재로 결정했다. <br><br></span><!-- } SE3-TEXT --></p>\n                    ', '\n                        <p class=""se_textarea""><!-- SE3-TEXT { --><span class=""se_fs_T4""><span class=""__se3tag""><a class=""tag"" href=""/BlogTagView.nhn?blogId=yunaeden&amp;pushNavigation=true&amp;tagName=마더케이손톱가위핀셋세트"">#마더케이손톱가위핀셋세트</a></span></span><span class=""se_fs_T4""><br>케이스가 있는게 좋을 것 같아서 결정<br><br></span><span class=""se_fs_T4""><span class=""__se3tag""><a class=""tag"" href=""/BlogTagView.nhn?blogId=yunaeden&amp;pushNavigation=true&amp;tagName=휴비딕온습도계"">#휴비딕온습도계</a></span></span><span class=""se_fs_T4""><br>조명이 들어와서 밤에 방에서도 확인하기 편할 듯 <br><br></span><span class=""se_fs_T4""><span class=""__se3tag""><a class=""tag"" href=""/BlogTagView.nhn?blogId=yunaeden&amp;pushNavigation=true&amp;tagName=브라운체온계"">#브라운체온계</a></span></span><span class=""se_fs_T4""> <br>요것도 조명 들어오는 국민 체온계 <br><br></span><!-- } SE3-TEXT --></p>\n                    ', '\n                        <p class=""se_textarea""><!-- SE3-TEXT { --><span class=""se_fs_T4""><span class=""__se3tag""><a class=""tag"" href=""/BlogTagView.nhn?blogId=yunaeden&amp;pushNavigation=true&amp;tagName=매일아이"">#매일아이</a></span></span><span class=""se_fs_T4""> </span><span class=""se_fs_T4""><span class=""__se3tag""><a class=""tag"" href=""/BlogTagView.nhn?blogId=yunaeden&amp;pushNavigation=true&amp;tagName=마더박스"">#마더박스</a></span></span><span class=""se_fs_T4""><br><br>매일아이에 신청했던 무료 임신축하선물<br><br>동화책, 야채즙, 앱솔맘식이섬유주스,그래놀라씨리얼, 캘로그넛츠바, 앱솔맘코코아, 노리개, 물티슈, <br>하기스 기저귀1단계<br><br>무료인걸 감안하면 꽤 괜찮은 구성인듯! <br><br><br></span><!-- } SE3-TEXT --></p>\n                    ', '\n                        <p class=""se_textarea""><!-- SE3-TEXT { --><span class=""se_fs_T4"">저녁엔 밥이 안땡겨서 호박고구마랑 미숫가루우유. <br>그리고 비가오니 육개장사발면이 계속 생각나서 <br>고민하다 결국 먹었는데 넘나 맛있게 먹었다. </span><!-- } SE3-TEXT --></p>\n                    ', '\n                        <p class=""se_textarea""><!-- SE3-TEXT { --><span class=""se_fs_T4""><br><br><br></span><!-- } SE3-TEXT --></p>\n                    ', '\n                        <blockquote class=""se_textarea""><!-- SE3-TEXT { -->34w3d<!-- } SE3-TEXT --></blockquote>\n                    ', '\n                        <p class=""se_textarea""><!-- SE3-TEXT { --><span class=""se_fs_T4"">오늘도 어제처럼 평소보다 일찍 잠에서 깼다. <br>배뭉침때문에 자면서도 배가 아프고, <br>꿈을 엄청 꾸다가 깬다. <br>오늘은 아기이불로 사용할 블랭킷 사러 다니는 꿈..<br>ㅋㅋㅋ</span><!-- } SE3-TEXT --></p>\n                    ', '\n                        <p class=""se_textarea""><!-- SE3-TEXT { --><span class=""se_fs_T4"">아침에 고구마 반개랑 우유를 먹었는데 <br>이상하게 입이 쓰고 니글거려서 속이 좋지 않았는데<br>점심시간에 엄마가 반찬을 해다주셨다. <br>깻잎김치, 고춧잎장아찌, 땅콩조림! <br><br>원래 이런 밑반찬이랑만 먹는 집밥은 잘 안먹는데<br>속이 니글거려서인지 마치 술먹은 다음 날 해장국을 찾듯? 집에 있던 김과 참치 추가해서 먹은 집밥. <br>먹고나니 입에서 쓴맛도 안나고 속도 편해졌다. </span><!-- } SE3-TEXT --></p>\n                    ', '\n                        <p class=""se_textarea""><!-- SE3-TEXT { --><span class=""se_fs_T4""><br></span><!-- } SE3-TEXT --></p>\n                    ', '\n                        <p class=""se_textarea""><!-- SE3-TEXT { --><span class=""se_fs_T4""><span class=""__se3tag""><a class=""tag"" href=""/BlogTagView.nhn?blogId=yunaeden&amp;pushNavigation=true&amp;tagName=라돈아이"">#라돈아이</a></span></span><span class=""se_fs_T4""> <br><br>아빠가 구매한 라돈측정기를 빌려서 <br>우리집 측정 시작! <br>안전 기준치는 4 pCi 라는데.. 과연!! <br></span><!-- } SE3-TEXT --></p>\n                    ', '\n                        <p class=""se_textarea""><!-- SE3-TEXT { --><span class=""se_fs_T4"">먼저 거실과 주방 가운데 두고 한 시간 측정한 결과는<br>1.61 로 통과!<br></span><!-- } SE3-TEXT --></p>\n                    ', '\n                        <p class=""se_textarea""><!-- SE3-TEXT { --><span class=""se_fs_T4"">1.03으로 말랑이 방도 통과~! <br></span><!-- } SE3-TEXT --></p>\n                    ', '\n                        <p class=""se_textarea""><!-- SE3-TEXT { --><span class=""se_fs_T4"">이방은 아무래도 붙박이장 때문인듯 1.82 </span><!-- } SE3-TEXT --></p>\n                    ', '\n                        <p class=""se_textarea""><!-- SE3-TEXT { --><span class=""se_fs_T4"">마지막으로 침실! <br>태국산 라텍스 매트리스와 한샘 매트리스 두 개가 같이 있어서 수치가 아무래도 좀.. <br>그래도 다행인건 2.58이라 기준치보다는 낮다. <br><br></span><!-- } SE3-TEXT --></p>\n                    ', '\n                        <p class=""se_textarea""><!-- SE3-TEXT { --><span class=""se_fs_T4""><span class=""__se3tag""><a class=""tag"" href=""/BlogTagView.nhn?blogId=yunaeden&amp;pushNavigation=true&amp;tagName=비오는날엔부추전"">#비오는날엔부추전</a></span></span><span class=""se_fs_T4""> <br><br>비가 계속 내리니 생각나서 결국 해먹었는데 <br>넘 맛나서 두장 부친거 거의 다 먹었다. <br><br></span><!-- } SE3-TEXT --></p>\n                    ', '\n                        <blockquote class=""se_textarea""><!-- SE3-TEXT { -->34w4d<!-- } SE3-TEXT --></blockquote>\n                    ', '\n                        <p class=""se_textarea""><!-- SE3-TEXT { --><span class=""se_fs_T4"">에어컨을 틀고 잤더니 쾌적해서인지 아주 푹 잘잤다. <br>에어컨을 틀지 않았을 땐 습도가 77% 넘어가니 <br>잠을 설쳤나보다. <br><br>점심식사는 몇주 전 먹고 얼려둔 카레. <br>강황이 자궁수축 유발한다는 말을 들었는데 <br>기분탓인지 카레먹을때마다 배가 뭉치긴 한다. <br>흠.. 그래도 맛있는걸 우째. <br>한끼정도 먹는 건 괜찮겠지! </span><!-- } SE3-TEXT --></p>\n                    ', '\n                        <p class=""se_textarea""><!-- SE3-TEXT { --><span class=""se_fs_T4""><span class=""__se3tag""><a class=""tag"" href=""/BlogTagView.nhn?blogId=yunaeden&amp;pushNavigation=true&amp;tagName=34주배크기"">#34주배크기</a></span></span><span class=""se_fs_T4""><br><br>체중은 임신 전 +7kg<br>허리는 어디로 실종?! </span><!-- } SE3-TEXT --></p>\n                    ', '\n                        <p class=""se_textarea""><!-- SE3-TEXT { --><span class=""se_fs_T4""><br>그나마 다행인건 아직까지 튼살, 임신선이 생기지 않았다는거.! <br>튼살크림 성분보면 뭐 특별한 것도 아닌데 튼살크림이라는 이름하나로 비싸기만 하고. <br>그래서 난 그냥 평소에 사용하던 7,800원짜리 저렴하면서도 성분좋은 시드물 아토로션만 발랐는데 여태 트지 않는걸 보면 임산부 전용 튼살크림은 상술. <br>백화점가서 비싼 튼살크림이나 오일 사서 발라도 틀 사람은 다 튼다고 하고.. <br>뭘 바르는지보다는 살성이 중요한듯. <br><br></span><!-- } SE3-TEXT --></p>\n                    ', '\n                        <p class=""se_textarea""><!-- SE3-TEXT { --><span class=""se_fs_T4"">저녁엔 핫도그랑 앱솔맘 오렌지주스.. <br>그리고 군고구마 한개. <br></span><!-- } SE3-TEXT --></p>\n                    ', '\n                        <p class=""se_textarea""><!-- SE3-TEXT { --><span class=""se_fs_T4""><span class=""__se3tag""><a class=""tag"" href=""/BlogTagView.nhn?blogId=yunaeden&amp;pushNavigation=true&amp;tagName=셀렉토커피"">#셀렉토커피</a></span></span><span class=""se_fs_T4""> <br>퇴근한 신랑이랑 밤산책 나갔는데 집 앞에 <br>셀렉토커피가 오픈했길래 모카프라페 사묵어봄. <br>오픈이벤트로 머그컵도 받고 1+1쿠폰도 받았다. <br>집 앞에 카페가 많은데 다들 가격은 착하지 않아서 아쉬웠는데 저렴한 테이크아웃용 카페가 처음으로 생겨서 반갑다. 저렴이 커피도 필요하니깐~! <br></span><!-- } SE3-TEXT --></p>\n                    ', '\n                        <blockquote class=""se_textarea""><!-- SE3-TEXT { -->34w5d<!-- } SE3-TEXT --></blockquote>\n                    ', '\n                        <p class=""se_textarea""><!-- SE3-TEXT { --><span class=""se_fs_T4"">씬나는 금요일!<br>점심에 햄볶음밥 해먹궁<br></span><!-- } SE3-TEXT --></p>\n                    ', '\n                        <p class=""se_textarea""><!-- SE3-TEXT { --><span class=""se_fs_T4"">저녁 해지기 전에 잠시 산책. <br>공기가 맑아서 좋다. <br>햇빛아래는 좀 덥지만 그늘은 시원한 날씨~<br><br></span><!-- } SE3-TEXT --></p>\n                    ', '\n                        <p class=""se_textarea""><!-- SE3-TEXT { --><span class=""se_fs_T4""><span class=""__se3tag""><a class=""tag"" href=""/BlogTagView.nhn?blogId=yunaeden&amp;pushNavigation=true&amp;tagName=노랑통닭"">#노랑통닭</a></span></span><span class=""se_fs_T4""> </span><span class=""se_fs_T4""><span class=""__se3tag""><a class=""tag"" href=""/BlogTagView.nhn?blogId=yunaeden&amp;pushNavigation=true&amp;tagName=불금"">#불금</a></span></span><span class=""se_fs_T4""><br><br>일찍 퇴근한 신랑이랑 치킨! <br>노랑통닭 처음 먹어봤는데 후라이드치킨 맛남!<br><br><br></span><!-- } SE3-TEXT --></p>\n                    ', '\n                        <blockquote class=""se_textarea""><!-- SE3-TEXT { -->34w6d<!-- } SE3-TEXT --></blockquote>\n                    ', '\n                        <p class=""se_textarea""><!-- SE3-TEXT { --><span class=""se_fs_T4""><span class=""__se3tag""><a class=""tag"" href=""/BlogTagView.nhn?blogId=yunaeden&amp;pushNavigation=true&amp;tagName=연어초밥"">#연어초밥</a></span></span><span class=""se_fs_T4""> </span><span class=""se_fs_T4""><span class=""__se3tag""><a class=""tag"" href=""/BlogTagView.nhn?blogId=yunaeden&amp;pushNavigation=true&amp;tagName=광어초밥"">#광어초밥</a></span></span><span class=""se_fs_T4""><br></span><span class=""se_fs_T4""><span class=""__se3tag""><a class=""tag"" href=""/BlogTagView.nhn?blogId=yunaeden&amp;pushNavigation=true&amp;tagName=릴레이크"">#릴레이크</a></span></span><span class=""se_fs_T4""> </span><span class=""se_fs_T4""><span class=""__se3tag""><a class=""tag"" href=""/BlogTagView.nhn?blogId=yunaeden&amp;pushNavigation=true&amp;tagName=딸기요거트쉐이크"">#딸기요거트쉐이크</a></span></span><span class=""se_fs_T4""><br><br>토욜이라 신랑은 아침일찍 시댁에 갔고,<br>나는 오랜만에 멀리 판교에서 온 혜선이를 만나서 <br>점심먹으며 밀린 이야기도 하면서 즐거운 시간을 보냈다. <br></span><!-- } SE3-TEXT --></p>\n                    ', '\n                        <p class=""se_textarea""><!-- SE3-TEXT { --><span class=""se_fs_T4"">혜서니가 사온 말랑이 양말 두 켤레! <br>넘넘 귀요운거 아님..??!?!?! 끄앙</span><!-- } SE3-TEXT --></p>\n                    ', '\n                        <p class=""se_textarea""><!-- SE3-TEXT { --><span class=""se_fs_T4""><span class=""__se3tag""><a class=""tag"" href=""/BlogTagView.nhn?blogId=yunaeden&amp;pushNavigation=true&amp;tagName=샤넬루쥬알뤼르잉크160호"">#샤넬루쥬알뤼르잉크160호</a></span></span><span class=""se_fs_T4""><br><br>생일선물로 샤넬 틴트도 바다땅 쿄쿄<br>가을겨울에 바르기 좋은 플럼핑크 컬러<br>마침 딱 필요했는데 .. 사이즈도 앙증맞고 좋은데?!</span><!-- } SE3-TEXT --></p>\n                    ', '\n                        <p class=""se_textarea""><!-- SE3-TEXT { --><span class=""se_fs_T4"">히히 고마워 혜선아~~ <br><br><br><br></span><!-- } SE3-TEXT --></p>\n                    ', '\n                        <blockquote class=""se_textarea""><!-- SE3-TEXT { -->34주차 증상<!-- } SE3-TEXT --></blockquote>\n                    ', '\n                        <p class=""se_textarea""><!-- SE3-TEXT { --><span class=""se_fs_T4"">-자는 중에 윗배 통증, 배뭉침이 느껴져 일찍 잠에서 깬다</span>.<span class=""se_fs_T4""> &nbsp;&nbsp;<br>-배뭉침이 좀 더 잦아졌지만 자세를 바꾸면 풀린다. <br>-아랫배가 찌릿한 느낌이 가끔 온다</span>.<span class=""se_fs_T4""> <br>-식사 후에 숨이 막혀서 앉아있어도 힘이든다. <br>-식후 소화되는 속도가 느려져서 많이 먹지 못한다. <br>-하루 30분 정도 가볍게 걷는 산책을 시작했다</span>.<span class=""se_fs_T4""> </span><!-- } SE3-TEXT --></p>\n                    ']",[],[],[],[],[],[],[],[],[],[],[],"['\n                        <h3 class=""se_textarea"">\n                            <!-- -->[인천베이비키즈페어] 그 현장방문 후기 (w.서포터즈팩) <!-- -->\n                            \n                        </h3>\n                        \n                        \n\t                ', '\n                        <p class=""se_textarea""><!-- SE3-TEXT { -->안녕하세요<br>Yuya예요^^<!-- } SE3-TEXT --></p>\n                    ', '\n                        <p class=""se_textarea""><!-- SE3-TEXT { -->드디어 기다리고 기다리던!!<br><span class=""se_fs_T1 "" style=""color: rgb(241, 47, 34);""><b>인천 베이비&amp;키즈페어</b></span>가 열렸다죠~ ㅎㅎㅎ<!-- } SE3-TEXT --></p>\n                    ', '\n                        <p class=""se_textarea""><!-- SE3-TEXT { -->나들이도 할겸!<br>송도 컨벤시아로 놀러왔답니다!!ㅎㅎ<br><br><br><br><!-- } SE3-TEXT --></p>\n                    ', '\n                        <blockquote class=""se_textarea""><!-- SE3-TEXT { -->인천베페 입장팔찌 받기 &amp; 무료셔틀버스<!-- } SE3-TEXT --></blockquote>\n                    ', '\n                        <p class=""se_textarea""><!-- SE3-TEXT { -->송도 컨벤시아 로비에 위치한 입장권 교환소!<br>미리 사전등록을 한 사람은 이름과 핸드폰 번호로 바로 교환이 가능해요~<br>또는 인터넷에서 사전등록 후 발급한 바코드를 인식해도 되요^^<br><br><br><!-- } SE3-TEXT --></p>\n                    ', '\n                        <p class=""se_textarea""><!-- SE3-TEXT { -->만약 사전등록을 안했다면, 현장등록을 하시면 된답니다! ㅎㅎ<br><br>등록카드 작성 부스에 사람이 너무너무 많아서 <br>오른쪽 사진은 마감시간 지나서 찍었답니다 ㅎㅎㅎ<br>인천베페의 인기를 실감할 수 있겠더라구요 ㅎㅎ<br><br><!-- } SE3-TEXT --></p>\n                    ', '\n                        <p class=""se_textarea""><!-- SE3-TEXT { -->서포터즈 명찰은 Information 부스에서 받을 수 있답니다! <br>셔틀버스 운행시간표도 크게 붙어 있어서 <br>정보를 얻기 편하겠더라구요!!<br><br>또한 바로 맞은편엔, 대형 부스 배치도가 있어요~<br>내가 어디 먼저 방문할지, 미리 체크해 보시는 것도 좋을 듯 하네요 ㅎㅎ<br><!-- } SE3-TEXT --></p>\n                    ', '\n                        <p class=""se_textarea""><!-- SE3-TEXT { --><span>무료 셔틀버스는 정문에서 나오면, <br></span><span>바로 타는 곳이 있어요. <br></span><span>각 지역으로 가는 셔틀버스가 줄줄이 있어서 <br></span><span>찾기 쉬우실거예요^^<br></span><span><br></span><span></span><!-- } SE3-TEXT --></p>\n                    ', '\n                        <blockquote class=""se_textarea""><!-- SE3-TEXT { -->인천베페 유모차대여소<!-- } SE3-TEXT --></blockquote>\n                    ', '\n                        <p class=""se_textarea""><!-- SE3-TEXT { -->입구 바로 앞에 위치한, <span style=""color: rgb(0, 146, 230);""><b>유모차 대여소</b></span>!<br><br>36개월 미만의 아기가 있는 경우, <br>1인 1대를 대여해 주는데요~<br>대여시간은 3시간!<br><br>신분증을 맡기고 유모차를 대여하면 된답니다!<br>무.조.건. <br>신분증이어야 해요^^<br><br>대여 후엔 유모차 사용방법도 스탭분들이 친절히 설명해 주신답니다!<br><br><br>사실!<br>유모차대여소 앞이 <br>매우매우 중요한 자리였답니다!! ㅋㅋㅋ<br><br><!-- } SE3-TEXT --></p>\n                    ', '\n                        <p class=""se_textarea""><!-- SE3-TEXT { -->다녀오신 분들은 아시겠지만, <br><span style=""color: rgb(0, 146, 230);""><b><u>세계전람과 함께하는 이심전심 랜덤박스 이벤트 </u></b></span><br>현장추첨 장소였거든요!!<br><br><br><!-- } SE3-TEXT --></p>\n                    ', '\n                        <p class=""se_textarea""><!-- SE3-TEXT { -->등록대에서 입장팔찌와 함께 받은 이 추첨권!!<br>인천베페 전시장 정 가운데에 위치한!<br>551번 ANUK부스 앞에 위치한 응모함에 추첨권을 넣고 <br>오후 5시 40분에 유모차대여소에서 당첨을 기다리면 된답니다!<br><br>단, 1인 1매이며, 추첨 현장에 본인이 없으면 꽝인것! 아시죠? ㅎㅎ<br><br>저희 부부도 두근두근 하면서, 응모권을 넣었답니다 ㅋㅋㅋ<br>뭐 결과는... ㅋㅋㅋ<br><br><br><!-- } SE3-TEXT --></p>\n                    ', '\n                        <blockquote class=""se_textarea""><!-- SE3-TEXT { -->인천베페 입장 고고!!<!-- } SE3-TEXT --></blockquote>\n                    ', '\n                        <p class=""se_textarea""><!-- SE3-TEXT { -->이제 입장팔찌를 두르고 입장 고고!!!<!-- } SE3-TEXT --></p>\n                    ', '\n                        <p class=""se_textarea""><!-- SE3-TEXT { -->입장하자마자 느낀건, <br>보통 다른 베이비페어처럼 답답한 느낌이 아닌, <br>웅장한(?) 느낌! 다른 세상에 온 느낌이 들더라구요.<br> <br> 송도 컨벤시아의 천장고가 높아서인지,<br>천장 디자인이 독특해서인지,<br>답답한 느낌이 들지 않아서 <br>사람이 아무리 많아도 여유롭게 쇼핑할 수 있겠더라구요~<br><br>(사실 사람이 많고 답답하면, 얼른 이 공간을 벗어나고 싶은 마음에...<br>후다닥 장을 보고 가잖아요 ㅎㅎ)<br><br>저희 부부도 여유롭게 즐기며<br>관람 및 쇼핑을 하였답니다 ㅎㅎ<br><br><br><!-- } SE3-TEXT --></p>\n                    ', '\n                        <p class=""se_textarea""><!-- SE3-TEXT { -->워낙 이벤트도 많고 할인도 많았던 인천베페였기에 <br>구매하려는 사람과 상담받는 사람들이 바글바글<br>사진찍기조차 쉽지 않았다죠 ㅎㅎㅎ<!-- } SE3-TEXT --></p>\n                    ', '\n                        <p class=""se_textarea""><!-- SE3-TEXT { -->교육분야도 엄청 많이 들어왔더라구요~<br>한번씩은 다 들어가서 상담을 받은 듯 ㅎㅎㅎㅎㅎㅎ<br>저희처럼 상담받고 비교하시는 분들도 많이 계시더라구요!<br><br><!-- } SE3-TEXT --></p>\n                    ', '\n                        <p class=""se_textarea""><!-- SE3-TEXT { -->아이방 꾸미기 제품들과 교구들도 가득가득!<br>특히나 아이들이 직접 체험을 할 수 있어서 <br>넘 좋더라구요!!<br><br>문제는?! 아이들이 집에 안가려고 해서 문제 ㅎㅎㅎㅎㅎ<br><br><!-- } SE3-TEXT --></p>\n                    ', '\n                        <p class=""se_textarea""><!-- SE3-TEXT { -->카시트나 식탁의자, 유모차, 웨건 등<br>신제품도 많고, 사고 싶은 것도 넘넘 많았다죠...ㅠㅠ<br><br><!-- } SE3-TEXT --></p>\n                    ', '\n                        <p class=""se_textarea""><!-- SE3-TEXT { -->그 외에도 스튜디오, LG U+, 돌고래 샤워기 등<br>다양한 제품을 구경하고 살 수 있었답니다!!<br><br>사실 저도 서포터즈의 본분을 잊고<br>구경하고 사는더 바빠서 ㅋㅋㅋㅋㅋ<br>정신이 없었네요 ㅋㅋ<br><br><!-- } SE3-TEXT --></p>\n                    ', '\n                        <blockquote class=""se_textarea""><!-- SE3-TEXT { -->인천베페 수유실<!-- } SE3-TEXT --></blockquote>\n                    ', '\n                        <p class=""se_textarea""><!-- SE3-TEXT { -->구경하다보니<br>아이들 기저귀가 묵직묵직!<br><br>기저귀를 갈기 위해 <span style=""color: rgb(0, 146, 230);""><b>수유실</b></span>로 향했어요!<br><br>수유실 안에는 정말 사람들이 가득가득!<br>기저귀 가는 아이들도 가득!<br>이유식이나 분유 먹는 아이들도 가득!!<br>발 디딜틈이 없더라구요~<br><br><!-- } SE3-TEXT --></p>\n                    ', '\n                        <p class=""se_textarea""><!-- SE3-TEXT { -->아이들이 빠지길 기다렸다가 찰칵찰칵!!<br>깨끗하게 관리가 잘 되어 있더라구요~<br><br>서로 아이를 키우는 부모이다보니 <br>서로 뒷처리를 깔끔하게 하는 편이었구요~<br>스텝분들도 계셔서 부족한 점은 채워주시는 듯 했어요^^<br><br><!-- } SE3-TEXT --></p>\n                    ', '\n                        <p class=""se_textarea""><!-- SE3-TEXT { -->가장 안쪽에는 하얀 커튼으로 막힌<br>비밀공간이 있어요!<br>이곳이 바로 <span style=""color: rgb(0, 146, 230);""><b>엄마만의 모유수유공간</b></span>이예요!<br><br>안에 들어가니 바닥에 매트도 깔려 있어서 <br>기어다니는 아가들이 유모차나 아기띠에서 벗어나 <br>자유롭게 놀 수 있겠더라구요!!<!-- } SE3-TEXT --></p>\n                    ', '\n                        <p class=""se_textarea""><!-- SE3-TEXT { -->엄마들은 편하게 쇼파에서 수유하면 되고, <br>정수기와 전자레인지, 기저귀 갈이대도 있더라구요!<br>안쪽에도 기저귀 갈이대가 있는지 몰랐는데<br> 수유를 하지 않더라도 엄마와 아기만이라면, 들어와서 갈아도 되는 듯 했어요~<br>여기서 기저귀만 갈고 나가시는 분들도 계시더라구요 ㅎㅎㅎ<br><br><br><br><!-- } SE3-TEXT --></p>\n                    ', '\n                        <blockquote class=""se_textarea""><!-- SE3-TEXT { -->인천베페 미아보호소 &amp; 의무실<!-- } SE3-TEXT --></blockquote>\n                    ', '\n                        <p class=""se_textarea""><!-- SE3-TEXT { -->수유실 바로 옆에는 미아보호소와 의무실이 있답니다!<br>혹시나 아이를 잃어버리셨거나, 다쳤으면!<br>항상 준비되어 있는 미아보호소 &amp; 의무실로 고고!!<br><br><br><!-- } SE3-TEXT --></p>\n                    ', '\n                        <blockquote class=""se_textarea""><!-- SE3-TEXT { -->인천베페 카페테리아<!-- } SE3-TEXT --></blockquote>\n                    ', '\n                        <p class=""se_textarea""><!-- SE3-TEXT { --><span style=""color: rgb(0, 146, 230);""><b>카페테리아</b></span>는 가장 안쪽, 정가운데에 있어요~<br>많은 사람들이 쉬면서, 다음은 어느 부스를 방문할지, <br>어떤 것을 구입할지, 의논하고 계시더라구요!<br><br>그 전과는 달리 솜사탕도 팔아서 <br>아이들이 좋아하더라구요 ㅎㅎㅎㅎ<br><br><br><br><!-- } SE3-TEXT --></p>\n                    ', '\n                        <blockquote class=""se_textarea""><!-- SE3-TEXT { -->인천베페 이벤트 선물교환처 &amp; 서포터즈 라운지<!-- } SE3-TEXT --></blockquote>\n                    ', '\n                        <p class=""se_textarea""><!-- SE3-TEXT { -->항상 이벤트가 가득한 세계전람!<br>인천 베이비키즈페어도 마찬가지였죠!!<br><br><span>SNS 이벤트 당첨선물은 이벤트 선물 교환처에서!<br></span><span><br></span>라테파파나 시크릿 이벤트 선물은......<!-- } SE3-TEXT --></p>\n                    ', '\n                        <p class=""se_textarea""><!-- SE3-TEXT { -->참가업체 라운지를 지나<br>서포터즈 라운지에서 수령가능했답니다<span>^^<br></span><span><br></span><span><br></span><span></span><!-- } SE3-TEXT --></p>\n                    ', '\n                        <blockquote class=""se_textarea""><!-- SE3-TEXT { -->인천베페 서포터즈팩!<!-- } SE3-TEXT --></blockquote>\n                    ', '\n                        <p class=""se_textarea""><!-- SE3-TEXT { --><span><span>짜쟌~ 서포터즈팩이예요!!!<br></span><span>완전 알차죠?! ㅎㅎㅎㅎ</span></span><span><br></span><span></span><!-- } SE3-TEXT --></p>\n                    ', '\n                        <p class=""se_textarea""><!-- SE3-TEXT { --><span>서포터즈 선물이 담겨있던 비닐가방부터!<br></span><span>지오퍼즐!!</span><span><br></span><span>엘림코리아 경추베개!</span><span><br></span><!-- } SE3-TEXT --></p>\n                    ', '\n                        <p class=""se_textarea""><!-- SE3-TEXT { -->엄마들의 여름 필수품 덧신!<br>곰돌이 귀모양이 귀여운! 리에또 빨대컵!<br>침흘리는 우리 아기를 위한, 베베라온 스카프빕!<!-- } SE3-TEXT --></p>\n                    ', '\n                        <p class=""se_textarea""><!-- SE3-TEXT { -->꼬까신 걸음마슈즈와<br><span>요즘 미세먼지를 겨냥한 성인 입체마스크!</span><br>그리고 넘넘 유용한 마더케이 아기지퍼백!<!-- } SE3-TEXT --></p>\n                    ', '\n                        <p class=""se_textarea""><!-- SE3-TEXT { --><span>양말세트와 루솔푸딩, 요구르트 런과 포도쮸까지!!<br></span><span><br></span><span>왠지 서포터즈팩 준비하시는 분이 아이 엄마이신가봐요!<br></span><span>어쩜 이렇게 딱 필요한 것들만 모여있는지!!<br></span><span>게다가 아이들이 좋아할만한 간식도 들어 있으니!<br></span><span>엄마도 좋고, 아이도 좋고!!<br></span><span><br></span><span></span><span></span><!-- } SE3-TEXT --></p>\n                    ', '\n                        <p class=""se_textarea""><!-- SE3-TEXT { --><span>한 달간의 서포터즈 활동!!<br></span><span>넘넘 즐거웠다죠! <br></span><span>푸짐한 선물도 받고!!<br></span><span>특히 저희 부부의 고향인 인천에서 열려서 <br></span><span>더더 애틋했던 마음!<br></span><span><br></span><span>인천 베이비&amp;키즈 페어 구경 후, <br></span><span>송도에서 즐겁게 놀다가 돌아왔네요^^<br></span><span></span><!-- } SE3-TEXT --></p>\n                    ', '\n                        <p class=""se_textarea""><!-- SE3-TEXT { --><span><br></span><span><br></span><span>다음 세계전람의 박람회는<br></span><span class=""se_fs_T2"" style=""color: rgb(241, 47, 34);""><b>2018년 7월 12일(목) ~ 2018년 7월 15일(일)</b></span><span>까지 </span><span>열리는<br></span><span class=""se_fs_T2"" style=""color: rgb(241, 47, 34);""><b>서울 국제유아교육전 &amp; 키즈페어</b></span><span> 랍니다!<br></span><span>이번엔 </span><span class=""se_fs_T2"" style=""color: rgb(241, 47, 34);""><b>코엑스</b></span><span>에서 열리니!!<br></span><span>우리 코엑스에서 만나용~~ ㅎㅎ<br></span><span><br></span><span><br></span><span></span><!-- } SE3-TEXT --></p>\n                    ', '\n                        <p class=""se_textarea""><!-- SE3-TEXT { --><span class=""se_fs_T2""><span class=""se_fs_T2""><span class=""se_fs_T2""><span class=""se_fs_T2""><span class=""se_fs_T2""><span class=""se_fs_T2""><span><span><span><span><span><span><span><span><span><span><span><span><span><span class=""se_fs_T2""><span class=""se_fs_T2""><span class=""se_fs_T2""><span class=""se_fs_T2""><span><span><span><span><span><span><span class=""se_fs_T4""><span class=""se_fs_T4""><span><span><span><span><span><span><span><span><span><span><span><span><span><span class=""se_fs_T2""><span class=""se_fs_T2""><span class=""se_fs_T2""><span class=""se_fs_T2""><span><span><span><span><span><span><span class=""se_fs_T4""><span class=""se_fs_T4""><span class=""se_fs_T2""><span><span><span><span><span><span><span><span><span><span><span><span><span><span class=""se_fs_T2""><span class=""se_fs_T2""><span class=""se_fs_T2""><span class=""se_fs_T2""><span><span><span><span><span><span><span class=""se_fs_T4""><span class=""se_fs_T4""><span><span><span><span><span><span><span><span><span><span><span><span><span><span class=""se_fs_T2""><span class=""se_fs_T2""><span class=""se_fs_T2""><span class=""se_fs_T2""><span><span><span><span><span><span><span class=""se_fs_T4""><span class=""se_fs_T4"">해당 포스팅은 인천베이비키즈페어 서포터즈로서 활동하며 작성한 글입니다.</span></span></span></span></span></span></span></span></span></span></span></span></span></span></span></span></span></span></span></span></span></span></span></span></span></span></span></span></span></span></span></span></span></span></span></span></span></span></span></span></span></span></span></span></span></span></span></span></span></span></span></span></span></span></span></span></span></span></span></span></span></span></span></span></span></span></span></span></span></span></span></span></span></span></span></span></span></span></span></span></span></span></span></span></span></span></span></span></span></span></span></span></span></span></span></span></span></span></span></span></span></span></span></span></span></span></span><!-- } SE3-TEXT --></p>\n                    ', '\n                        <p class=""se_textarea""><!-- SE3-TEXT { --><span class=""se_fs_T3""><span class=""__se3tag""><a class=""tag"" href=""/BlogTagView.nhn?blogId=vision1208&amp;pushNavigation=true&amp;tagName=세계전람"">#세계전람</a> </span><span class=""__se3tag""><a class=""tag"" href=""/BlogTagView.nhn?blogId=vision1208&amp;pushNavigation=true&amp;tagName=어린이체험"">#어린이체험</a> </span><span class=""__se3tag""><a class=""tag"" href=""/BlogTagView.nhn?blogId=vision1208&amp;pushNavigation=true&amp;tagName=아이와갈만한곳"">#아이와갈만한곳</a> </span><span class=""__se3tag""><a class=""tag"" href=""/BlogTagView.nhn?blogId=vision1208&amp;pushNavigation=true&amp;tagName=인천베페서포터즈팩"">#인천베페서포터즈팩</a> </span><span class=""__se3tag""><a class=""tag"" href=""/BlogTagView.nhn?blogId=vision1208&amp;pushNavigation=true&amp;tagName=인천베페서포터즈"">#인천베페서포터즈</a></span> <br></span><span class=""se_fs_T3""><span class=""__se3tag""><a class=""tag"" href=""/BlogTagView.nhn?blogId=vision1208&amp;pushNavigation=true&amp;tagName=인천베페셔틀버스"">#인천베페셔틀버스</a> </span><span class=""__se3tag""><a class=""tag"" href=""/BlogTagView.nhn?blogId=vision1208&amp;pushNavigation=true&amp;tagName=인천베페후기"">#인천베페후기</a></span> </span><span class=""se_fs_T3""><span class=""__se3tag""><a class=""tag"" href=""/BlogTagView.nhn?blogId=vision1208&amp;pushNavigation=true&amp;tagName=인천베페"">#인천베페</a> </span><span class=""__se3tag""><a class=""tag"" href=""/BlogTagView.nhn?blogId=vision1208&amp;pushNavigation=true&amp;tagName=인천베이비페어"">#인천베이비페어</a> </span><span class=""__se3tag""><a class=""tag"" href=""/BlogTagView.nhn?blogId=vision1208&amp;pushNavigation=true&amp;tagName=인천베이비키즈페어"">#인천베이비키즈페어</a></span></span><!-- } SE3-TEXT --></p>\n                    ']",[],"['\n                        <h3 class=""se_textarea"">\n                            <!-- -->인천베이비키즈페어(인천베페) 서포터즈팩 후기<!-- -->\n                            \n                        </h3>\n                        \n                        \n\t                ', '\n                        <blockquote class=""se_textarea""><!-- SE3-TEXT { -->&lt;인천베이비&amp;키즈페어(인천베페)&gt;<br>일시: 5월 17일(목)~5월20일(일)<br>장소: 인천 송도 컨벤시아<!-- } SE3-TEXT --></blockquote>\n                    ', '\n                        <p class=""se_textarea""><!-- SE3-TEXT { --><span>5월 18일 어제 송도 컨벤시아에서 열리는 인천베이비키즈페어(인천베페)에 다녀왔어요. <br></span><span>저는 서포터즈였기에 모든 관람을 마친 뒤 서포터즈팩을 수령해 왔습니다.<br></span><span></span><!-- } SE3-TEXT --></p>\n                    ', '\n                        <p class=""se_textarea""><!-- SE3-TEXT { --><span>서포터즈라운지에는 서포터즈들이 쉴 수 있도록 테이블이 마련돼 있었고요, 간단한 다과도 준비돼 있었어요. 테이블에 자리를 잡은 뒤 기다리고 기다렸던 서포터즈팩을 수령했네요.<br></span><span></span><!-- } SE3-TEXT --></p>\n                    ', '\n                        <p class=""se_textarea""><!-- SE3-TEXT { --><span>서포터즈팩 떼샷을 공개하자면 짠~ 이렇습니다. 뭔가 푸짐푸짐 하죠?<br></span><span>하나씩 살펴보면요~~<br></span><span></span><!-- } SE3-TEXT --></p>\n                    ', '\n                        <p class=""se_textarea""><!-- SE3-TEXT { --><span>엘림 경추배게.. +_+ 이거 다들 아시죠???<br></span><span>지난 유교전 때 서포팩과 선착순으로 받을 수 있었던 그 배게요.. <br></span><span>이번에도 엘림 경추배게가 들어있어서 우리집은 엘림 경추배게로 가족 배게 완성했습니다. ㅋㅋㅋㅋ<br></span><span>배게가 탄탄하니 좋아서 어른이 써도 손색이 없거든요. 엘<br></span><span>림 경추배게는 우리 가족 꿀잠을 책임지는 걸로~~<br></span><span></span><!-- } SE3-TEXT --></p>\n                    ', '\n                        <p class=""se_textarea""><!-- SE3-TEXT { --><span>그리고 오브엠 투명 기저귀 가방.. <br></span><span>오브엠 가방은 속이 비치기 때문에 여름에 비치백으로 쓰기 딱 좋은 것 같아요.<br></span><span>그리고 재질도 짱짱하니 좋은것이 올 여름 잘 쓸 수 있을 것 같네요.<br></span><span></span><!-- } SE3-TEXT --></p>\n                    ', '\n                        <p class=""se_textarea""><!-- SE3-TEXT { --><span>그리고 인천 베페하면 생각나는 꼬까신 신발 &gt;_&lt; 제가 베페 서포하면서 아기 신발 주는 곳은 여기밖에 없더라고요. 지난 인천 베페 때 우리 꼬마 생애 첫 신발이 이렇게 받은 꼬까신 신발이었는데..<br></span><span>이번에도 인천베페에서 새신발 하나 득템했네요.<br></span><span>색상도 예뻐서 우리 꼬마랑 잘 어울릴 것 같아요.<br></span><span></span><!-- } SE3-TEXT --></p>\n                    ', '\n                        <p class=""se_textarea""><!-- SE3-TEXT { --><span>그리고 지오퍼즐~~~<br></span><span>이번에 제가 받은 것은 애니멀이에요...<br></span><span>지오애니멀을 맞춰보면 세계 각 지역에 살고 있는 다양한 동물을 만날 수 있어요. <br></span><span>동물 공부도 하고 세계 지도 모양도 알 수 있는 일석이조의 제품이죠. &gt;_&lt;<br></span><span>게다가 퍼즐을 맞추는 재미까지.. 놀이하며 학습하는 교구 역할도 톡톡히 할 수 있는 제품이라 제가 참 좋아라 한다죠~<br></span><span></span><!-- } SE3-TEXT --></p>\n                    ', '\n                        <p class=""se_textarea""><!-- SE3-TEXT { --><span>루솔 푸딩과 포도쮸~<br></span><span>루솔 푸딩과 포도쮸는 진리죠.. 어른인 제가 먹어도 너무 맛있어서 사실 얼마전까지 우리 꼬마 안 줬거든요. 드디어 오늘 우리 꼬마가 처음으로 푸딩을 먹어봤어요.<br></span><span>한입 턱 먹더니 반응이 폭발적이었네요.. 맘마~ 맘마~를 연신 외치더라는...<br></span><span>앞으로 우리 꼬마 간식은 루솔 푸딩 너로 정했다!!<br></span><span></span><!-- } SE3-TEXT --></p>\n                    ', '\n                        <p class=""se_textarea""><!-- SE3-TEXT { --><span>인천베페 서포터즈팩 하면 떠오르는 것이 있는데 바로 발가락보따리죠. ㅋㅋㅋㅋ<br></span><span>이번 발가락보따리 양말은 사이즈도 넉넉하고 남자아이가 신으면 딱 괜찮을 색상이라 완전 만족하고 들고왔네요.<br></span><span></span><!-- } SE3-TEXT --></p>\n                    ', '\n                        <p class=""se_textarea""><!-- SE3-TEXT { --><span>신앙촌의 요구르트 런은 칼로리와 당이 다운된 제품으로 프로바이오틱스 유산균까지 풍부하다고 해요. 제가 요구르트 런을 좋아하는 편이라 받자마자 사진만 찍고 이미 제 뱃속으로 들어갔네요. ㅋ<br></span><span></span><!-- } SE3-TEXT --></p>\n                    ', '\n                        <p class=""se_textarea""><!-- SE3-TEXT { --><span>그리고 미세먼지 걱정되는 요즘 외출 시 마스크는 필수인데, 센스있게 마스크도 주셨어요. 입체형에 공기필터까지 있어서 굉장히 기능이 좋을 것 같은 느낌적인 느낌??? <br></span><span>미세먼지 많은 날 쓰고나가야겠어요. <br></span><span></span><!-- } SE3-TEXT --></p>\n                    ', '\n                        <p class=""se_textarea""><!-- SE3-TEXT { --><span>마더케이 지퍼백~~ 육아맘에게 지퍼백은 사랑이죠. ㅋㅋㅋㅋ<br></span><span>다다익선 아니겠어요. <br></span><span>게다가 아기용 지퍼백은 가격도 안 착해서 한장 쓸 때마다 후덜덜인데 지퍼백이 생겨서 완전 기분 좋습니다요~~<br></span><span><br></span><span></span><!-- } SE3-TEXT --></p>\n                    ', '\n                        <p class=""se_textarea""><!-- SE3-TEXT { --><span>리에또 빨대컵!! 빨대컵도 다다익선인 육아용품 가운데 하나죠. <br></span><span>빨대컵이 여러개이긴 하지만 추달린 빨대컵은 가진게 별로 없었는데 이번 기회에 새로 하나 들였습니다. +_+ 요건 바로 씻어서 우리 꼬마 줬어요. ㅋㅋ<br></span><span></span><!-- } SE3-TEXT --></p>\n                    ', '\n                        <p class=""se_textarea""><!-- SE3-TEXT { --><span>맘스데이 덧버선 3켤레.. 안그래도 저 이번 여름을 나기위해 덧버선을 사야겠구나 이러고 있었는데 마침 딱 넣어주셔서 돈 굳혔습니다. &gt;_&lt;<br></span><span>올 여름 맘스데이 덧버선 신고 시원하게 보내겠어요~<br></span><span></span><!-- } SE3-TEXT --></p>\n                    ', '\n                        <p class=""se_textarea""><!-- SE3-TEXT { --><span>베베라온스카프빕~ 저 스카프빕 완전사랑하는 거 어찌아시고 또 이렇게 넣어주셨을까요.. :)<br></span><span>베베라온 스카프빕 사용하고 있었는데 요고요고 크기도 적당하고 천도 부드러워서 굉장히 제가 좋아하는 제품이거든요. 베베라온스카프빕 하나 더 생겨서 만족스럽습니다.<br></span><span>여기까지가 인천베페 서포터즈팩 이랍니다. <br></span><span>이번 서포터즈팩도 이것저것 푸짐푸짐하게 한보따리 받을 수 있었네요.<br></span><span>역시 이 맛에 서포터즈 한다니까요. &gt;_&lt;<br></span><span>그럼 우리 7월에 코엑스에서 열리는 유교전에서 봐요~ 제발~~<br></span><span><br></span><span><br></span><span></span><!-- } SE3-TEXT --></p>\n                    ', '\n                        <p class=""se_textarea""><!-- SE3-TEXT { --><!-- } SE3-TEXT --></p>\n                    ']",[],[],"['\n                        <h3 class=""se_textarea"">\n                            <!-- -->송도 베이비페어 후기/ 소르베베힙시트 공짜로받은후기 / 베페경품<!-- -->\n                            \n                        </h3>\n                        \n                        \n\t                ', '\n                        <p class=""se_textarea""><!-- SE3-TEXT { --><span class=""__se3tag""><a class=""tag"" href=""/BlogTagView.nhn?blogId=soolovedh&amp;pushNavigation=true&amp;tagName=송도베이비페어"">#송도베이비페어</a></span><br><span class=""__se3tag""><a class=""tag"" href=""/BlogTagView.nhn?blogId=soolovedh&amp;pushNavigation=true&amp;tagName=인천베이비페어"">#인천베이비페어</a></span><br><span class=""__se3tag""><a class=""tag"" href=""/BlogTagView.nhn?blogId=soolovedh&amp;pushNavigation=true&amp;tagName=송도베페"">#송도베페</a></span> <br><br>기다리던 베이비 페어가 드디어 열렸어요~ <br>아기 유모차와 힙시트를 보려고 메모장에 적어두고,<br>행사하는 제품들도 체크해 두고,<br>아침일찍 나섰답니다 ~ <br><!-- } SE3-TEXT --></p>\n                    ', '\n                        <p class=""se_textarea""><!-- SE3-TEXT { --><br>9:20분 도착했는데 <br>줄이 어마어마 했어요,, <br>1등으로 오신분은 대체 몇시에 오신건지 ㅎㅎ<br><br>사람들이 너무 많아서 정신이 없었어요 ~ <br><!-- } SE3-TEXT --></p>\n                    ', '\n                        <p class=""se_textarea""><!-- SE3-TEXT { --><span class=""__se3tag""><a class=""tag"" href=""/BlogTagView.nhn?blogId=soolovedh&amp;pushNavigation=true&amp;tagName=소르베베"">#소르베베</a></span> 힙시트 <br>보러갔는데 <br>전 운좋게(?) 공짜로 득템했어요 ㅎ <br>(궁금하신 분들은 득템방법 댓글로 문의주세요 )<br><br>윰차좀 보려구 <span class=""__se3tag""><a class=""tag"" href=""/BlogTagView.nhn?blogId=soolovedh&amp;pushNavigation=true&amp;tagName=요요플러스"">#요요플러스</a></span> <br>부스에 갔는데, <br>핸들링은 기가막힌데, <br>안전바가 없어서 좀 불안해 보이더라구요, <br>그래서 구매는 안했답니다.. <br>휴대용 유모차 선택장애가 오고있어요 ㅠ<br><!-- } SE3-TEXT --></p>\n                    ', '\n                        <p class=""se_textarea""><!-- SE3-TEXT { -->해피프린스 너무 예쁘죠? <br>역시나 이곳에는 사람들이 많았어요 ~ <br>맨 왼쪽에서 두번째 세트<br>너무너무 제스타일~~ 세트에 6만원정도 하네요 ㅎ<!-- } SE3-TEXT --></p>\n                    ', '\n                        <p class=""se_textarea""><!-- SE3-TEXT { -->코호트를 이곳에서도 작성할 수 있네요 !<br>피 뽑으시는 임산부님들 많았어요, ㅎㅎ<!-- } SE3-TEXT --></p>\n                    ', '\n                        <p class=""se_textarea""><!-- SE3-TEXT { -->&nbsp;서아 돌잔치 예약한 <span class=""__se3tag""><a class=""tag"" href=""/BlogTagView.nhn?blogId=soolovedh&amp;pushNavigation=true&amp;tagName=파티파라나"">#파티파라나</a></span><br>돌잔치 예약도 받고 있구요 ~ <br>전 이미 예약완려라서 패스 ! <!-- } SE3-TEXT --></p>\n                    ', '\n                        <p class=""se_textarea""><!-- SE3-TEXT { --><span class=""__se3tag""><a class=""tag"" href=""/BlogTagView.nhn?blogId=soolovedh&amp;pushNavigation=true&amp;tagName=송도짐보리"">#송도짐보리</a></span><br>12월에 오픈한다죠? <br>수업설명 자세히 해주시네요 ~ <br>10개월부터 가능한 수업이 있대서 <br>전 내년부터 들어보려구요, <br>설문조사하구 간단한 장난감도 받고, cd도 받았어요<br><br>몇바퀴 돌다보니 4시간 정도 지났네요 ㅎㅎ <br>짐을 들고 집으로 고고싱.!! <!-- } SE3-TEXT --></p>\n                    ', '\n                        <p class=""se_textarea""><!-- SE3-TEXT { -->집에와서 서아 밥먹이구, <br>물건들을 풀어봅니다~~<br>이시간이 제일 뿌듯하고 즐겁죵ㅋㅋ<br>경품당첨으로 받은 세제, <br>공짜로 받은 소르베베 블랙라벨 알파 힙시트, <br>200명 선착순 리에또 보온죽통 ! <br>인천맘 인증하고 받은 비빔장 ㅋㅋ <br>그리구 책자, 기저귀 샘플 동요cd 등..<br>이렇게라도 살림에 보탬에 되어서 뿌듯하네요 ㅋㅋ<br>(신랑 보고있니.?) <br>휴 이제 집에서 휴식휴식 해야겠어요 ~ <br>아직 안가보신 님들 계시다면<br>금,토,일<br>아직 3일이 더 남았으니 가셔서 겟 하셔요~~ <br><br><!-- } SE3-TEXT --></p>\n                    ']",[],[],[],"['\n                        <h3 class=""se_textarea"">\n                            <!-- -->육아 8개월차, 겨울 출산준비물리스트 후기 [의류 / 침구류편]<!-- -->\n                            \n                        </h3>\n                        \n                        \n\t                ', '\n                        <p class=""se_textarea""><!-- SE3-TEXT { --><span class=""se_ff_nanummyeongjo""><br></span><span class=""se_ff_nanummyeongjo""><br></span><span class=""se_ff_nanummyeongjo"">2018년 1월 16일에 태어난 우리 아기가 어느덧 8개월차에 접어들었다.<br></span><span class=""se_ff_nanummyeongjo"">지금은 출산준비할 때 샀던 것들을 거의 사용하지 않는 시기가 되었지만-<br></span><span class=""se_ff_nanummyeongjo"">곧 출산을 앞두고 있는 시누이와 지인들을 위해&nbsp;</span><span class=""se_ff_nanummyeongjo"">8개월만에 다시 정리를 해본다.<br></span><span class=""se_ff_nanummyeongjo""><br></span><span class=""se_ff_nanummyeongjo""><br></span><span class=""se_ff_nanummyeongjo""><b>&lt;의류&gt;</b></span><span class=""se_ff_nanummyeongjo""></span><!-- } SE3-TEXT --></p>\n                    ', '\n                        <p class=""se_textarea""><!-- SE3-TEXT { --><span class=""se_ff_nanummyeongjo""><br></span><span class=""se_ff_nanummyeongjo""><b>&lt;침구류&gt;</b></span><!-- } SE3-TEXT --></p>\n                    ', '\n                        <p class=""se_textarea""><!-- SE3-TEXT { --><span class=""se_ff_nanummyeongjo""><br></span><span class=""se_ff_nanummyeongjo""><br></span><span class=""se_ff_nanummyeongjo""><br></span><span class=""se_ff_nanummyeongjo""><br></span><span class=""se_ff_nanummyeongjo"">곧 다음편으로 돌아와야지:)</span><!-- } SE3-TEXT --></p>\n                    ']",[],[],"['\n                        <h3 class=""se_textarea"">\n                            <!-- -->아기방수요 통풍 흡수 두가지가 핵심이에요<!-- -->\n                            \n                        </h3>\n                        \n                        \n\t                ', '\n                        <p class=""se_textarea""><!-- SE3-TEXT { --><span><br></span><span><br></span><!-- } SE3-TEXT --></p>\n                    ', '\n                        <blockquote class=""se_textarea""><!-- SE3-TEXT { -->아기방수요 통풍 흡수 두가지가 핵심이에요<!-- } SE3-TEXT --></blockquote>\n                    ', '\n                        <p class=""se_textarea""><!-- SE3-TEXT { --><span><br></span><span><br></span><span><br></span><span class=""se_fs_T4"">어느정도 영은이 낮시간동안 배변훈련이 마무리되가고 있는데요<br></span><span class=""se_fs_T4"">밤기저귀 떼는 연습을 하고 있는데<br></span><span class=""se_fs_T4"">이건 혹시나 애가 긴장하거나 거부감 느끼지 않을까<br></span><span class=""se_fs_T4"">조심스럽더라구요<br></span><span class=""se_fs_T4""><br></span><span class=""se_fs_T4"">그래도 밤기저귀 떼는 연습도 해야하니<br></span><span class=""se_fs_T4"">자기 전에 쉬야 한번 하고 재우는데<br></span><span class=""se_fs_T4"">그래도 밤에 실수 할때가 있더라구요<br></span><span class=""se_fs_T4""><br></span><span class=""se_fs_T4"">그래서 영은이 자는 자리에는 큰 방수요를 깔아놓는데<br></span><span class=""se_fs_T4"">이 아기방수요가 완전 애기때보다<br></span><span class=""se_fs_T4"">배변훈련할때 더 요긴하게 잘쓰이는거 같아요<br></span><span class=""se_fs_T4""><br></span><span class=""se_fs_T4""></span><!-- } SE3-TEXT --></p>\n                    ', '\n                        <p class=""se_textarea""><!-- SE3-TEXT { --><span class=""se_fs_T4""><br></span><span class=""se_fs_T4"">영은이 장현이 모두 유용하게 사용하고 있는<br></span><span class=""se_fs_T4"">리에또 아기방수요에요<br></span><span class=""se_fs_T4"">뒷장이 대형이고 앞에 보이는게 중형인데<br></span><span class=""se_fs_T4"">영은이 잠잘때는 대형을 사용하고<br></span><span class=""se_fs_T4"">장현이 기저귀 갈아줄때는 중형을 사용하고 있어요</span><span class=""se_fs_T4""><br></span><span class=""se_fs_T4"">용도에 맞게 사용하니 편하고 좋더라구요!<br></span><span class=""se_fs_T4""><br></span><span class=""se_fs_T4""></span><!-- } SE3-TEXT --></p>\n                    ', '\n                        <p class=""se_textarea""><!-- SE3-TEXT { --><span class=""se_fs_T4""><br></span><span class=""se_fs_T4"">러블리하고 귀여운 그레이톤의 코끼리가<br></span><span class=""se_fs_T4"">깜찍한 핑크, 옐로우, 그린색의 풍선을 들고있는데요<br></span><span class=""se_fs_T4"">디자인이 북유럽풍의 따뜻한 감서이여서 너무 맘에 들더라구요!<br></span><span class=""se_fs_T4""><br></span><span class=""se_fs_T4"">코끼리 디자인 말고도 토끼, 고래, 기린 등 총 6가지<br></span><span class=""se_fs_T4"">동물그림이 그려진 디자인이 있어서<br></span><span class=""se_fs_T4"">아기 취향에 맞게 엄마 취향에 맞게 선택할수 있어요<br></span><span class=""se_fs_T4""><br></span><span class=""se_fs_T4""><br></span><!-- } SE3-TEXT --></p>\n                    ', '\n                        <p class=""se_textarea""><!-- SE3-TEXT { --><span class=""se_fs_T4""><br></span><span class=""se_fs_T4"">리에또 아기방수요는 100% 국내제조로 KC 인증까지 받은<br></span><span class=""se_fs_T4"">안전한 제품으로 아기들 피부가 직접 닿아도<br></span><span class=""se_fs_T4"">걱정스럽지 않더라구요<br></span><span class=""se_fs_T4""><br></span><span class=""se_fs_T4"">사이즈는 중형 65x85cm / 대형 100x130cm에요<br></span><span class=""se_fs_T4"">한 사이즈만 준비하기 보다 2개 준비해놓으니<br></span><span class=""se_fs_T4"">용도에 맞게 사용할수 있어서 편해요<br></span><span class=""se_fs_T4""><br></span><span class=""se_fs_T4""></span><span class=""se_fs_T4""></span><span class=""se_fs_T4""></span><!-- } SE3-TEXT --></p>\n                    ', '\n                        <p class=""se_textarea""><!-- SE3-TEXT { --><span class=""se_fs_T4""><br></span><span class=""se_fs_T4"">뒷면은 PU 방수코팅으로 오염물이<br></span><span class=""se_fs_T4"">침대나 이불로 전달되지 않아서<br></span><span class=""se_fs_T4"">오염됐을때 아기방수요만 빨래하면 돼요<br></span><span class=""se_fs_T4""><br></span><span class=""se_fs_T4"">디자인도 예뻐서 지인들 출산선물로 준비해줘도<br></span><span class=""se_fs_T4"">부담되지 않고 좋을것 같구요<br></span><span class=""se_fs_T4""><br></span><span class=""se_fs_T4""></span><!-- } SE3-TEXT --></p>\n                    ', '\n                        <p class=""se_textarea""><!-- SE3-TEXT { --><span class=""se_fs_T4""><br></span><span class=""se_fs_T4"">대형은 뒤쪽에 고정시킬수 있는 고무밴드가 있어서<br></span><span class=""se_fs_T4"">아이가 뒤척거려도 쉽게 움직이지 않게 고정할수 있어요<br></span><span class=""se_fs_T4""><br></span><span class=""se_fs_T4""></span><!-- } SE3-TEXT --></p>\n                    ', '\n                        <p class=""se_textarea""><!-- SE3-TEXT { --><span class=""se_fs_T4""><br></span><span class=""se_fs_T4"">리에또 아기방수요에서 편안하게 꿀잠 드신 영은이에요<br></span><span class=""se_fs_T4"">낮에는 완벽하게 대소변을 가리는데<br></span><span class=""se_fs_T4"">아직 밤에는 실수가 많아서 스스로도 <br></span><span class=""se_fs_T4"">긴장되고 힘들텐데 <br></span><span class=""se_fs_T4"">그래도 편안한 아기방수요 하나 있으니 엄마 마음은 든든하네요 :)<br></span><span class=""se_fs_T4""><br></span><span class=""se_fs_T4"">용도별로 다양하게 사용할수 있는 아기방수요<br></span><span class=""se_fs_T4"">리에또에서 준비하세요!<br></span><span class=""se_fs_T4""><br></span><span class=""se_fs_T4""><br></span><span class=""se_fs_T4""><br></span><span class=""se_fs_T4"">&lt;업체로부터 제품만 무상제공받고 작성한 후기입니다&gt;</span><span class=""se_fs_T4""></span><!-- } SE3-TEXT --></p>\n                    ']",[],"['\n                        <h3 class=""se_textarea"">\n                            <!-- -->첫날 인천베이비&amp;키즈페어 다녀왔어요 :)<!-- -->\n                            \n                        </h3>\n                        \n                        \n\t                ', '\n                        <p class=""se_textarea""><!-- SE3-TEXT { -->안녕하세요~<br>육아중인일산댁입니다.<br>갑자기 추워진 날씨에 건강은 무탈하신가요??<br>일산댁은 어제 공주를<br>친정어머니랑 데이트하게 하고<br>혼자 자유의 몸으로 송도컨벤시아 다녀왔습니다 :)<!-- } SE3-TEXT --></p>\n                    ', '\n                        <p class=""se_textarea""><!-- SE3-TEXT { -->너무 일찍가서 추운 날씨와<br>사투를 벌였어요~<br>출근시간이랑 안 겹치고 싶어서 <br>새벽같이 나갔더니 ㅠㅡㅠ<!-- } SE3-TEXT --></p>\n                    ', '\n                        <p class=""se_textarea""><!-- SE3-TEXT { -->무튼, 지금부터 17번째 로맨스<br>인천베이비&amp;키즈페어 후기를 남겨보겠습니다.<br><br><!-- } SE3-TEXT --></p>\n                    ', '\n                        <p class=""se_textarea""><!-- SE3-TEXT { -->이른 시간이라서<br>청소를 도와주시는 분들이<br>분주하게 움직이고 계셨어요~<br><br>목요일은 1홀로 입장할 것 같아서<br>1홀 의자에 앉아서 사진을 찰칵!!<br>기다리는 동안 다른 곳도 사진을 찍어 봤어요.<!-- } SE3-TEXT --></p>\n                    ', '\n                        <p class=""se_textarea""><!-- SE3-TEXT { -->셔틀버스 시간표랑<br>부스배치도를 찰칵!<br>핸드폰으로 찍구 다녔더니<br>뭐하는 사람인가 처다보셔서<br>다시 의자에 착석 ㅋㅋㅋ<br><br>시간이 좀 흐르니 방문하는 분들이 늘어났어요~<br>그래서 본격적으로 사진 촬영했습니다.<br><br>입장하기 전 기다리는 로비(?)에는<br>유모차 대여소 , 현장등록안내소, 사전등록 입장안내소, 매표소 등이 있었어요~<!-- } SE3-TEXT --></p>\n                    ', '\n                        <p class=""se_textarea""><!-- SE3-TEXT { -->방문한 분들이 대부분 사전등록을 하고 오셔서<br>매표소는 너무너무 한적했어요~<br>육아중인일산댁과 함께하신분들도<br>5000원 아끼셨죠??<br><br>사전등록을 하고 갔더니<br>쿠폰북을 주셨어요~~<!-- } SE3-TEXT --></p>\n                    ', '\n                        <p class=""se_textarea""><!-- SE3-TEXT { -->다양한 업체에서 쿠폰북을 활용할 수 있게<br>되어 있네여~ <br>드리고 입장팔찌!!<br>입장팔찌를 나갈 때 박스에 넣으면<br>행운권 이벤트에 자동으로 응모된데요~~<br><br><!-- } SE3-TEXT --></p>\n                    ', '\n                        <p class=""se_textarea""><!-- SE3-TEXT { -->시간이 흐를수록 더 많은 분들이 줄을 서서<br>입장을 기다리셨어요~<!-- } SE3-TEXT --></p>\n                    ', '\n                        <p class=""se_textarea""><!-- SE3-TEXT { -->두근두근<br>10시 땡!!!<br>선착순 이벤트 티켓을 받고 입장합니다~<!-- } SE3-TEXT --></p>\n                    ', '\n                        <p class=""se_textarea""><!-- SE3-TEXT { -->제가 첫날 1번이었어요 @&gt;_&lt;@<br>차 막히는거 싫어서<br>너무 빨리갔나바요 ㅡ.ㅡ;;;<br>입장해서 부스 구경하고<br>경품교환하러 갔어요.<!-- } SE3-TEXT --></p>\n                    ', '\n                        <p class=""se_textarea""><!-- SE3-TEXT { -->밑에 부스 배치도를 보면<br>입장해서 무조건 직진하면<br>카페테리아 왼쪽에 <br>이벤트 부스가 보여요 ^^<br><br><!-- } SE3-TEXT --></p>\n                    ', '\n                        <p class=""se_textarea""><!-- SE3-TEXT { -->목요일 선착순 선물은<br>오른쪽 밑에 사진의 주인공<br><span class=""__se3tag""><a class=""tag"" href=""/BlogTagView.nhn?blogId=firsttrust&amp;pushNavigation=true&amp;tagName=리에또"">#리에또</a></span> 베이비 트라이탄 빨대컵 <br>이었어요 *^^*<br>저는 파랑색 빨대컵 득하였습니다~<!-- } SE3-TEXT --></p>\n                    ', '\n                        <p class=""se_textarea""><!-- SE3-TEXT { -->그리고 <br>30만원 구입한 영수증을 갖고<br>룰렛을 돌려보았습니다~<br>있는 힘껏 돌렸는데<br>간발의 차로 지나갔어요 ㅠㅡㅠ<!-- } SE3-TEXT --></p>\n                    ', '\n                        <p class=""se_textarea""><!-- SE3-TEXT { -->그래도 기본경품 받았습니다.<br>기본경품도 금액대별로 달랐는데요. <br>뽑았더니 슈베스물티슈가 나왔어요.<br><br><!-- } SE3-TEXT --></p>\n                    ', '\n                        <p class=""se_textarea""><!-- SE3-TEXT { -->사람이 너무 많았던 첫날 오전이라<br>부스사진을 많이 찍지는 못했어요 ㅠㅡㅠ<br>돌아다니기는 엄청 다녔는데<br>구경하고 구매하느라<br>사진찍을 생각을 못했네요. <!-- } SE3-TEXT --></p>\n                    ', '\n                        <p class=""se_textarea""><!-- SE3-TEXT { -->그래도 부스찍은 사진 몇장 올려봅니다.<!-- } SE3-TEXT --></p>\n                    ', '\n                        <p class=""se_textarea""><!-- SE3-TEXT { --><span class=""__se3tag""><a class=""tag"" href=""/BlogTagView.nhn?blogId=firsttrust&amp;pushNavigation=true&amp;tagName=슈베스"">#슈베스</a></span> : 땡땡이 기저귀로 알려져 있지요?!<br>인천베이비키즈페어에서 저렴하게<br>구매할 수 있다고 합니다~<!-- } SE3-TEXT --></p>\n                    ', '\n                        <p class=""se_textarea""><!-- SE3-TEXT { --><span class=""__se3tag""><a class=""tag"" href=""/BlogTagView.nhn?blogId=firsttrust&amp;pushNavigation=true&amp;tagName=알로앙베이비"">#알로앙베이비</a></span> : 이번에 신상이 엄청 나왔더라고요.<br>공주님이 겨울에 입을 신상을 몇벌 구매해 왔습니다.<!-- } SE3-TEXT --></p>\n                    ', '\n                        <p class=""se_textarea""><!-- SE3-TEXT { -->그리고 이번에 눈에 띄게 늘어난 <br>유모차브랜드 :)<br><span class=""__se3tag""><a class=""tag"" href=""/BlogTagView.nhn?blogId=firsttrust&amp;pushNavigation=true&amp;tagName=두나"">#두나</a> </span><span class=""__se3tag""><a class=""tag"" href=""/BlogTagView.nhn?blogId=firsttrust&amp;pushNavigation=true&amp;tagName=프론토웨건"">#프론토웨건</a></span> <br>우리 공주 휴대용 유모차를 바꿔야해서<br>유심히 보다가 사진찍는 걸<br>까묵 ㅠㅡㅜ<br><br><!-- } SE3-TEXT --></p>\n                    ', '\n                        <p class=""se_textarea""><!-- SE3-TEXT { -->마지막으로 서포터즈백을<br>공개합니다~~!!<br>자세한 서포터즈백 구성은<br>다음 포스팅에 올릴께요 *^^*<br><br><!-- } SE3-TEXT --></p>\n                    ', '\n                        <p class=""se_textarea""><!-- SE3-TEXT { -->\'육아중인일산댁입니다 17회 로맨스 인천베이비키즈페어 서포터즈로 활동하면서 작성하였습니다.\'<br><br><br><br><!-- } SE3-TEXT --></p>\n                    ']",[],"['\n                        <h3 class=""se_textarea"">\n                            <!-- -->아기 방수패드 침흘리는 6개월아기 필수템~<!-- -->\n                            \n                        </h3>\n                        \n                        \n\t                ', '\n                        <p class=""se_textarea""><!-- SE3-TEXT { --><span class=""se_fs_T4""><br></span><span class=""se_fs_T4"">6개월 은우. 요즘 침을 너무 많이 흘려요 ㅋㅋㅋ<br></span><span class=""se_fs_T4"">잠깐 한눈 팔다가 돌아보면 입 주변이랑 매트가 축축축 ~~<br></span><span class=""se_fs_T4"">그래서 요즘은 아기 방수패드 깔아주고 있답니다.<br></span><span class=""se_fs_T4"">얇아서 빨리 마르니까.. 자주 빨아주기에도 좋고<br></span><span class=""se_fs_T4"">피부가 예민한 편인 은우가 바닥에 얼굴 비빌 때도 조금 안심이 되더라구요.</span><span class=""se_fs_T4""></span><span class=""se_fs_T4""></span><span class=""se_fs_T4""></span><!-- } SE3-TEXT --></p>\n                    ', '\n                        <p class=""se_textarea""><!-- SE3-TEXT { --><span class=""se_fs_T4"">리에또 베이비 아기 방수패드에요.<br></span><span class=""se_fs_T4"">100% 국내산 순면으로 만들어진 신생아 방수요랍니다.<br></span><span class=""se_fs_T4"">사이즈도 두가지로 활용도가 높아요~</span><span class=""se_fs_T4""><br></span><span class=""se_fs_T4""><span style=""color: rgb(99, 99, 99);"">대형100X130cm / </span><span style=""color: rgb(99, 99, 99);"">중형65X85cm<br></span><span style=""color: rgb(99, 99, 99);""><br></span><span style=""color: rgb(99, 99, 99);""></span></span><span class=""se_fs_T4"" style=""color: rgb(0, 0, 0);""><span style=""color: rgb(0, 0, 0);"">중형은 신생아때부터 깔아주기 좋은 앙증맞은 사이즈 !<br></span><span style=""color: rgb(0, 0, 0);"">대형은 아기침대에 깔아주니 사이즈 딱 맞더라구요~</span></span><span class=""se_fs_T4""><span style=""color: rgb(99, 99, 99);""></span></span><!-- } SE3-TEXT --></p>\n                    ', '\n                        <p class=""se_textarea""><!-- SE3-TEXT { --><span class=""se_fs_T4"">리에또 베이비 유아용품도 예쁜게 많이 나오더라구요~<br></span><span class=""se_fs_T4"">방수요로 처음 알게되었는데 다른 제품도 기대가 되는 ㅎ</span><!-- } SE3-TEXT --></p>\n                    ', '\n                        <p class=""se_textarea""><!-- SE3-TEXT { --><span class=""se_fs_T4"">대형 펼쳐보니 사이즈가 꽤 크더라구요 ~<br></span><span class=""se_fs_T4"">집에있던 은우 쿨매트보다도 넓었던 :)<br></span><span class=""se_fs_T4""><br></span><span class=""se_fs_T4"">은우야 뉴 아이템이야 ! ㅎㅎㅎ<br></span><span class=""se_fs_T4"">이제 맘껏 얼굴을 비벼도 되겠어~ ㅎㅎ</span><!-- } SE3-TEXT --></p>\n                    ', '\n                        <p class=""se_textarea""><!-- SE3-TEXT { --><span class=""se_fs_T4"">중형과 대형을 같이 놓아봤어요~<br></span><span class=""se_fs_T4"">상대적으로 중형이 많이 작아보이지만 ~~ <br></span><span class=""se_fs_T4"">은우 재우는 자리에 깔아주니 딱 좋더라구요.<br></span><span class=""se_fs_T4""></span><!-- } SE3-TEXT --></p>\n                    ', '\n                        <p class=""se_textarea""><!-- SE3-TEXT { --><span class=""se_fs_T4"">앞면은 순면으로 올록볼록 누빔이 들어가있구요~</span><!-- } SE3-TEXT --></p>\n                    ', '\n                        <p class=""se_textarea""><!-- SE3-TEXT { --><span class=""se_fs_T4"">뒷면은 방수처리가 되어있어요~<br></span><span class=""se_fs_T4"">보통 방수패드가 바스락거리는 소리가 나서 신경이 쓰이는데..<br></span><span class=""se_fs_T4"">요 제품은 앞면이 면이어서 그런지 부드럽고 소리가 나지않아서 마음에 들더라구요.<br></span><span class=""se_fs_T4""><br></span><span class=""se_fs_T4"">대형은 침대에 걸 수 있는 엘라스틱 밴드도 같이 달려있어서~<br></span><span class=""se_fs_T4"">밀림없이 사용할 수 있겠더라는 ~</span><!-- } SE3-TEXT --></p>\n                    ', '\n                        <p class=""se_textarea""><!-- SE3-TEXT { --><span class=""se_fs_T4"">세탁하고 은우 눕혀봤어요~<br></span><span class=""se_fs_T4"">아직 기어다니지를 못해서 ~ 뒤집고 되집고하면서 침 묻히는게 일상인데<br></span><span class=""se_fs_T4"">이제 침 좀 흘리셔도 되겠어요 ㅎㅎㅎ</span><span class=""se_fs_T4""></span><!-- } SE3-TEXT --></p>\n                    ', '\n                        <p class=""se_textarea""><!-- SE3-TEXT { --><span class=""se_fs_T4"">기린이랑 꽁냥꽁냥 ~ ㅎㅎ<br></span><span class=""se_fs_T4"">방수요가 얇아서 가장자리가 살짝 말려올라가긴 하더라구요.</span><!-- } SE3-TEXT --></p>\n                    ', '\n                        <p class=""se_textarea""><!-- SE3-TEXT { --><span class=""se_fs_T4"">활동하는데 깔아주니 은우 움직임에 자꾸 밀려서 ㅋㅋ<br></span><span class=""se_fs_T4"">잠자리에 깔아주기로 :)</span><!-- } SE3-TEXT --></p>\n                    ', '\n                        <p class=""se_textarea""><!-- SE3-TEXT { --><span class=""se_fs_T4"">침대 은우자리에 깔아주고~ 낮잠 쿨쿨 자는 중 :)<br></span><span class=""se_fs_T4"">이렇게 평온했는데 잠시 후에 엄청난 일이 벌어졌다는거 ㅋㅋㅋ</span><!-- } SE3-TEXT --></p>\n                    ', '\n                        <p class=""se_textarea""><!-- SE3-TEXT { --><span class=""se_fs_T4"">두둥.ㅋㅋㅋㅋㅋㅋㅋㅋ</span><!-- } SE3-TEXT --></p>\n                    ', '\n                        <p class=""se_textarea""><!-- SE3-TEXT { --><span class=""se_fs_T4"">엄마 방수패드 깐거 어찌알고.... 똥테러를 ????ㅋㅋ<br></span><span class=""se_fs_T4"">기저귀가 작아졌는지 자고일어나서 응가를 했는데~~ 뒤집어서 온통 다 샜더라구요<br></span><span class=""se_fs_T4"">그런데 다행히도 방수요 안쪽으로만 묻었...ㅎㅎ</span><!-- } SE3-TEXT --></p>\n                    ', '\n                        <p class=""se_textarea""><!-- SE3-TEXT { --><span class=""se_fs_T4"">엄마 침대 패드도 새로 갈은 거였는데.. 이불 빨래 안만들어줘서 넘나 감사 ㅋㅋㅋ<br></span><span class=""se_fs_T4"">가끔 뒤척임이 심하거나.. 기저귀가 잘못 채워졌을 때 ? <br></span><span class=""se_fs_T4"">새는 일도 종종 있었는데.. 아기 방수패드 위에서 재우니 걱정 안해도 될 것 같더라구요<br></span><span class=""se_fs_T4"">똥테러에도 멀쩡한 방수요 !! <br></span><span class=""se_fs_T4"">이것이 제대로 리얼 후기 ㅋㅋㅋ <br></span><span class=""se_fs_T4""><br></span><span class=""se_fs_T4"">바로 세탁했는데~ 얼룩도 남지않고 아주 잘 지워졌어요 :)</span><span class=""se_fs_T4""></span><!-- } SE3-TEXT --></p>\n                    ', '\n                        <p class=""se_textarea""><!-- SE3-TEXT { --><span class=""se_fs_T4"">큰사이즈는 은채 침대패드로 깔아주기로 :)<br></span><span class=""se_fs_T4"">실수를 할 나이는 아니지만.. ㅎ <br></span><span class=""se_fs_T4"">기존에 있던 패드가 잘 밀리곤해서 방수요 깔아줬는데 사이즈도 딱 맞고 좋더라구요.</span><!-- } SE3-TEXT --></p>\n                    ', '\n                        <p class=""se_textarea""><!-- SE3-TEXT { --><span class=""se_fs_T4"">고정밴드로 매트리스 밑에 고정해두니 넘나 편한거~</span><!-- } SE3-TEXT --></p>\n                    ', '\n                        <p class=""se_textarea""><!-- SE3-TEXT { --><span class=""se_fs_T4"">더 아늑해진 잠자리 !<br></span><span class=""se_fs_T4"">사이즈 어쩜 맞춤이라능 ~ㅎㅎ<br></span><span class=""se_fs_T4""><br></span><span class=""se_fs_T4"">100% 국내산 순면으로 흡수력과 발수력이 높은 방수패드!<br></span><span class=""se_fs_T4"">땀이 많은 아이들에게 쾌적한 잠자리를 만들어 줄 수 있어요~</span><!-- } SE3-TEXT --></p>\n                    ', '\n                        <p class=""se_textarea""><!-- SE3-TEXT { --><span class=""se_fs_T4"">누나 출근해서 ㅋㅋ 은우 눕혀봤어용 ~</span><!-- } SE3-TEXT --></p>\n                    ', '\n                        <p class=""se_textarea""><!-- SE3-TEXT { --><span class=""se_fs_T4"">누워서 혼자 노는중~~<br></span><span class=""se_fs_T4"">나중에 은우 기저귀 뗄 때도 알차게 쓸 것 같아요 ㅎ<br></span><span class=""se_fs_T4"">은채누나때 이불 빨래 많이했는데.. 너는 그르지말자 ㅋㅋ</span><!-- } SE3-TEXT --></p>\n                    ', '\n                        <p class=""se_textarea""><!-- SE3-TEXT { --><span class=""se_fs_T4"">뒤집뒤집~</span><!-- } SE3-TEXT --></p>\n                    ', '\n                        <p class=""se_textarea""><!-- SE3-TEXT { --><span class=""se_fs_T4"">엄마보고 빵끗 ♡<br></span><span class=""se_fs_T4"">역시 남자는 핑크지 ㅋㅋㅋㅋ <br></span><!-- } SE3-TEXT --></p>\n                    ', '\n                        <p class=""se_textarea""><!-- SE3-TEXT { --><span class=""se_fs_T4"">뒤집어서 침 뚝뚝 흘려도 안심 :)</span><!-- } SE3-TEXT --></p>\n                    ', '\n                        <p class=""se_textarea""><!-- SE3-TEXT { --><span class=""se_fs_T4"">오늘도 방수패드 위에서 낮잠자고 잘 일어났네용 ♡<br></span><span class=""se_fs_T4"">부드럽고 얇아서 더 좋았던 아기방수요 리에또 베이비.<br></span><span class=""se_fs_T4"">접으면 부피도 작아서 휴대하고 다니기도 좋을 것 같아요~~ <br></span><span class=""se_fs_T4""><br></span><span class=""se_fs_T4"">침 많이 흘리는 은우 필수템 인정 !ㅎㅎ</span><span class=""se_fs_T4""><br></span><span class=""se_fs_T4""></span><!-- } SE3-TEXT --></p>\n                    ']","['\n                        <h3 class=""se_textarea"">\n                            <!-- -->용산 미베 베이비엑스포 첫날 관람후기<!-- -->\n                            \n                        </h3>\n                        <!-- [D] 부제영역은 지식백과에서만 사용되지만 포스트 엔드에 마크업은 잔존하게 됩니다 기본적으로 se_terms_subtitle 요소는 display:none입니다 -->\n                        \n\t                ', '\n                        <blockquote class=""se_textarea""><!-- SE3-TEXT { -->용산 미베 베이비엑스포 <br>첫날 관람후기<!-- } SE3-TEXT --></blockquote>\n                    ', '\n                        <p class=""se_textarea""><!-- SE3-TEXT { --><span class=""se_fs_T2"" style=""color: rgb(240, 44, 140);""><b>3월 23일(목)~3월 26(일)</b></span><span class=""se_fs_T2"" style=""color: rgb(240, 44, 140);""><br></span><span class=""se_fs_T2"" style=""color: rgb(0, 0, 0);""><b>오전 10시~오후6시까지</b></span><span class=""se_fs_T2"" style=""color: rgb(0, 0, 0);""><br></span><span class=""se_fs_T2"" style=""color: rgb(240, 44, 140);""><b>용산 전쟁기념관(4,6호선 삼가지역)</b></span><span class=""se_fs_T2"" style=""color: rgb(240, 44, 140);""><br></span><span class=""se_fs_T2"" style=""color: rgb(0, 0, 0);""><b>입장료 5천원 </b><br></span><span class=""se_fs_T2"" style=""color: rgb(0, 0, 0);""><b>(미베 회원가입시 평생 무료~!)</b></span><!-- } SE3-TEXT --></p>\n                    ', '\n                        <p class=""se_textarea""><!-- SE3-TEXT { --><span class=""se_fs_T3"" style=""color: rgb(0, 0, 0);"">드디어 기다리고 기다리던<br></span><span class=""se_fs_T3"" style=""color: rgb(0, 0, 0);""> 용산 베이비엑스포로 출발~!<br>오전 일찍 출발하는 이유는 다들 아시죠?<br></span><span class=""se_fs_T3"" style=""color: rgb(0, 0, 0);""><b>일찍 갈수록 용산 베이비엑스포는 </b><br></span><span class=""se_fs_T3"" style=""color: rgb(0, 0, 0);""><b>혜택이 많답니다^^</b><br></span><span class=""se_fs_T3"" style=""color: rgb(0, 0, 0);"">날씨도 맑고 아침에 나오니 <br></span><span class=""se_fs_T3"" style=""color: rgb(0, 0, 0);"">기분까지 상쾌하더라구요~</span><!-- } SE3-TEXT --></p>\n                    ', '\n                        <p class=""se_textarea""><!-- SE3-TEXT { --><span style=""color: rgb(0, 0, 0);"">6호선을 타고 <br></span><span style=""color: rgb(0, 0, 0);"">삼각지역 12번 출구로 나와보니<br></span><span style=""color: rgb(0, 0, 0);"">이렇게 가는 곳마다 표지판이 있어<br></span><span style=""color: rgb(0, 0, 0);"">용산 전쟁기념관 찾기 어렵지 않아요~!</span><!-- } SE3-TEXT --></p>\n                    ', '\n                        <p class=""se_textarea""><!-- SE3-TEXT { --><span style=""color: rgb(0, 0, 0);"">제가 생각했을때<br></span><span style=""color: rgb(0, 0, 0);""> 빨리 왔다고 생각했는데 <br></span><span style=""color: rgb(0, 0, 0);"">벌써 많은 분들이 와 계시더라구요~<br></span><span style=""color: rgb(0, 0, 0);"">선착순 선물때문인지^^<br></span><span style=""color: rgb(0, 0, 0);""><br></span><span style=""color: rgb(0, 0, 0);""><b>미베 베이비엑스포에 </b><br><span class=""se_fs_T3"" style=""color: rgb(0, 0, 0);""><b>다녀오신 분들은 아실 거예요~!</b><br></span></span><span style=""color: rgb(240, 44, 140);""><span class=""se_fs_T3"" style=""color: rgb(0, 0, 0);""><span class=""se_fs_T3"" style=""color: rgb(240, 44, 140);""><b>참가업체 이벤트와 미베 이벤트를</b><br></span><span class=""se_fs_T3"" style=""color: rgb(240, 44, 140);""><b> 잘 이용하신다면 </b><br></span></span></span><span><span class=""se_fs_T3"" style=""color: rgb(0, 0, 0);""><b>정말 착한 가격에 육아 출산용품을 </b><br></span><span class=""se_fs_T3"" style=""color: rgb(0, 0, 0);""><b>사실 수 있다는 사실을^^</b></span></span><span></span><br><!-- } SE3-TEXT --></p>\n                    ', '\n                        <p class=""se_textarea""><!-- SE3-TEXT { --><span class=""se_fs_T2"" style=""color: rgb(0, 146, 230);""><b><b>[입장안내]</b><br></b></span><span style=""color: rgb(0, 0, 0);"">미베 베이비엑스포에 </span><span style=""color: rgb(0, 0, 0);""><br></span><span style=""color: rgb(0, 0, 0);"">입장하시는 방법 다들 아시겠지만 <br></span><span style=""color: rgb(0, 0, 0);""><b>미베 초청장이 있으시거나</b><br></span><span style=""color: rgb(0, 0, 0);"">저처럼 미베 홈페이지에 가입되어<br></span><span style=""color: rgb(0, 0, 0);"">있는 </span><span style=""color: rgb(0, 0, 0);""><b>사전 등록자,</b><br></span><span style=""color: rgb(0, 0, 0);""><b>티몬에서 입장권 구매자</b><br></span><span style=""color: rgb(0, 0, 0);""><b>제휴 카드 무료입장 </b><br></span><span style=""color: rgb(0, 0, 0);""><b>제휴 어플 무료입장</b></span><span style=""color: rgb(0, 0, 0);"">의 방법이 있답니다<br></span><span style=""color: rgb(0, 0, 0);""><span style=""color: rgb(0, 0, 0);""><span style=""color: rgb(0, 0, 0);""><b>문자, 초청장 미소지하신 분들은 </b><br></span><span style=""color: rgb(0, 0, 0);""><b>입장권 5천 원을 구매하신 후 </b><br></span><span style=""color: rgb(0, 0, 0);""><b>입장</b></span></span></span><span style=""color: rgb(0, 0, 0);""><span style=""color: rgb(0, 0, 0);"">하실 수 있답니다 <br></span><span style=""color: rgb(0, 0, 0);""></span></span><span style=""color: rgb(0, 0, 0);""><span style=""color: rgb(0, 0, 0);""><b>미베 홈페이지 회원가입하시면 </b><br></span><span style=""color: rgb(0, 0, 0);""><b>무료라는 사실~!잊지 마세요^^</b></span></span><span></span><span><br></span><!-- } SE3-TEXT --></p>\n                    ', '\n                        <p class=""se_textarea""><!-- SE3-TEXT { --><span style=""color: rgb(0, 0, 0);"">미베 가이드북을 나눠주셨는데 <br></span><span style=""color: rgb(0, 0, 0);"">참가업체 부스 배치도가 <br></span><span style=""color: rgb(0, 0, 0);""></span><span style=""color: rgb(0, 0, 0);"">자세히 나와있고 미베 이벤트도 <br></span><span style=""color: rgb(0, 0, 0);"">나와 있답니다~!</span><span style=""color: rgb(0, 0, 0);""><br></span><!-- } SE3-TEXT --></p>\n                    ', '\n                        <p class=""se_textarea""><!-- SE3-TEXT { --><span class=""se_fs_T2"" style=""color: rgb(0, 146, 230);""><b><b><b>용산 베이비엑스포 SNS 인증 이벤트</b><br></b></b></span><span style=""color: rgb(0, 0, 0);"">저는 입장하자마자 경품지급처로 가서<br></span><span style=""color: rgb(0, 0, 0);"">SNS 인증 이벤트 완료^^</span><span><span style=""color: rgb(0, 0, 0);""><br></span></span><span><span style=""color: rgb(0, 0, 0);""><span class=""__se3tag""><a class=""tag"" href=""/BlogTagView.nhn?blogId=juran80&amp;pushNavigation=true&amp;tagName=용산베이비엑스포"">#용산베이비엑스포</a></span> </span></span><span><span style=""color: rgb(0, 0, 0);"">또는 </span></span><span><span style=""color: rgb(0, 0, 0);""><span class=""__se3tag""><a class=""tag"" href=""/BlogTagView.nhn?blogId=juran80&amp;pushNavigation=true&amp;tagName=베이비엑스포"">#베이비엑스포</a></span></span></span><span style=""color: rgb(0, 0, 0);""><span style=""color: rgb(0, 0, 0);""><br></span></span><span style=""color: rgb(0, 0, 0);""><span style=""color: rgb(0, 0, 0);""></span><span style=""color: rgb(0, 0, 0);"">해시태그하시고 <br>미베 박람회 현장 올려주시면 </span><br></span><span><span style=""color: rgb(0, 0, 0);"">이렇게 띠땅 물티슈 받으실 수 있어요<br></span></span><span><br></span><span class=""se_fs_T2"" style=""color: rgb(0, 146, 230);""><b>구매고객 이벤트</b><br></span><span style=""color: rgb(0, 0, 0);"">10만원 이상 구매고객분들께<br></span><span style=""color: rgb(0, 0, 0);""> 미베 상품권 5천원권을 드린답니다<br></span><span style=""color: rgb(0, 0, 0);"">매일 100명 선착순이기 때문에<br></span><span style=""color: rgb(0, 0, 0);"">구매하시게 된다면 바로<br></span><span style=""color: rgb(0, 0, 0);""> 경품지급처로 가시길 바래요^^</span><!-- } SE3-TEXT --></p>\n                    ', '\n                        <p class=""se_textarea""><!-- SE3-TEXT { --><span style=""color: rgb(0, 0, 0);"">티몬에서 미베 상품권 5천원권을<br></span><span style=""color: rgb(0, 0, 0);""> 3500원에 판매<br></span><span style=""color: rgb(0, 0, 0);"">저는 그때 얼른 구매했답니다 <br></span><span style=""color: rgb(0, 0, 0);"">품절될 수 있기에^^<br></span><span style=""color: rgb(0, 0, 0);""><b>상품권 교환처에서 </b></span><span style=""color: rgb(0, 0, 0);""><b>티몬에서 구매했던 </b><br></span><span style=""color: rgb(0, 0, 0);""><b>미베 상품권을 받을 수 있답니다</b></span><span style=""color: rgb(0, 0, 0);""><br></span><!-- } SE3-TEXT --></p>\n                    ', '\n                        <p class=""se_textarea""><!-- SE3-TEXT { --><span style=""color: rgb(0, 0, 0);"">문자나&nbsp;구매상품 화면을&nbsp;보여주시면 이렇게 <br></span><span style=""color: rgb(0, 0, 0);"">미베 상품권으로 교환이 가능하세요^^<br></span><span style=""color: rgb(0, 0, 0);"">미베 상품권을 구매하면 무료입장권도 주신답니다</span><br><!-- } SE3-TEXT --></p>\n                    ', '\n                        <p class=""se_textarea""><!-- SE3-TEXT { --><span style=""color: rgb(0, 0, 0);"">전쟁기념관 옆에 보시면 <br></span><span style=""color: rgb(0, 0, 0);"">이렇게 쉴 수 있는 공간이 있답니다<br></span><span style=""color: rgb(0, 0, 0);"">선착순 선물 기다리는 동안 <br></span><span style=""color: rgb(0, 0, 0);"">바로 옆이기때문에 의자를 많이 가져와<br></span><span style=""color: rgb(0, 0, 0);"">앉아계시더라구요^^</span><!-- } SE3-TEXT --></p>\n                    ', '\n                        <p class=""se_textarea""><!-- SE3-TEXT { --><span style=""color: rgb(0, 0, 0);"">드디어 일찍 간 보람이~!<br></span><span style=""color: rgb(0, 0, 0);"">31번째로&nbsp; 선착순 선물 <br></span><span style=""color: rgb(0, 0, 0);"">화음 토끼 인형을 받게 되었어요ㅎ<br></span><span style=""color: rgb(0, 0, 0);"">우리 첫째 정말 좋아할 거 같더라구요 </span><span><br></span><!-- } SE3-TEXT --></p>\n                    ', '\n                        <p class=""se_textarea""><!-- SE3-TEXT { --><span style=""color: rgb(0, 0, 0);"">일찍 왔음에도 생각보다 <br></span><span style=""color: rgb(0, 0, 0);"">많은 분들이 오셨더라구요<br></span><!-- } SE3-TEXT --></p>\n                    ', '\n                        <p class=""se_textarea""><!-- SE3-TEXT { --><span class=""se_fs_T2"" style=""color: rgb(0, 146, 230);""><span><span style=""color: rgb(0, 0, 0);""><span style=""color: rgb(0, 0, 0);""><b><span class=""se_fs_T2"" style=""color: rgb(0, 146, 230);""><b>미베 베이비엑스포에 올때마다 </b><br></span><span class=""se_fs_T2"" style=""color: rgb(0, 146, 230);""><b>항상 확인하는것~!</b><br></span></b></span></span></span></span><span style=""color: rgb(0, 0, 0);""><span><span style=""color: rgb(0, 0, 0);"">바로 </span></span></span><span style=""color: rgb(0, 0, 0);""><span><span style=""color: rgb(0, 0, 0);""></span></span></span><span style=""color: rgb(0, 0, 0);""><span><span class=""se_fs_T2"" style=""color: rgb(0, 0, 0);""><b>참가업체 부스 배치도</b></span></span></span><span style=""color: rgb(0, 0, 0);""><span><span style=""color: rgb(0, 0, 0);""></span></span></span><span style=""color: rgb(0, 0, 0);""><span><span style=""color: rgb(0, 0, 0);"">랍니다 <br></span><span style=""color: rgb(0, 0, 0);"">배치도를 확인하고 가면 <br></span><span style=""color: rgb(0, 0, 0);""></span></span></span><span style=""color: rgb(0, 0, 0);""><span><span style=""color: rgb(0, 0, 0);""><b>전혀 헤맬 필요 없이 사고 싶은 제품을 </b><br></span><span style=""color: rgb(0, 0, 0);""><b>쉽게 찾을 수 있답니다</b><br></span></span></span><span style=""color: rgb(0, 0, 0);""><span><span style=""color: rgb(0, 0, 0);""></span><span style=""color: rgb(0, 0, 0);"">오시게 되면 꼭 확인하세요^</span></span></span><span><span style=""color: rgb(0, 0, 0);"">^</span></span><span></span><span></span><span><br></span><!-- } SE3-TEXT --></p>\n                    ', '\n                        <p class=""se_textarea""><!-- SE3-TEXT { --><span style=""color: rgb(0, 0, 0);""><span style=""color: rgb(0, 0, 0);""><span style=""color: rgb(0, 0, 0);""><span style=""color: rgb(0, 0, 0);""><span style=""color: rgb(0, 0, 0);""><b>&nbsp;미베 베이비엑스포를 다니면서 </b><br></span><span style=""color: rgb(0, 0, 0);""><b>가장 좋았던&nbsp;점</b></span><br></span></span></span></span><span style=""color: rgb(0, 0, 0);""><span style=""color: rgb(0, 0, 0);""><span style=""color: rgb(0, 0, 0);""></span><span style=""color: rgb(0, 0, 0);""><span style=""color: rgb(0, 0, 0);""> 제가 사려는 제품을 여러</span><span style=""color: rgb(0, 0, 0);""> 브랜드를</span><br></span><span style=""color: rgb(0, 0, 0);""><span style=""color: rgb(0, 0, 0);""> 한 번에 만나볼 수 있고<br></span><span style=""color: rgb(0, 0, 0);"">참가업체마다 이벤트가&nbsp;있고&nbsp;또&nbsp;<br></span><span style=""color: rgb(0, 0, 0);"">비교해서 좀 더 많은 사은품과 가격도 저렴하게<br></span><span style=""color: rgb(0, 0, 0);"">구입할 수 있어 정말 좋더라구요~!^^</span></span></span></span><span><span style=""color: rgb(0, 0, 0);""></span></span><!-- } SE3-TEXT --></p>\n                    ', '\n                        <p class=""se_textarea""><!-- SE3-TEXT { --><span class=""se_fs_T2"" style=""color: rgb(0, 146, 230);""><b>&nbsp;유모차 대여소</b><br></span><span class=""se_fs_T3"" style=""color: rgb(0, 0, 0);""><span style=""color: rgb(0, 0, 0);""><span class=""se_fs_T3"" style=""color: rgb(0, 0, 0);"">육아맘님들 아이 동반으로 박람회<br></span></span><span><span class=""se_fs_T3"" style=""color: rgb(0, 0, 0);"">오시기 정말 힘든데 <br></span><span class=""se_fs_T3"" style=""color: rgb(0, 0, 0);"">미베 베이비엑스포에<br></span><span class=""se_fs_T3"" style=""color: rgb(0, 0, 0);""> 유모차 대여소가 있답니다 </span></span><br></span><span><span style=""color: rgb(0, 0, 0);"">신분증만 맡기시고 유모차를 대여하니<br></span><span style=""color: rgb(0, 0, 0);"">예전에 아이와 함께 갔었는데<br></span><span style=""color: rgb(0, 0, 0);"">저도 정말 편하더라구요~!</span></span><span></span><span><br></span><!-- } SE3-TEXT --></p>\n                    ', '\n                        <p class=""se_textarea""><!-- SE3-TEXT { --><span style=""color: rgb(0, 0, 0);""><span style=""color: rgb(0, 0, 0);"">용산 베이비엑스포 입구로 들어오셔서</span><br></span><span style=""color: rgb(0, 0, 0);""><span style=""color: rgb(0, 0, 0);"">왼쪽으로 조금만 가시면 바로</span><br></span><span style=""color: rgb(0, 0, 0);""><span style=""color: rgb(0, 0, 0);"">유모차 대여소가 보인답니다~^^</span><br></span><span><span style=""color: rgb(0, 0, 0);"">서포터즈 라운지 바로 옆에 있답니다</span></span><br><!-- } SE3-TEXT --></p>\n                    ', '\n                        <p class=""se_textarea""><!-- SE3-TEXT { --><span class=""se_fs_T2"" style=""color: rgb(0, 146, 230);""><b><b>휴게 라운지</b><br></b></span><span style=""color: rgb(0, 0, 0);"">서포터즈라운지와 유모차 대여소 옆쪽엔 <br></span><span style=""color: rgb(0, 0, 0);"">이렇게 쉴 수 있는 공간이 있답니다<br></span><span style=""color: rgb(0, 0, 0);"">계속 걸어다니면 너무 힘들죠~!<br></span><span style=""color: rgb(0, 0, 0);"">수유실과 쉴수 있는 휴게 라운지가 있기에 <br></span><span style=""color: rgb(0, 0, 0);"">정말 편하게 박람회를 관람하실 수 있답니다</span><!-- } SE3-TEXT --></p>\n                    ', '\n                        <p class=""se_textarea""><!-- SE3-TEXT { --><span style=""color: rgb(0, 0, 0);"">꽤 넓은 공간으로 되어있어<br></span><span style=""color: rgb(0, 0, 0);"">많은 분들이 앉아서 쉴 수 있게 되어<br></span><span style=""color: rgb(0, 0, 0);"">있더라구요 저도 잠깐 쉬기도 하며 <br></span><span style=""color: rgb(0, 0, 0);"">용산 베이비엑스포를 보았답니다</span><!-- } SE3-TEXT --></p>\n                    ', '\n                        <p class=""se_textarea""><!-- SE3-TEXT { --><span style=""color: rgb(0, 0, 0);"">드디어 오전 11시 경품교환권을 <br></span><span style=""color: rgb(0, 0, 0);"">선물로 교환할 수 있는 시간이 왔네요^^<br></span><span style=""color: rgb(0, 0, 0);""> 얼른 가서 화음 토끼 인형을 받았답니다<br></span><span style=""color: rgb(0, 0, 0);"">선착순 줄서 있다 친해진 언니가 이렇게 <br></span><span style=""color: rgb(0, 0, 0);"">잡아주어 사진도 찍고~ㅎ<br></span><span style=""color: rgb(0, 0, 0);"">선착순 선물 받을때 시간이 금방 가는이유~!<br></span><span style=""color: rgb(0, 0, 0);""> 같이 줄서있는 분들과 친해져<br></span><span style=""color: rgb(0, 0, 0);"">수다 떨다 보면 정말 시간이 금세 지나가요^^<br></span><span style=""color: rgb(0, 0, 0);"">빨리 친해지는 이유는 아시죠 <br></span><span style=""color: rgb(0, 0, 0);"">공통관심사가 <br></span><span style=""color: rgb(0, 0, 0);"">같기 때문이죠 바로 육아~ㅋ<br></span><!-- } SE3-TEXT --></p>\n                    ', '\n                        <p class=""se_textarea""><!-- SE3-TEXT { --><span style=""color: rgb(0, 0, 0);"">자 이제 관람 시작이네요~^^<br></span><span><br></span><span><span style=""color: rgb(0, 0, 0);""><b>[한국 </b><span style=""color: rgb(0, 0, 0);""><b>3M 플레이 매트]</b></span></span></span><span style=""color: rgb(0, 0, 0);""><span style=""color: rgb(0, 0, 0);""><br></span><span style=""color: rgb(0, 0, 0);"">3M기술력과 인증을 통과한 <br></span><span style=""color: rgb(0, 0, 0);"">친환경 안전소재로 무독성<br>층간소음에도 좋은 매트랍니다</span><br></span><!-- } SE3-TEXT --></p>\n                    ', '\n                        <p class=""se_textarea""><!-- SE3-TEXT { --><span style=""color: rgb(0, 0, 0);""><b>[오가닉 팩토리]</b></span><span style=""color: rgb(0, 0, 0);""><br></span><span style=""color: rgb(0, 0, 0);"">스크래치 상품 최저가 재고정리로<br></span><span style=""color: rgb(0, 0, 0);"">정말 착한 가격으로 육아용품을 <br></span><span style=""color: rgb(0, 0, 0);"">판매중이랍니다 </span><span><br></span><!-- } SE3-TEXT --></p>\n                    ', '\n                        <p class=""se_textarea""><!-- SE3-TEXT { --><span style=""color: rgb(0, 0, 0);""><b>[엘림코리아]</b><br></span><span><b></b></span><span style=""color: rgb(0, 0, 0);"">진드기 걱정없는 </span><span style=""color: rgb(0, 0, 0);"">친환경 유아동 매트<br></span><span style=""color: rgb(0, 0, 0);"">도로매트와 유아이불이 판매되고 있고</span><span style=""color: rgb(0, 0, 0);""><br></span><!-- } SE3-TEXT --></p>\n                    ', '\n                        <p class=""se_textarea""><!-- SE3-TEXT { --><span style=""color: rgb(0, 0, 0);""><strong>[블루마마]</strong><br></span><span style=""color: rgb(0, 0, 0);""><strong> </strong></span><span style=""color: rgb(0, 0, 0);""><b>이유식용품 특별할인 !!</b><br></span><span style=""color: rgb(0, 0, 0);"">최대 35%까지 <br>친환경 도자기&amp; 실리콘 이유식준비용품<br></span><span style=""color: rgb(0, 0, 0);"">세트로도 있답니다^^</span><br><!-- } SE3-TEXT --></p>\n                    ', '\n                        <p class=""se_textarea""><!-- SE3-TEXT { --><span style=""color: rgb(0, 0, 0);""><strong>[카펠라]</strong><br></span><span style=""color: rgb(0, 0, 0);""><strong>30주년 기념 특별 할인 이벤트 </strong><br></span><span style=""color: rgb(0, 0, 0);"">행사기간 오전 12시 이전 구매고객 5분께<br>선착순 행사가에서 5만원 추가 할인<br>박람회 사은품 3종 세트<br>1.멀티커버 2.극세사&amp;순면 이중 블랑켓<br>3.유모차 고리</span><!-- } SE3-TEXT --></p>\n                    ', '\n                        <p class=""se_textarea""><!-- SE3-TEXT { --><span style=""color: rgb(0, 0, 0);""><b>[리안/조이/뉴나]</b><br></span><span style=""color: rgb(0, 0, 0);"">브랜드별로 유모차 비교를 할 수<br></span><span style=""color: rgb(0, 0, 0);"">있어 정말 좋더라구요~!</span><span><br></span><!-- } SE3-TEXT --></p>\n                    ', '\n                        <p class=""se_textarea""><!-- SE3-TEXT { --><span style=""color: rgb(0, 0, 0);""><b>리안 유모차</b></span><!-- } SE3-TEXT --></p>\n                    ', '\n                        <p class=""se_textarea""><!-- SE3-TEXT { --><span style=""color: rgb(0, 0, 0);""><b>뉴나 유모차</b></span><!-- } SE3-TEXT --></p>\n                    ', '\n                        <p class=""se_textarea""><!-- SE3-TEXT { --><span style=""color: rgb(0, 0, 0);""><b>조이유모차</b><br></span><span style=""color: rgb(0, 0, 0);"">세브랜드가 같이 일렬로 <br></span><span style=""color: rgb(0, 0, 0);"">진열되어 있어 <br></span><span style=""color: rgb(0, 0, 0);"">비교하며 꼼꼼하게 박람회 가격으로<br></span><span style=""color: rgb(0, 0, 0);"">좀 더 저렴하게 구매하실 수 있답니다</span><!-- } SE3-TEXT --></p>\n                    ', '\n                        <p class=""se_textarea""><!-- SE3-TEXT { --><span style=""color: rgb(0, 0, 0);""><b>[브라이택스]</b><br></span><span style=""color: rgb(0, 0, 0);"">독일 법인 제품으로 <br>세계 특허기술적용으로 안전성강화된 <br>글로벌 카시트 박람회가로 만나보세요~!^^</span><span><br></span><!-- } SE3-TEXT --></p>\n                    ', '\n                        <p class=""se_textarea""><!-- SE3-TEXT { --><span style=""color: rgb(0, 0, 0);""><strong>[순성카시트]</strong><br></span><span style=""color: rgb(0, 0, 0);""><strong> 내추럴 컬러 런칭기념 특별 할인 이벤트!</strong><br></span><span style=""color: rgb(0, 0, 0);"">안전함은 그대로, 내추럴 컬러라인 출시~!</span><span><br></span><!-- } SE3-TEXT --></p>\n                    ', '\n                        <p class=""se_textarea""><!-- SE3-TEXT { --><span><b>박람회 특별할인 이벤트</b><br></span><span>라온 구매시 20% 할인 <br>코지썬쉐이드,3D쿨시트,뒤보기 후방거울,차량스티거 증정<br>데일리 구매시 25%할인<br>차량햇빛가리개,3D쿨시트,차량스티커제공<br>제나,제나주니어 구매시 20%할인<br>차량햇빛가리개,제나전용컵홀더,차량스티커제공<br>너무 좋은기회 놓지지 마세요~!^^</span><!-- } SE3-TEXT --></p>\n                    ', '\n                        <p class=""se_textarea""><!-- SE3-TEXT { --><span style=""color: rgb(0, 0, 0);""><b>[애티튜드]</b><br></span><span style=""color: rgb(0, 0, 0);"">정품 애티튜드 최저가 행사<br></span><span style=""color: rgb(0, 0, 0);"">가격이 정말 저렴하더라구요~</span><!-- } SE3-TEXT --></p>\n                    ', '\n                        <p class=""se_textarea""><!-- SE3-TEXT { --><span style=""color: rgb(0, 0, 0);""><strong>[아토팜] </strong><br></span><span style=""color: rgb(0, 0, 0);""><strong>박람회 35% 할인 및 구매시 </strong><br></span><span style=""color: rgb(0, 0, 0);""><strong>샘플증정 이벤트</strong></span><!-- } SE3-TEXT --></p>\n                    ', '\n                        <p class=""se_textarea""><!-- SE3-TEXT { --><span style=""color: rgb(0, 0, 0);""><b>박람회 할인가 35% 할인</b></span><span style=""color: rgb(0, 0, 0);""><br></span><span style=""color: rgb(0, 0, 0);""><b>상품구매시 샘플증정</b><br></span><span style=""color: rgb(0, 0, 0);"">저도 로션 발라봤는데 <br></span><span style=""color: rgb(0, 0, 0);"">끈적임 없이 부드럽게 스며들더라구요<br></span><span style=""color: rgb(0, 0, 0);"">역시 왜 브랜드파워 1위제품인지를 알겠다는~!</span><!-- } SE3-TEXT --></p>\n                    ', '\n                        <p class=""se_textarea""><!-- SE3-TEXT { --><span style=""color: rgb(0, 0, 0);""><b>[한솔교육]</b><br></span><span style=""color: rgb(0, 0, 0);"">유명한 핀덴 베베 상담받으실 수</span><span style=""color: rgb(0, 0, 0);"">있답니다 <br></span><span style=""color: rgb(0, 0, 0);""> 저도 있기에 반가운 핀덴카도 보이네요~!ㅎ</span><span><br></span><!-- } SE3-TEXT --></p>\n                    ', '\n                        <p class=""se_textarea""><!-- SE3-TEXT { --><span style=""color: rgb(0, 0, 0);""><span style=""color: rgb(0, 0, 0);""><b>[닥터맘스 오가닉]</b></span><br></span><span style=""color: rgb(0, 0, 0);"">&nbsp;</span><span style=""color: rgb(0, 0, 0);"">박람회 특가<br></span><span style=""color: rgb(0, 0, 0);""><span style=""color: rgb(0, 0, 0);"">오가닉출산 6종&nbsp;5만원</span><br></span><span style=""color: rgb(0, 0, 0);""><span style=""color: rgb(0, 0, 0);"">오가닉 가제손수건 10장 만원</span><br></span><span style=""color: rgb(0, 0, 0);"">착한가격이라 현금만 된다고 하네요~!</span><span><br></span><!-- } SE3-TEXT --></p>\n                    ', '\n                        <p class=""se_textarea""><!-- SE3-TEXT { --><span style=""color: rgb(0, 0, 0);""><b>[차병원 제대혈은행 아이코드]</b><br></span><span style=""color: rgb(0, 0, 0);"">예비맘님들께 꼭 필요한 제대혈은행<br></span><span style=""color: rgb(0, 0, 0);"">제대혈 만기시 환급가능하다니<br></span><span style=""color: rgb(0, 0, 0);"">상담도 받으시고 아이코드만의 <br></span><span style=""color: rgb(0, 0, 0);"">혜택도 </span><span></span><span style=""color: rgb(0, 0, 0);"">확인하시길 바래요~</span><span style=""color: rgb(0, 0, 0);"">!</span><span><br></span><!-- } SE3-TEXT --></p>\n                    ', '\n                        <p class=""se_textarea""><!-- SE3-TEXT { --><span style=""color: rgb(0, 0, 0);""><b>[이미숙산후도우미]</b><br></span><span style=""color: rgb(0, 0, 0);"">조리원을 다녀와서도 <br></span><span style=""color: rgb(0, 0, 0);"">혼자서 아이를 돌본다는건 정말 힘들죠~!<br></span><span style=""color: rgb(0, 0, 0);"">밤에도 수유를 하기에 잠이 모자라서...<br></span><span style=""color: rgb(0, 0, 0);"">꼭 산후 도우미가 필요한데<br></span><span style=""color: rgb(0, 0, 0);"">용산베이비엑스포에서도 상담받으실 수있답니다<br></span><span style=""color: rgb(0, 0, 0);"">이미숙 산후도우미 옆에는 <br></span><span style=""color: rgb(0, 0, 0);"">이렇게 남양에서 설문 작성만하시면<br></span><span style=""color: rgb(0, 0, 0);"">선물팩을 드려요~ㅎ</span><span></span><span><br></span><span></span><!-- } SE3-TEXT --></p>\n                    ', '\n                        <p class=""se_textarea""><!-- SE3-TEXT { --><span style=""color: rgb(0, 0, 0);""><b>[엠오엠]</b></span><span style=""color: rgb(0, 0, 0);""><br></span><span style=""color: rgb(0, 0, 0);"">임부복/수유복/임부레깅스<br></span><span style=""color: rgb(0, 0, 0);"">예비맘님들~</span><span style=""color: rgb(0, 0, 0);""><br></span><span style=""color: rgb(0, 0, 0);"">박람회특가로 만나보세요</span><span style=""color: rgb(0, 0, 0);"">^^</span><!-- } SE3-TEXT --></p>\n                    ', '\n                        <p class=""se_textarea""><!-- SE3-TEXT { --><span style=""color: rgb(0, 0, 0);""><b>[바다수산 가문어 훈제구이]</b><br></span><span style=""color: rgb(0, 0, 0);"">시식코너가 있어 먹어봤는데<br></span><span style=""color: rgb(0, 0, 0);"">훈제라 역시 맛있더라구요<br></span><span style=""color: rgb(0, 0, 0);"">가격도 저렴한 편이랍니다~ㅎ</span><span><br></span><!-- } SE3-TEXT --></p>\n                    ', '\n                        <p class=""se_textarea""><!-- SE3-TEXT { --><span style=""color: rgb(0, 0, 0);""><strong>[프라하우스] </strong><br></span><span style=""color: rgb(0, 0, 0);""><strong>프리미엄 임산부 언더웨어 </strong><br></span><span style=""color: rgb(0, 0, 0);""><strong>전품목 15%~20% 할인</strong></span><!-- } SE3-TEXT --></p>\n                    ', '\n                        <p class=""se_textarea""><!-- SE3-TEXT { --><span style=""color: rgb(0, 0, 0);""><b>[브라운 귀 체온계]</b><br></span><span style=""color: rgb(0, 0, 0);"">증정품까지 포함된다면 인터넷보다 <br></span><span style=""color: rgb(0, 0, 0);"">저렴한 브라운 귀 체온계<br></span><span style=""color: rgb(0, 0, 0);"">수유패드도 저렴하게 판매중이랍니다</span><!-- } SE3-TEXT --></p>\n                    ', '\n                        <p class=""se_textarea""><!-- SE3-TEXT { --><span style=""color: rgb(0, 0, 0);""><b>[포맘스 스마트바운서]</b><br></span><span style=""color: rgb(0, 0, 0);""><b>박람회 특가로 만나보세요~!</b></span><!-- } SE3-TEXT --></p>\n                    ', '\n                        <p class=""se_textarea""><!-- SE3-TEXT { --><span style=""color: rgb(0, 0, 0);""><b><strong>[베베시아] 돌고래 필터 샤워기</strong></b><br></span><span style=""color: rgb(0, 0, 0);"">복합 정수필터가 정제한 깨끗하고 순한 <br></span><span style=""color: rgb(0, 0, 0);"">실크샤워기~!</span><!-- } SE3-TEXT --></p>\n                    ', '\n                        <p class=""se_textarea""><!-- SE3-TEXT { --><span style=""color: rgb(0, 0, 0);"">수압상승과 절수효과까지<br></span><span style=""color: rgb(0, 0, 0);"">아이들에겐 즐거운 목욕시간을 선사해준답니다<br></span><span style=""color: rgb(0, 0, 0);"">우리 아이들도 너무 좋아하는<br></span><span style=""color: rgb(0, 0, 0);""> 베베시아 돌고래 필터 샤워기~!^^<br></span><!-- } SE3-TEXT --></p>\n                    ', '\n                        <p class=""se_textarea""><!-- SE3-TEXT { --><span style=""color: rgb(0, 0, 0);""><b>[아프리카코리아]</b><br></span><span style=""color: rgb(0, 0, 0);"">&nbsp;유모차와 카시트도 만나보실 수있답니다</span><!-- } SE3-TEXT --></p>\n                    ', '\n                        <p class=""se_textarea""><!-- SE3-TEXT { --><span style=""color: rgb(0, 0, 0);"">360도 회전하는 신생아카시트</span><!-- } SE3-TEXT --></p>\n                    ', '\n                        <p class=""se_textarea""><!-- SE3-TEXT { --><span style=""color: rgb(0, 0, 0);"">누울수도 있는 기능이~!<br></span><span style=""color: rgb(0, 0, 0);"">박람회특가로 아프리카코리아 만나보세요</span><!-- } SE3-TEXT --></p>\n                    ', '\n                        <p class=""se_textarea""><!-- SE3-TEXT { --><span style=""color: rgb(0, 0, 0);""><strong><span style=""color: rgb(0, 0, 0);""><b>[리에또]</b><br></span><span style=""color: rgb(0, 0, 0);""><b>스테인레스 빨대컵 </b><br></span><span style=""color: rgb(0, 0, 0);"">할인된 가격으로 만나보실 수 있어요</span><span style=""color: rgb(0, 0, 0);""><br></span></strong><span><b></b></span></span><span></span><!-- } SE3-TEXT --></p>\n                    ', '\n                        <p class=""se_textarea""><!-- SE3-TEXT { --><span style=""color: rgb(0, 0, 0);""><b>[아이넷 토이]</b><br></span><span style=""color: rgb(0, 0, 0);"">이스라엘 정식수입 장난감 <br></span><span style=""color: rgb(0, 0, 0);"">지난 미베때 여기서 블럭을 샀는데<br></span><span style=""color: rgb(0, 0, 0);"">지금도 너무 잘가지고 논답니다^^</span><br><!-- } SE3-TEXT --></p>\n                    ', '\n                        <p class=""se_textarea""><!-- SE3-TEXT { --><span style=""color: rgb(0, 0, 0);""><b>[베이비젠 요요]</b><br></span><span style=""color: rgb(0, 0, 0);"">유모차는 이렇게 사용감을 느껴봐야<br></span><span style=""color: rgb(0, 0, 0);"">아무래도 고르기 편하더라구요</span><span style=""color: rgb(0, 0, 0);""><br></span><span style=""color: rgb(0, 0, 0);"">직접 사용해보고 결정하면 후회가 없더라구요~<br></span><span style=""color: rgb(0, 0, 0);"">휴대용유모차 박람회가로 만날수 있답니다^^</span><span><br></span><!-- } SE3-TEXT --></p>\n                    ', '\n                        <p class=""se_textarea""><!-- SE3-TEXT { --><span style=""color: rgb(0, 0, 0);""><b>[호크유모차]</b><br></span><span style=""color: rgb(0, 0, 0);"">영국 프리미엄 유모차도<br></span><span style=""color: rgb(0, 0, 0);"">만나볼 수 있답니다 </span><span><br></span><!-- } SE3-TEXT --></p>\n                    ', '\n                        <p class=""se_textarea""><!-- SE3-TEXT { --><b></b><span><b></b></span><span style=""color: rgb(0, 0, 0);""><strong>[페도라]</strong><br></span><span style=""color: rgb(0, 0, 0);""><strong> 신상품 런칭&nbsp;대박 이벤트~!</strong><br></span><span style=""color: rgb(0, 0, 0);"">영국 명품 유모차 <br>브랜드 비교평판 2년 연속 1위 페도라<br>고객감사 이벤트</span><!-- } SE3-TEXT --></p>\n                    ', '\n                        <p class=""se_textarea""><!-- SE3-TEXT { --><span style=""color: rgb(0, 0, 0);"">페도라 선착순 이벤트</span><span style=""color: rgb(0, 0, 0);""><br></span><span style=""color: rgb(0, 0, 0);"">페도라 카시트를 구매하시면</span><span style=""color: rgb(0, 0, 0);""><br></span><span style=""color: rgb(0, 0, 0);"">매일 선착순 </span><span style=""color: rgb(0, 0, 0);"">15</span><span style=""color: rgb(0, 0, 0);"">분께 차임벨 슈퍼덕 증정</span><!-- } SE3-TEXT --></p>\n                    ', '\n                        <p class=""se_textarea""><!-- SE3-TEXT { --></p><p><span style=""color: rgb(0, 0, 0);"">페도라 진열상품 특가할인 </span><span style=""color: rgb(0, 0, 0);""><br></span><span style=""color: rgb(0, 0, 0);"">최대 50%할인</span><span style=""color: rgb(0, 0, 0);""><br></span><span style=""color: rgb(0, 0, 0);"">페도라 클린케어 서비스</span><span style=""color: rgb(0, 0, 0);""><br></span><span style=""color: rgb(0, 0, 0);"">전시회 기간 구매시 영수증 지참시 최대 30%까지 </span><span style=""color: rgb(0, 0, 0);""><br></span><span style=""color: rgb(0, 0, 0);"">페도라 클린케어 서비스 지원~!</span></p><!-- } SE3-TEXT --><p></p>\n                    ', '\n                        <p class=""se_textarea""><!-- SE3-TEXT { --><span style=""color: rgb(0, 0, 0);"">신상품 런칭 대 이벤트</span><span style=""color: rgb(0, 0, 0);""><br></span><span style=""color: rgb(0, 0, 0);"">2017</span><span style=""color: rgb(0, 0, 0);"">년 신상디럭스 유모차 </span><span style=""color: rgb(0, 0, 0);"">L4</span><span style=""color: rgb(0, 0, 0);"">켄트 구매시</span><span style=""color: rgb(0, 0, 0);""><br></span><span style=""color: rgb(0, 0, 0);"">4</span><span style=""color: rgb(0, 0, 0);"">종사은품</span><span style=""color: rgb(0, 0, 0);"">+</span><span style=""color: rgb(0, 0, 0);"">매일 선착순 </span><span style=""color: rgb(0, 0, 0);"">10</span><span style=""color: rgb(0, 0, 0);"">분께 스트롤앤롤증정</span><span style=""color: rgb(0, 0, 0);""><br></span><span style=""color: rgb(0, 0, 0);"">2017</span><span style=""color: rgb(0, 0, 0);"">년 신상절충형 유모차 </span><span style=""color: rgb(0, 0, 0);"">L3+</span><span style=""color: rgb(0, 0, 0);"">를 구매하시면</span><span style=""color: rgb(0, 0, 0);""><br></span><span style=""color: rgb(0, 0, 0);"">보낭커버와 매일 선착순 </span><span style=""color: rgb(0, 0, 0);"">5</span><span style=""color: rgb(0, 0, 0);"">분께 <br></span><span style=""color: rgb(0, 0, 0);"">호기심자극 유모차클립 촉감책증정</span><span style=""color: rgb(0, 0, 0);""><br></span><span style=""color: rgb(0, 0, 0);"">2017</span><span style=""color: rgb(0, 0, 0);"">년 신상휴대용 유모차</span><span style=""color: rgb(0, 0, 0);"">S1&nbsp; </span><span style=""color: rgb(0, 0, 0);"">구매하시면</span><span style=""color: rgb(0, 0, 0);""><br></span><span style=""color: rgb(0, 0, 0);"">보낭커버와 매일 선착순 </span><span style=""color: rgb(0, 0, 0);"">5</span><span style=""color: rgb(0, 0, 0);"">분께<br></span><span style=""color: rgb(0, 0, 0);""> 호기심자극 유모차클립 촉감책증정</span><!-- } SE3-TEXT --></p>\n                    ', '\n                        <p class=""se_textarea""><!-- SE3-TEXT { --><span><strong>[</strong></span><span style=""color: rgb(0, 0, 0);""><strong>콩코드]</strong><br></span><span style=""color: rgb(0, 0, 0);"">콩코드 유모차와 카시트 도<br></span><span style=""color: rgb(0, 0, 0);"">만나보실 수 있답니다 </span><!-- } SE3-TEXT --></p>\n                    ', '\n                        <p class=""se_textarea""><!-- SE3-TEXT { --><span style=""color: rgb(0, 0, 0);"">박람회 특가로 만나보실 수 있어요</span><span style=""color: rgb(0, 0, 0);"">~</span><br><!-- } SE3-TEXT --></p>\n                    ', '\n                        <p class=""se_textarea""><!-- SE3-TEXT { --><span style=""color: rgb(0, 0, 0);""><b>[아이랑 아기띠]</b><br></span><span style=""color: rgb(0, 0, 0);"">천연소재로 만든 아이랑아기띠<br></span><span style=""color: rgb(0, 0, 0);"">100%오가닉제품이랍니다</span><!-- } SE3-TEXT --></p>\n                    ', '\n                        <p class=""se_textarea""><!-- SE3-TEXT { --><span style=""color: rgb(0, 0, 0);""><b>[마마스앤파파스]</b><br></span><span style=""color: rgb(0, 0, 0);"">귀여운 베이비부스터 박</span><span style=""color: rgb(0, 0, 0);"">람회 특가할인판매<br></span><span style=""color: rgb(0, 0, 0);"">7만원 현장 할인 판매 중이랍니다 </span><span><br></span><!-- } SE3-TEXT --></p>\n                    ', '\n                        <p class=""se_textarea""><!-- SE3-TEXT { --><span style=""color: rgb(0, 0, 0);""><strong>[꼬까신]</strong><br></span><span style=""color: rgb(0, 0, 0);""><strong> 매일매일 선착순 30명 초특가판매~!</strong><br></span><span style=""color: rgb(0, 0, 0);"">선착순 유아신발 9천원에 판매</span><span><br></span><!-- } SE3-TEXT --></p>\n                    ', '\n                        <p class=""se_textarea""><!-- SE3-TEXT { --><span style=""color: rgb(0, 0, 0);"">정말 귀여워 저도 꼬까신에서<br></span><span style=""color: rgb(0, 0, 0);"">우리 둘째를 위해 유아신발 구매했답니다^^</span><!-- } SE3-TEXT --></p>\n                    ', '\n                        <p class=""se_textarea""><!-- SE3-TEXT { --><span style=""color: rgb(0, 0, 0);""><b>[경북영농조합]</b><br></span><span style=""color: rgb(0, 0, 0);"">사과즙,배도라지즙,포도즙도 <br></span><span style=""color: rgb(0, 0, 0);"">판매하더라구요 <br></span><span style=""color: rgb(0, 0, 0);"">시음해봤는데 맛도 좋더라구요~^^</span><!-- } SE3-TEXT --></p>\n                    ', '\n                        <p class=""se_textarea""><!-- SE3-TEXT { --><span style=""color: rgb(0, 0, 0);""><b>[여원탄탄 /아람 /브레인나우]</b><br></span><span style=""color: rgb(0, 0, 0);"">방문상담만 하여도 사은품과<br></span><span style=""color: rgb(0, 0, 0);"">현장구매시 사은품 혜택이 많답니다~<br></span><span style=""color: rgb(0, 0, 0);"">책구매하실분들 알아보시면 상담 꼭 받으세요^^</span><!-- } SE3-TEXT --></p>\n                    ', '\n                        <p class=""se_textarea""><!-- SE3-TEXT { --><b>[리베로기저귀 /휴비딕 체온계]</b><!-- } SE3-TEXT --></p>\n                    ', '\n                        <p class=""se_textarea""><!-- SE3-TEXT { --><span style=""color: rgb(0, 0, 0);"">리베로 기저귀 박람회 특별가와<br></span><span style=""color: rgb(0, 0, 0);"">현장이벤트와 앱다운시 사은품도 있으니 <br></span><span style=""color: rgb(0, 0, 0);"">꼭 가보시길 바래요~</span><!-- } SE3-TEXT --></p>\n                    ', '\n                        <p class=""se_textarea""><!-- SE3-TEXT { --><span style=""color: rgb(0, 0, 0);"">휴비딕 비 접촉시 체온계<br></span><span style=""color: rgb(0, 0, 0);"">콧물흡입기,온습도계<br></span><span style=""color: rgb(0, 0, 0);"">3종세트로 박람회 할인으로 <br></span><span style=""color: rgb(0, 0, 0);"">판매중이랍니다</span><br><!-- } SE3-TEXT --></p>\n                    ', '\n                        <p class=""se_textarea""><!-- SE3-TEXT { --><span><b></b></span><span style=""color: rgb(0, 0, 0);""><b>[그로미미]</b></span><span style=""color: rgb(0, 0, 0);""><br></span><span style=""color: rgb(0, 0, 0);"">엄마들의 똑똑한 선택 그로미미 사은품 이벤트 </span><span style=""color: rgb(0, 0, 0);""><br></span><span style=""color: rgb(0, 0, 0);"">그로미미</span><span style=""color: rgb(0, 0, 0);"">PPSU </span><span style=""color: rgb(0, 0, 0);"">젖병 세트 </span><span style=""color: rgb(0, 0, 0);""><br></span><span style=""color: rgb(0, 0, 0);"">76000</span><span style=""color: rgb(0, 0, 0);"">원 구매시 마이베이비 신생아 노리개 젖꼭지 증정 </span><span style=""color: rgb(0, 0, 0);""><br></span><span style=""color: rgb(0, 0, 0);"">실리콘솔 세트 만원</span><span style=""color: rgb(0, 0, 0);""><br></span><span style=""color: rgb(0, 0, 0);"">구매시 그로미미 젖병 세정제 증정</span><span></span><!-- } SE3-TEXT --></p>\n                    ', '\n                        <p class=""se_textarea""><!-- SE3-TEXT { --><span style=""color: rgb(0, 0, 0);""><b>[유로스타 트리플 아기욕조]</b><br></span><span style=""color: rgb(0, 0, 0);"">국민 아기욕조~!<br></span><span style=""color: rgb(0, 0, 0);"">목욕,샴푸,헹굼을 하나로<br></span><span style=""color: rgb(0, 0, 0);"">신생아도 편하게 목욕시킬 수있는 아기욕조랍니다</span><!-- } SE3-TEXT --></p>\n                    ', '\n                        <p class=""se_textarea""><!-- SE3-TEXT { --><span class=""se_ff_nanumgothic se_fs_T3"" style=""color: rgb(0, 0, 0);""><b>[마미루 하이체어]</b><br></span><span class=""se_ff_nanumgothic se_fs_T3"" style=""color: rgb(0, 0, 0);"">마미루 하이체어구매시<br></span><span class=""se_ff_nanumgothic se_fs_T3"" style=""color: rgb(0, 0, 0);"">순면 블랭킷 증정 행사중이랍니다 <br></span><span class=""se_ff_nanumgothic se_fs_T3"" style=""color: rgb(0, 0, 0);"">놓치지 마세요^^</span><span class=""se_ff_nanumbarungothic""></span><span class=""se_ff_nanumbarungothic""><br></span><!-- } SE3-TEXT --></p>\n                    ', '\n                        <p class=""se_textarea""><!-- SE3-TEXT { --><span style=""color: rgb(0, 0, 0);""><strong>[알로앙베이비] </strong><br></span><span style=""color: rgb(0, 0, 0);""><strong> 베이비엑스포 참가기념 빅 이벤트 !!</strong></span><!-- } SE3-TEXT --></p>\n                    ', '\n                        <p class=""se_textarea""><!-- SE3-TEXT { --><span><b></b></span></p><p><b><span style=""color: rgb(0, 0, 0);"">오가닉 4종 구매시</span><span style=""color: rgb(0, 0, 0);""><br></span><span style=""color: rgb(0, 0, 0);"">오가닉 신생아모자+손싸개+발싸개 무료증정</span><span style=""color: rgb(0, 0, 0);""><br></span><span style=""color: rgb(0, 0, 0);"">선착순 100명 한정수량</span><span style=""color: rgb(0, 0, 0);""><br></span></b></p><p><b><span style=""color: rgb(0, 0, 0);"">3만원 이상 구매시 </span></b></p><span style=""color: rgb(0, 0, 0);""><b>헤어밴드 또는 손목딸랑이 무료증정<br><p><span style=""color: rgb(0, 0, 0);"">속싸개 2개 구매시</span><span style=""color: rgb(0, 0, 0);""><br></span><span style=""color: rgb(0, 0, 0);"">손싸개 발싸개 세트 무료증정</span><span style=""color: rgb(0, 0, 0);""><br></span></p><p><span style=""color: rgb(0, 0, 0);"">오가닉 배냇 우주복 구매시</span><span style=""color: rgb(0, 0, 0);""><br></span><span style=""color: rgb(0, 0, 0);"">오가닉 배냇저고리 무료증정</span></p></b></span><p><br></p><!-- } SE3-TEXT --><p></p>\n                    ', '\n                        <p class=""se_textarea""><!-- SE3-TEXT { --><span><b></b></span></p><p><b>최대 70% 할인 오가닉 바디슈트 구매시<br>스카프빔 또는 턱받이 또는 신생아 모자 택일 무료증정<br></b></p><p><b>알로앙 베이비 엘로우 아이디 친구추가시<br>하루 50명 총 200명 바나나빕 무료증정 </b></p><span>정말 최대 할인 이벤트랍니다 </span><!-- } SE3-TEXT --><p></p>\n                    ', '\n                        <p class=""se_textarea""><!-- SE3-TEXT { --><span style=""color: rgb(0, 0, 0);""><b>[내이브로]</b><br></span><span style=""color: rgb(0, 0, 0);"">아기 안심먹거리 내이브로</span><!-- } SE3-TEXT --></p>\n                    ', '\n                        <p class=""se_textarea""><!-- SE3-TEXT { --><span style=""color: rgb(0, 0, 0);"">인절미스낵 먹어봤는데 <br></span><span style=""color: rgb(0, 0, 0);"">고소하니 맛나더라구요~<br></span><span style=""color: rgb(0, 0, 0);"">내이브로 과일칩 4팩에 만원<br></span><span style=""color: rgb(0, 0, 0);"">할인판매 중이네요</span><span></span><span><br></span><span></span><!-- } SE3-TEXT --></p>\n                    ', '\n                        <p class=""se_textarea""><!-- SE3-TEXT { --><span style=""color: rgb(0, 0, 0);""><b>[르베베]</b><br></span><span style=""color: rgb(0, 0, 0);"">천연 밤부소재 전문 르베베<br></span><span style=""color: rgb(0, 0, 0);"">기능성 패드류도 할인중이랍니다 </span><span><b></b></span><!-- } SE3-TEXT --></p>\n                    ', '\n                        <p class=""se_textarea""><!-- SE3-TEXT { --><span style=""color: rgb(0, 0, 0);""><b>[콤벨]</b><br></span><span style=""color: rgb(0, 0, 0);"">프랑스에서 온 나무의자 콤벨 <br></span><span style=""color: rgb(0, 0, 0);"">원목식탁의자라 견고하고 <br></span><span style=""color: rgb(0, 0, 0);"">튼튼한 느낌이 들었답니다 </span><!-- } SE3-TEXT --></p>\n                    ', '\n                        <p class=""se_textarea""><!-- SE3-TEXT { --><span style=""color: rgb(0, 0, 0);""><b>[더블하트]</b><br></span><span style=""color: rgb(0, 0, 0);"">엄마를 닮은 육아용품<br></span><span style=""color: rgb(0, 0, 0);"">저도 더블하트 제품을 많이 사용하는데 <br></span><span style=""color: rgb(0, 0, 0);"">더블하트도 박람회에서 착한가격으로<br></span><span style=""color: rgb(0, 0, 0);"">만나실 수 있어요~</span><!-- } SE3-TEXT --></p>\n                    ', '\n                        <p class=""se_textarea""><!-- SE3-TEXT { --><span><b>[에르고 / 포그내]</b><br></span><span>포그네 올인원, 힙시트<br></span><span>박람회 특가로 판매<br></span><span>에르고 360, 쿨에어, 듀이그레이도<br></span><span>박람회 특가로 판매중이랍니다 </span><span></span><span></span><!-- } SE3-TEXT --></p>\n                    ', '\n                        <p class=""se_textarea""><!-- SE3-TEXT { --><span style=""color: rgb(0, 0, 0);""><b>[소르베베]</b><br></span><span style=""color: rgb(0, 0, 0);""><b>아기띠 힙시트 부문 1위</b><br></span><span style=""color: rgb(0, 0, 0);""><b>50% 핫딜로 만나보실 수 있어요~!</b><br></span><span style=""color: rgb(0, 0, 0);""><b></b><br></span><span style=""color: rgb(0, 0, 0);"">용산 미베에서만^^<br></span><span style=""color: rgb(0, 0, 0);"">여러 제품을 한자리에 만나볼수 있으니<br></span><span style=""color: rgb(0, 0, 0);"">꼭 용산 베이비엑스포 오셔서 <br></span><span style=""color: rgb(0, 0, 0);"">비교 하시고 고르시길 바래요~!^^</span><!-- } SE3-TEXT --></p>\n                    ', '\n                        <p class=""se_textarea""><!-- SE3-TEXT { --><span style=""color: rgb(0, 0, 0);""><b>[다이치]</b><br></span><span style=""color: rgb(0, 0, 0);"">저희 첫째의 카시트 다이치<br></span><span style=""color: rgb(0, 0, 0);"">이번에 임산부 세이프 벨트도 출시 <br></span><span style=""color: rgb(0, 0, 0);"">임신하면 안전밸트 메기 힘든데<br></span><span style=""color: rgb(0, 0, 0);"">임산부용으로 나왔답니다</span><!-- } SE3-TEXT --></p>\n                    ', '\n                        <p class=""se_textarea""><!-- SE3-TEXT { --><span style=""color: rgb(0, 0, 0);"">다이치 카시트의 놀라운 할인혜택<br></span><span style=""color: rgb(0, 0, 0);"">30%나 다운된 가격^^</span><!-- } SE3-TEXT --></p>\n                    ', '\n                        <p class=""se_textarea""><!-- SE3-TEXT { --><span class=""se_ff_nanumgothic"" style=""color: rgb(0, 0, 0);""><strong>[바바리아 무알콜 맥주]</strong><br></span><span class=""se_ff_nanumgothic"" style=""color: rgb(0, 0, 0);""><strong> SNS 인증 이벤트 !!</strong><br></span><span class=""se_ff_nanumgothic"" style=""color: rgb(0, 0, 0);"">바바리아 부스 포토존에서 사진찍고 <br><span class=""__se3tag""><a class=""tag"" href=""/BlogTagView.nhn?blogId=juran80&amp;pushNavigation=true&amp;tagName=진짜맥주맛바바리아무알콜"">#진짜맥주맛바바리아무알콜</a></span><br><span class=""__se3tag""><a class=""tag"" href=""/BlogTagView.nhn?blogId=juran80&amp;pushNavigation=true&amp;tagName=바바리아맥주"">#바바리아맥주</a></span><br><span class=""__se3tag""><a class=""tag"" href=""/BlogTagView.nhn?blogId=juran80&amp;pushNavigation=true&amp;tagName=바바리아무알콜"">#바바리아무알콜</a></span> 해시태그와 함께 <br>SNS인증하면 <br>바바리아 열쇠고리 오프너증</span><span class=""se_ff_nanumgothic"" style=""color: rgb(0, 0, 0);"">정</span><!-- } SE3-TEXT --></p>\n                    ', '\n                        <p class=""se_textarea""><!-- SE3-TEXT { --><span class=""se_ff_nanumgothic"" style=""color: rgb(0, 0, 0);""><b>[아이조아]</b><br></span><span class=""se_ff_nanumgothic"" style=""color: rgb(0, 0, 0);"">범퍼침대와 사계절 이불세트등등<br></span><span class=""se_ff_nanumgothic"" style=""color: rgb(0, 0, 0);"">박람회 특가할인</span><!-- } SE3-TEXT --></p>\n                    ', '\n                        <p class=""se_textarea""><!-- SE3-TEXT { --><span style=""color: rgb(0, 0, 0);""><b>[밍크엘레팡]</b><br></span><span style=""color: rgb(0, 0, 0);"">오가닉 전문 밍크엘레팡에서 <br></span><span style=""color: rgb(0, 0, 0);"">애착인형과 손수건 기저귀 <br></span><span style=""color: rgb(0, 0, 0);"">할인판매중이랍니다 </span><span><br></span><!-- } SE3-TEXT --></p>\n                    ', '\n                        <p class=""se_textarea""><!-- SE3-TEXT { --><span style=""color: rgb(0, 0, 0);""><strong>[누보백]</strong><br></span><span style=""color: rgb(0, 0, 0);""><strong> 참기기념 할인이벤트 및 사은품 증정 이벤트~!!</strong><br></span><span style=""color: rgb(0, 0, 0);""><strong>최저가 이벤트 파우치 증정행사</strong></span><!-- } SE3-TEXT --></p>\n                    ', '\n                        <p class=""se_textarea""><!-- SE3-TEXT { --><span style=""color: rgb(0, 0, 0);""><b>[아벤트]</b><br></span><span style=""color: rgb(0, 0, 0);"">출생위생용품세트로 39900원에 판매<br></span><span style=""color: rgb(0, 0, 0);"">착한가격이네요~</span><!-- } SE3-TEXT --></p>\n                    ', '\n                        <p class=""se_textarea""><!-- SE3-TEXT { --><span style=""color: rgb(0, 0, 0);""><b>[현대해상]</b><br></span><span style=""color: rgb(0, 0, 0);"">예비맘님들 에게 꼭 필요한 태아보험<br></span><span style=""color: rgb(0, 0, 0);"">그리고 실비보험에 대해 <br></span><span style=""color: rgb(0, 0, 0);"">상담도 받으시고 사은품도 받으세요~</span><!-- } SE3-TEXT --></p>\n                    ', '\n                        <p class=""se_textarea""><!-- SE3-TEXT { --><span class=""se_ff_nanumgothic"" style=""color: rgb(0, 0, 0);""><b>[깜 유모차]</b></span><span class=""se_ff_nanumgothic"" style=""color: rgb(0, 0, 0);""><br></span><span class=""se_ff_nanumgothic"" style=""color: rgb(0, 0, 0);"">이탈리아 명품 유모차 깜 유모차<br></span><span class=""se_ff_nanumbarungothic"" style=""color: rgb(0, 0, 0);"">유모차 요람 카시트가 호환되는 <br></span><span class=""se_ff_nanumbarungothic"" style=""color: rgb(0, 0, 0);"">3in1 기능의 합리적인 프리미엄 유모차<br></span><!-- } SE3-TEXT --></p>\n                    ', '\n                        <p class=""se_textarea""><!-- SE3-TEXT { --><span class=""se_ff_nanumbarungothic"" style=""color: rgb(0, 0, 0);""><b>[누비]</b><br></span><span class=""se_ff_nanumbarungothic"" style=""color: rgb(0, 0, 0);"">목욕놀이 장난감 <br></span><span class=""se_ff_nanumbarungothic"" style=""color: rgb(0, 0, 0);"">균일가로 7900원 이라니 저렴하네요</span><!-- } SE3-TEXT --></p>\n                    ', '\n                        <p class=""se_textarea""><!-- SE3-TEXT { --><span class=""se_ff_nanumgothic"" style=""color: rgb(0, 0, 0);""><b>[사랑을 보다]</b><br></span><span class=""se_ff_nanumgothic"" style=""color: rgb(0, 0, 0);"">성장앨범은 신중히 <br></span><span class=""se_ff_nanumgothic"" style=""color: rgb(0, 0, 0);"">집하고 가까운 지점으로 고르시길 <br></span><span class=""se_ff_nanumgothic"" style=""color: rgb(0, 0, 0);"">바래요~^^</span><!-- } SE3-TEXT --></p>\n                    ', '\n                        <p class=""se_textarea""><!-- SE3-TEXT { --><span class=""se_ff_nanumbarungothic"" style=""color: rgb(0, 0, 0);""><strong>[미고] </strong><br></span><span class=""se_ff_nanumbarungothic"" style=""color: rgb(0, 0, 0);""><strong>미니 플러스2 할인판매 !!</strong><br></span><span class=""se_ff_nanumbarungothic"" style=""color: rgb(0, 0, 0);"">온오프라인 역대 최저가 <br></span><span class=""se_ff_nanumbarungothic"" style=""color: rgb(0, 0, 0);"">용산 미베에서 미고 플러스2를 만나보세요~!^^</span><!-- } SE3-TEXT --></p>\n                    ', '\n                        <p class=""se_textarea""><!-- SE3-TEXT { --><span class=""se_ff_nanumbarungothic"" style=""color: rgb(0, 0, 0);""><b>[웅진북클럽]</b><br></span><span class=""se_ff_nanumbarungothic"" style=""color: rgb(0, 0, 0);"">웅진북클럽 저도 3일간 북패드 무료체험<br></span><span class=""se_ff_nanumbarungothic"" style=""color: rgb(0, 0, 0);"">선택해 봤어요 <br></span><span class=""se_ff_nanumbarungothic"" style=""color: rgb(0, 0, 0);"">월요일부터 시작인데 <br></span><span class=""se_ff_nanumbarungothic"" style=""color: rgb(0, 0, 0);"">어떨지 기대된답니다 </span><span class=""se_ff_nanumbarungothic""><br></span><span class=""se_ff_nanumbarungothic""></span><!-- } SE3-TEXT --></p>\n                    ', '\n                        <p class=""se_textarea""><!-- SE3-TEXT { --><span class=""se_ff_nanumbarungothic""><span class=""se_ff_nanumgothic se_fs_T3"" style=""color: rgb(0, 0, 0);""><b>[보니타베베]</b></span><span class=""se_ff_nanumgothic se_fs_T3"" style=""color: rgb(0, 0, 0);""><br></span><span class=""se_ff_nanumgothic se_fs_T3"" style=""color: rgb(0, 0, 0);"">&nbsp;구르구르 범퍼침대&nbsp;</span><span class=""se_ff_nanumgothic se_fs_T3"" style=""color: rgb(0, 0, 0);""> </span><br></span><span class=""se_ff_nanumbarungothic""><span class=""se_ff_nanumgothic se_fs_T3"" style=""color: rgb(0, 0, 0);"">(3in1침</span></span><span class=""se_ff_nanumbarungothic""><span class=""se_ff_nanumgothic se_fs_T3"" style=""color: rgb(0, 0, 0);"">대,놀이매트,소파)<br></span><span class=""se_ff_nanumgothic se_fs_T3"" style=""color: rgb(0, 0, 0);"">대한 아토피 협회 인증 침구랍니다 </span></span><!-- } SE3-TEXT --></p>\n                    ', '\n                        <p class=""se_textarea""><!-- SE3-TEXT { --><span class=""se_ff_nanumgothic""><strong>[</strong></span><span class=""se_ff_nanumgothic"" style=""color: rgb(0, 0, 0);""><strong>월드비전] 과 함께하는 `나와 친구가 되어줄래?`</strong><br></span><span class=""se_ff_nanumgothic"" style=""color: rgb(0, 0, 0);"">고통받는 아이들에게 작은 도움을 주는<br></span><span class=""se_ff_nanumgothic"" style=""color: rgb(0, 0, 0);"">뜻깊은 </span><span class=""se_ff_nanumgothic"" style=""color: rgb(0, 0, 0);"">이벤트랍니다<br>부스방문시 현장리워드 증정과 <br>글로벌 친구맺기 참여시<br>영유아 건강키트 증정</span><!-- } SE3-TEXT --></p>\n                    ', '\n                        <p class=""se_textarea""><!-- SE3-TEXT { --><span style=""color: rgb(0, 0, 0);""><b>[엘빈즈</b></span><span style=""color: rgb(0, 0, 0);""><b>]</b><br></span><span style=""color: rgb(0, 0, 0);"">12개월이상 5팩 만원 <br></span><span style=""color: rgb(0, 0, 0);"">6개월이상 6팩 만원 <br></span><span style=""color: rgb(0, 0, 0);"">정말 박람회 특가네요~!^^</span><span><br></span><!-- } SE3-TEXT --></p>\n                    ', '\n                        <p class=""se_textarea""><!-- SE3-TEXT { --><span style=""color: rgb(0, 0, 0);""><b>[앙뽀]</b><br></span><span style=""color: rgb(0, 0, 0);"">독일 수입 의료용 친환경<br></span><span style=""color: rgb(0, 0, 0);"">실리콘으로 만든 젖병<br></span><!-- } SE3-TEXT --></p>\n                    ', '\n                        <p class=""se_textarea""><!-- SE3-TEXT { --><span class=""se_ff_nanumgothic se_fs_T3"" style=""color: rgb(0, 0, 0);"">출산준비세트 박람회 특가로 <br></span><span class=""se_ff_nanumgothic se_fs_T3"" style=""color: rgb(0, 0, 0);"">판매중이랍니다 </span><!-- } SE3-TEXT --></p>\n                    ', '\n                        <p class=""se_textarea""><!-- SE3-TEXT { --><span class=""se_ff_nanumgothic"" style=""color: rgb(0, 0, 0);"">선착순 선물에 미베 카트 가 있지만 <br></span><span class=""se_ff_nanumgothic"" style=""color: rgb(0, 0, 0);"">저는 오가닉 토끼 인형을 첫째를 위해 받았기 때문에 <br></span><span class=""se_ff_nanumgothic"" style=""color: rgb(0, 0, 0);"">미베 카트는 구입했답니다 <br></span><span class=""se_ff_nanumgothic"" style=""color: rgb(0, 0, 0);"">깔끔하니 가볍고 예쁘더라구요^^</span><!-- } SE3-TEXT --></p>\n                    ', '\n                        <p class=""se_textarea""><!-- SE3-TEXT { --><span class=""se_ff_nanumgothic"" style=""color: rgb(0, 0, 0);"">서포터즈라운지에서 <br></span><span class=""se_ff_nanumgothic"" style=""color: rgb(0, 0, 0);"">서포터즈 팩 수령 <br></span><span class=""se_ff_nanumgothic"" style=""color: rgb(0, 0, 0);"">휴게소 라운지와 유모차대여 중간에 <br></span><span class=""se_ff_nanumgothic"" style=""color: rgb(0, 0, 0);"">위치하고 있답니다 </span><!-- } SE3-TEXT --></p>\n                    ', '\n                        <p class=""se_textarea""><!-- SE3-TEXT { --><span class=""se_ff_nanumgothic se_fs_T3"" style=""color: rgb(0, 0, 0);"">일산의 한화 아쿠아 플라냇 초대권과 <br></span><span class=""se_ff_nanumgothic se_fs_T3"" style=""color: rgb(0, 0, 0);"">미베 상품권 5천원권과 서포터즈팩 수령<br></span><span class=""se_ff_nanumgothic se_fs_T3"" style=""color: rgb(0, 0, 0);"">미베 상품권은 받자마자 사용했답니다^^</span><!-- } SE3-TEXT --></p>\n                    ', '\n                        <p class=""se_textarea""><!-- SE3-TEXT { --><span class=""se_ff_nanumgothic"" style=""color: rgb(0, 0, 0);""><b>[엄마와]</b><br></span><span class=""se_ff_nanumgothic"" style=""color: rgb(0, 0, 0);"">현장 신규가입자에겐 엄마와 이벤트의 기회가<br></span><span class=""se_ff_nanumgothic"" style=""color: rgb(0, 0, 0);"">아직 가입전이시라면 꼭 이벤트 참여하시길바래요<br></span><span class=""se_ff_nanumgothic"" style=""color: rgb(0, 0, 0);"">이렇게 상품이 푸짐하네요^^</span><!-- } SE3-TEXT --></p>\n                    ', '\n                        <p class=""se_textarea""><!-- SE3-TEXT { --><span style=""color: rgb(0, 0, 0);""><b>[엄마와 사르르]</b><br></span><span style=""color: rgb(0, 0, 0);"">서울 최대 규모 돌잔치 전문점 <br></span><span style=""color: rgb(0, 0, 0);"">상담시 다과제공은 물론<br></span><span style=""color: rgb(0, 0, 0);"">확정계약시<br></span><span style=""color: rgb(0, 0, 0);"">10만원 상당의 베이비박스를 <br></span><span style=""color: rgb(0, 0, 0);"">드린다고 하네요 와~!</span><!-- } SE3-TEXT --></p>\n                    ', '\n                        <p class=""se_textarea""><!-- SE3-TEXT { --><span style=""color: rgb(0, 0, 0);""><b>[뻬그뻬레고]</b></span><span style=""color: rgb(0, 0, 0);""><br></span><span style=""color: rgb(0, 0, 0);"">씨에스타 최대 </span><span style=""color: rgb(0, 0, 0);"">30% </span><span style=""color: rgb(0, 0, 0);"">할인 </span><span style=""color: rgb(0, 0, 0);""><br></span><span style=""color: rgb(0, 0, 0);"">최대할인</span><span style=""color: rgb(0, 0, 0);"">,</span><span style=""color: rgb(0, 0, 0);"">뭉치면 더욱 착한가격</span><span style=""color: rgb(0, 0, 0);""><br></span><span style=""color: rgb(0, 0, 0);"">유모차</span><span style=""color: rgb(0, 0, 0);"">+</span><span style=""color: rgb(0, 0, 0);"">식탁의자 함께 구매시 </span><span style=""color: rgb(0, 0, 0);""><br></span><span style=""color: rgb(0, 0, 0);"">최대 </span><span style=""color: rgb(0, 0, 0);"">49%</span><span style=""color: rgb(0, 0, 0);"">할인</span><!-- } SE3-TEXT --></p>\n                    ', '\n                        <p class=""se_textarea""><!-- SE3-TEXT { --><span style=""color: rgb(0, 0, 0);""><b>[슈톨렌]</b><br></span><span style=""color: rgb(0, 0, 0);"">신생아 5종세트 79000원<br></span><span style=""color: rgb(0, 0, 0);"">애착인형들 너무 귀엽네요~ㅎ<br></span><span style=""color: rgb(0, 0, 0);"">우주복도 3종세트도 착한가격이네요~</span><span><br></span><!-- } SE3-TEXT --></p>\n                    ', '\n                        <p class=""se_textarea""><!-- SE3-TEXT { --><span class=""se_ff_nanumgothic"" style=""color: rgb(0, 0, 0);"">이제 다 돌아보고 가려니<br></span><span class=""se_ff_nanumgothic"" style=""color: rgb(0, 0, 0);"">정말 많은 분들이 오셨더라구요~</span><span class=""se_ff_nanumbarungothic""><br></span><!-- } SE3-TEXT --></p>\n                    ', '\n                        <p class=""se_textarea""><!-- SE3-TEXT { --><span class=""se_ff_nanumgothic"" style=""color: rgb(0, 0, 0);"">가볍게 갔다 항상 무겁게 돌아가는 <br></span><span class=""se_ff_nanumgothic"" style=""color: rgb(0, 0, 0);"">미베 베이비엑스포<br></span><span class=""se_ff_nanumgothic"" style=""color: rgb(0, 0, 0);"">하지만 이번<br></span><span class=""se_ff_nanumgothic"" style=""color: rgb(0, 0, 0);"">용산 베이비엑스포에서는 미베 카트가 있기에 <br></span><span class=""se_ff_nanumgothic"" style=""color: rgb(0, 0, 0);"">가볍게 집으로 돌아갔답니다~!^^</span><!-- } SE3-TEXT --></p>\n                    ', '\n                        <p class=""se_textarea""><!-- SE3-TEXT { --><span class=""se_ff_nanumgothic"" style=""color: rgb(0, 0, 0);"">역시 오자마자 인형보고 <br></span><span class=""se_ff_nanumgothic"" style=""color: rgb(0, 0, 0);"">소리부터 지르는 첫째 <br></span><span class=""se_ff_nanumgothic"" style=""color: rgb(0, 0, 0);"">인형을 너무 좋아하네요 <br></span><span class=""se_ff_nanumgothic"" style=""color: rgb(0, 0, 0);"">지금도 토끼 인형만 가지고 다닌다는ㅋㅋ</span><!-- } SE3-TEXT --></p>\n                    ', '\n                        <p class=""se_textarea""><!-- SE3-TEXT { --><span class=""se_ff_nanumgothic"" style=""color: rgb(0, 0, 0);"">우리 둘째를 위해 산 꼬까신 너무 귀엽네요~<br></span><span class=""se_ff_nanumgothic"" style=""color: rgb(0, 0, 0);"">발에 신겨보니 정말 잘 맞더라구요<br></span><span class=""se_ff_nanumgothic"" style=""color: rgb(0, 0, 0);"">이거 신고 우리 둘째와 함께<br></span><span class=""se_ff_nanumgothic"" style=""color: rgb(0, 0, 0);""> 봄나들이 갈 생각이랍니다 </span><span class=""se_ff_nanumgothic"" style=""color: rgb(0, 0, 0);""><br></span><span class=""se_ff_nanumgothic"" style=""color: rgb(240, 44, 140);""><b></b><br></span><span class=""se_ff_nanumgothic"" style=""color: rgb(240, 44, 140);""><b>\'미베 카트\'</b></span><span class=""se_ff_nanumgothic"" style=""color: rgb(0, 0, 0);""><br></span><span class=""se_ff_nanumgothic"" style=""color: rgb(0, 0, 0);"">생각보다 가벼워서 놀랐답니다<br></span><span class=""se_ff_nanumgothic"" style=""color: rgb(0, 0, 0);""> 엄마가 좋아하실거같아 구매했는데<br></span><span class=""se_ff_nanumgothic"" style=""color: rgb(0, 0, 0);"">역시 너무 좋아하시더라구요 <br></span><span class=""se_ff_nanumgothic"" style=""color: rgb(0, 0, 0);"">저때문에 두아이 맡아주셔서 너무 감사해서<br></span><span class=""se_ff_nanumgothic"" style=""color: rgb(0, 0, 0);"">저렴한 선물이지만 정말 좋아하셨답니다^^<br></span><span class=""se_ff_nanumgothic"" style=""color: rgb(0, 0, 0);""></span><!-- } SE3-TEXT --></p>\n                    ', '\n                        <p class=""se_textarea""><!-- SE3-TEXT { --><span style=""color: rgb(0, 0, 0);"">드라마 보온병과 엘림코리아<br></span><span style=""color: rgb(0, 0, 0);"">놀이방 도로매트매트까지<br></span><span style=""color: rgb(0, 0, 0);"">이번 서포터즈팩 정말 대박이네요~!^^</span><!-- } SE3-TEXT --></p>\n                    ', '\n                        <p class=""se_textarea""><!-- SE3-TEXT { --><span class=""se_ff_nanumgothic"" style=""color: rgb(0, 0, 0);"">도로매트 깔아주자마자 벌써 앉는 첫째<br></span><span class=""se_ff_nanumgothic"" style=""color: rgb(0, 0, 0);"">곰돌이 보온병이 귀여운지<br></span><span class=""se_ff_nanumgothic"" style=""color: rgb(0, 0, 0);"">한손에는 오가닉 토끼인형 한손에는 <br></span><span class=""se_ff_nanumgothic"" style=""color: rgb(0, 0, 0);"">곰돌이 드라마 보온병을 들고 다니더라구요~!^^</span><span class=""se_ff_nanumbarungothic"" style=""color: rgb(0, 0, 0);""><br></span><!-- } SE3-TEXT --></p>\n                    ', '\n                        <p class=""se_textarea""><!-- SE3-TEXT { --><span class=""se_ff_nanumgothic"" style=""color: rgb(0, 0, 0);"">서포터즈팩과 구매한선물들~<br></span><span class=""se_ff_nanumgothic"" style=""color: rgb(0, 0, 0);"">역시 많네요^^<br></span><span class=""se_ff_nanumgothic"" style=""color: rgb(0, 0, 0);"">항상 갈때마다 정말 착한가격에 <br></span><span class=""se_ff_nanumgothic"" style=""color: rgb(0, 0, 0);"">육아용품을 살 수 있어 <br></span><span class=""se_ff_nanumgothic"" style=""color: rgb(0, 0, 0);"">너무 좋은 미베 베이비엑스포~!!!<br></span><span class=""se_ff_nanumgothic"" style=""color: rgb(0, 0, 0);"">용산 베이비엑스포를 다녀오니 이번에도 역시<br></span><span class=""se_ff_nanumgothic"" style=""color: rgb(0, 0, 0);"">정말 뿌듯하고 만족스러웠답니다^^</span><!-- } SE3-TEXT --></p>\n                    ', '\n                        <p class=""se_textarea""><!-- SE3-TEXT { --><span class=""se_ff_nanumgothic"" style=""color: rgb(0, 0, 0);"">용산&nbsp; 베이비엑스포<br>&nbsp;첫날이 끝났네요<br></span><span class=""se_ff_nanumgothic"" style=""color: rgb(0, 0, 0);""><b>이번주 주말 3월26일 일요일까지 </b><br><b>지하철 4,6호선 삼각지역 </b><br></span><span class=""se_ff_nanumgothic"" style=""color: rgb(0, 0, 0);""><b>용산전쟁기념관에서</b><br><b>개최되는 용산 미베 베이비엑스포</b><br></span><span class=""se_ff_nanumgothic"" style=""color: rgb(0, 0, 0);"">주말에 가족과 봄나들이겸 <br></span><span class=""se_ff_nanumgothic"" style=""color: rgb(0, 0, 0);"">용산 베이비엑스포 오시면 정말 좋을거같아요~!<br></span><span class=""se_ff_nanumgothic"" style=""color: rgb(0, 0, 0);"">관람도하고 착한가격의 </span><span class=""se_ff_nanumgothic"" style=""color: rgb(0, 0, 0);"">육아용품도 </span><span class=""se_ff_nanumgothic"" style=""color: rgb(0, 0, 0);"">만나보고^^<br></span><span class=""se_ff_nanumgothic"" style=""color: rgb(0, 0, 0);""><b>마지막 일요일까지</b><br><b>&nbsp;선착순 선물은 계속 이어진다는 사실~!</b><br></span><span class=""se_ff_nanumgothic"" style=""color: rgb(0, 0, 0);"">다들 아시죠ㅋ<br></span><span class=""se_ff_nanumgothic"" style=""color: rgb(0, 0, 0);""><b>조금만 일찍 움직이신다면 선착순 선물과 </b><br><b>참가업체 선착순 이벤트까지 </b><br><b>참여하실 수 있는 기회 잊</b></span><span class=""se_ff_nanumgothic"" style=""color: rgb(0, 0, 0);""><b>지마세요~!!^^</b></span><!-- } SE3-TEXT --></p>\n                    ', '\n                        <p class=""se_textarea""><!-- SE3-TEXT { --><span class=""se_ff_nanumbarungothic""></span><!-- } SE3-TEXT --></p>\n                    ', '\n                        <p class=""se_textarea""><!-- SE3-TEXT { --><span class=""se_ff_nanumbarungothic""></span><!-- } SE3-TEXT --></p>\n                    ']",[],"['\n                        <h3 class=""se_textarea"">\n                            <!-- -->2018부산베이비페어 부산을 흔들어 ! 육아득템 비트컴온<!-- -->\n                            \n                        </h3>\n                        \n                        \n\t                ', '\n                        <p class=""se_textarea""><!-- SE3-TEXT { -->출구를 찾을 수 없는 매력을 뽐내는<br>최강베페가 꽃피는 춘삼월 드디어 돌아왔다.<br><br><br><!-- } SE3-TEXT --></p>\n                    ', '\n                        <h4 class=""se_textarea""><!-- SE3-TEXT { -->2018.3.1~3.4 in 벡스코<!-- } SE3-TEXT --></h4>\n                    ', '\n                        <p class=""se_textarea""><!-- SE3-TEXT { --><br>여짓껏 그대가 알던 육아박람회는 잊어라 !<br><br>지금부터 만나보게 될 베이비페어는 <br><u>180개사 600부스 육아브랜드 </u>참여에 빛나는<br>극강의 원조 <span style=""color:rgb(241,047,034);""><b>부산베이비페어</b></span>다 .<br><br><br><span style=""color:rgb(000,000,000);"">편리한 교통편 , 용이한 주변 편의시설 , 걱정없는 주차공간</span><br><span style=""color:rgb(000,000,000);"">벡스코라 좋다.</span><br><br><br><br><!-- } SE3-TEXT --></p>\n                    ', '\n                        <p class=""se_textarea""><!-- SE3-TEXT { -->* 입장 한시간전 상황 *<br>입소문은 인파를 타고 ~ 이 열기 좀 보소 <br>부산베페 이미 포텐 터졌다.<br><br><br>육아용품에 모든것 <br>부모라면 빠질 수 밖에 없는<br>부울경 최대 육아박람회 윤형제맘이 턴다 !<br><br>따라와 ~~~~<!-- } SE3-TEXT --></p>\n                    ', '\n                        <p class=""se_textarea""><!-- SE3-TEXT { -->우리 주말엔 베페 구경가볼까 ?!<br>그랬다면<span style=""color:rgb(241,047,034);""><b> 사전등록 必</b></span><br><br>박람회 기간 전 홈페이지에서 간편 <b>사전등록</b>만으로도 <br>사전등록 이벤트로&nbsp; 육아욕망템을 만나볼 수 있었단건 안비밀 <br><br>이외에도 스마트한 부산어뭉아붕님들을 위한 어플<b> 페어프리 </b><br><b>문자초대권 / 무료초대권</b>으로 입장가능 <br><br>나는 아무 것도 몰랐어 !&lt;-하시는 분들도 <br>단돈 5000원<b> 현장 매표입장 </b>가능하니 <br>지금은 부산베페 갈 시간 ♡<br><br><!-- } SE3-TEXT --></p>\n                    ', '\n                        <blockquote class=""se_textarea""><!-- SE3-TEXT { -->일찍 일어나는 새가 모이를 먹는다 <br>▼<br>일찍 오는 엄마가 그로미미를 챙긴다<!-- } SE3-TEXT --></blockquote>\n                    ', '\n                        <p class=""se_textarea""><!-- SE3-TEXT { --><br>베페역대급 이벤트<br>데일리 선착순 1천명에게 육아필수템을 준다니<br>이래서 부산베이비페어가 좋다 !<br><br><!-- } SE3-TEXT --></p>\n                    ', '\n                        <p class=""se_textarea""><!-- SE3-TEXT { -->9:30 대여소 오픈 <br><br>드넓은 박람회장에서 엄마의 든든한 두다리가 되어 줄 유모차 <br>디럭스유모차로 우리아이에겐 편안함을 엄마에겐 환상 핸들링을 선물 <br><br>준비물은 신분증과 연락처기재가 끝 <!-- } SE3-TEXT --></p>\n                    ', '\n                        <p class=""se_textarea""><!-- SE3-TEXT { -->육아꽃길 조력자 벡스코베이비페어 <br>제대로 털려면 <br>입장전 참가 업체와 업체 배치도 , 이벤트 확인 必<br><br><br><!-- } SE3-TEXT --></p>\n                    ', '\n                        <p class=""se_textarea""><!-- SE3-TEXT { -->10시 입장<br>오래 기다린만큼 더 반가운 박람회<br>내부 공기마져 상쾌하다.<br><br><br><br>베이비페어&nbsp; 이벤트득템 느낌아니까 ♡<br>현실 득템코스는 아래 <br>베페고랩이&nbsp; 알려주는 꿀팁 참고 <br>▼<br><br><br><!-- } SE3-TEXT --></p>\n                    ', '\n                        <p class=""se_textarea""><!-- SE3-TEXT { -->문뜩 궁금했다 .<br>일년 중 단 한번만 만나 볼 수 있는 부산베이비페어 <br><br>과연 <br>1년동안 준비한&nbsp; 알찬 결과물<br><br>띄엄 띄엄 본다면 예의가 아니다. <br>A부터 J까지 렛츠고우<br><br>우리아기를 위한 첫걸음 <br>부스 배치도와 업체리스트부터 우선 다운로드 완료 <br><br>박람회 현장에서 <br>팜플렛 챙기는 것 잊으면 아니아니아니대오 <br><br><!-- } SE3-TEXT --></p>\n                    ', '\n                        <p class=""se_textarea""><!-- SE3-TEXT { -->예비엄마아빠님들은 우리아가를 위한 첫 걸음을 <br>육아부부님들은 우리아가를 위한 첫 장난감들을 <br>할무니,할부지는 우리손주를 위한 첫 교육들을<br><span style=""color:rgb(000,000,000);"">임신출산육아가 모두 한자리에 !!</span><br><br><br>부산베페에서만 있는 놀라운 특가와 이벤트 <br>라인별로 털로 가즈아 !<!-- } SE3-TEXT --></p>\n                    ', '\n                        <p class=""se_textarea""><!-- SE3-TEXT { --><span style=""color:rgb(000,000,000);"">두눈 동공지진 리얼빼박캔트 </span><br><br>2018년 최신 육아트랜드 드루와 드루와 <br><br><!-- } SE3-TEXT --></p>\n                    ', '\n                        <p class=""se_textarea""><!-- SE3-TEXT { --><span style=""color:rgb(241,047,034);""><b><u>A01 푸드케어</u></b></span><br><br>HACCP인증 친환경 유기농 이유식 <br>현장에서만 받을 수 있는 최대3일 무료<br><br>워킹맘이였던 윤형제맘 첫째는 푸드케어로&nbsp; 완뽕 <br>엄마가 먹어도 맛있어서 늘 뺏어 먹고 싶었다.ㅎㅎ<!-- } SE3-TEXT --></p>\n                    ', '\n                        <p class=""se_textarea""><!-- SE3-TEXT { --><span style=""color:rgb(241,047,034);""><b><u>A02 방수네임스티커</u></b></span><br><br>어린이집 신학기 필수템 - 우리아기이름 뿜뿜 네임스티커 <br>예비맘들에겐 성장달력으로 인생사진 샤샤샤<br><br>돌잔치 성장동영상에 사진 겁니 필요하니<br> 태어나자 말자 우리아기 찍사로 취직 ㅋㅋ<br>성장달력 배경으로 부지런히 찍어줍시다.<br><br><!-- } SE3-TEXT --></p>\n                    ', '\n                        <p class=""se_textarea""><!-- SE3-TEXT { --><span style=""color:rgb(241,047,034);""><b><u>A03 베베시아 돌고래 필터 샤워기</u></b></span><br><br>목욕하기 싫어하는 아이도 <br>자석에 이끌리듯 욕실로 가게 만든다는 그 마성의 샤워기 <br><br>귀여운 돌고래친구가 어서오라고 손짓하네<br>레알 안개분사로 민감한 아이들 피부에 자극도 없어서 <br>우리 안군이 인생템 등극<br><br><br><!-- } SE3-TEXT --></p>\n                    ', '\n                        <p class=""se_textarea""><!-- SE3-TEXT { --><span style=""color:rgb(241,047,034);""><b><u>A04 스와들업</u></b></span><br><br>신생아잠투정 bye<br>꿀잠블랭킷 너 없으면 어쩔뻔했어 !!<br><br>신생아용이라 오래 못쓴다는 아쉬움이 있지만 <br>중고시장에서도 아주 잘 나가는 친구임 <!-- } SE3-TEXT --></p>\n                    ', '\n                        <p class=""se_textarea""><!-- SE3-TEXT { --><span style=""color:rgb(241,047,034);""><b><u>A05 오브엔</u></b></span><br><br>부드러운 촉감과 꼼꼼한 봉제로 <br>오래도록 함께하는 우리아기 간지템<br><br><!-- } SE3-TEXT --></p>\n                    ', '\n                        <p class=""se_textarea""><!-- SE3-TEXT { --><span style=""color:rgb(241,047,034);""><b><u>A06 이치비야</u></b></span><br><br>우리아기 건강을 생각한다면 <br>동결건조과일로 365일 냠냠챱챱<br><br>개월수별로 먹을 수 있는 과일이 다르니 <br>단디단디 보고 사기 !<!-- } SE3-TEXT --></p>\n                    ', '\n                        <p class=""se_textarea""><!-- SE3-TEXT { --><span style=""color:rgb(241,047,034);""><b><u>A07 포리포레 </u></b></span><br><br>신생아는 자극이 없어야해요 <br>그래서 포리포레가 만들었어요 <br>저자극 아토화장품<br><br><br>아기화장품 브랜드들은 현장에서 다 test가 가능하니<br>제형이라던지 향기 , 아기피부 트러블 유무등 확인템들이라<br>교환/반품의 번거로움도 無<br><br><!-- } SE3-TEXT --></p>\n                    ', '\n                        <p class=""se_textarea""><!-- SE3-TEXT { --><span style=""color:rgb(241,047,034);""><b><u>A08 로치니</u></b></span><br><br>종합유아용품 전문<br>로치니 유모차 컵홀더만큼 튼튼한 아이가 없다면서 <br>2년이 지났는데도 금하나 없다<br>두손모아 강츄츄<!-- } SE3-TEXT --></p>\n                    ', '\n                        <p class=""se_textarea""><!-- SE3-TEXT { --><span style=""color:rgb(241,047,034);""><b><u>A09 푸른들</u></b></span><br><br><br>국내산재료로 만든 건강한 우리아이 먹거리 <br>까까도 맛있고 후리가케도 맛있다.<!-- } SE3-TEXT --></p>\n                    ', '\n                        <p class=""se_textarea""><!-- SE3-TEXT { -->안군이 밥 거부 사태때 마다 <br>늘 출동해주시는 푸른들 <br>어디든 솔솔 뿌려만 주니 요리고자엄마도 이젠 주부9단이다.<!-- } SE3-TEXT --></p>\n                    ', '\n                        <p class=""se_textarea""><!-- SE3-TEXT { --><span style=""color:rgb(241,047,034);""><b><u>A10 프띠아띠</u></b></span><br><br>환경호르몬으로부터 자유로운 실리콘젖병<br>출산준비물은 이처럼 착해야한다.<!-- } SE3-TEXT --></p>\n                    ', '\n                        <p class=""se_textarea""><!-- SE3-TEXT { --><span style=""color:rgb(241,047,034);""><b><u>A12 스펙트라</u></b></span><br><br>첫째때 스펙트라 유축기로 다키웠는데 ㅎ<br>이번에 새로나온 신상 스펙트라 소독기 <br>완벽한 기능과 모던한 디자인 아주칭찬해<!-- } SE3-TEXT --></p>\n                    ', '\n                        <p class=""se_textarea""><!-- SE3-TEXT { --><span style=""color:rgb(241,047,034);""><b><u>A13 구스켓 </u></b></span><br><br>쌈빡하고 씬빡하다.<br>겉싸개+ 우주복 + 아기띠워머 + 유모차풋머프 올인원<br>어마무시한 만능효자템 인정 <!-- } SE3-TEXT --></p>\n                    ', '\n                        <p class=""se_textarea""><!-- SE3-TEXT { --><span style=""color:rgb(241,047,034);""><b><u>A14 안토바라기</u></b></span><br><br>신생아 최대의 적 <br>태열 /피부가려움 /아토피 <br>안토바라기 하나면&nbsp; 피부속부터 건강해진다.<br><br><!-- } SE3-TEXT --></p>\n                    ', '\n                        <p class=""se_textarea""><!-- SE3-TEXT { --><span style=""color:rgb(241,047,034);""><b><u>A15 드로잉베이비</u></b></span><br><br>엄마 껌딱지는 옛말<br>요즘은 다들 공룡 껌딱지 ㅋㅋ<br><br>우리아이 애착인형 <!-- } SE3-TEXT --></p>\n                    ', '\n                        <p class=""se_textarea""><!-- SE3-TEXT { --><span style=""color:rgb(241,047,034);""><b><u>A16 블레싱포유</u></b></span><br><br>국민기저귀가방<br>부산베페에선 패키지로 더 착하게 만나 볼 수 있다.<br><br><!-- } SE3-TEXT --></p>\n                    ', '\n                        <p class=""se_textarea""><!-- SE3-TEXT { --><span style=""color:rgb(241,047,034);""><b><u>A17 토미토미</u></b></span><br><br>꼼꼼한 엄마들의 선택은 <br>친환경 대나무 섬유 <br>보들보들&nbsp; 한번 만지면 손땔 수 없다.<!-- } SE3-TEXT --></p>\n                    ', '\n                        <p class=""se_textarea""><!-- SE3-TEXT { --><span style=""color:rgb(241,047,034);""><b><u>A18 꼬까참새 </u></b></span><br><br>패셔니맘들의 탁월한 산택 <br>북유럽감성 뿜뿜<br><br><!-- } SE3-TEXT --></p>\n                    ', '\n                        <p class=""se_textarea""><!-- SE3-TEXT { --><span style=""color:rgb(241,047,034);""><b><u>A19 뿌니토</u></b></span><br><br>천연소재 애착인형 <br>센스돋는 백일 , 돌선물 <br>뿌니토 한녀석 몰고갈께요 !<br><br><!-- } SE3-TEXT --></p>\n                    ', '\n                        <p class=""se_textarea""><!-- SE3-TEXT { --><span style=""color:rgb(241,047,034);""><b><u>A20 건식넘버원</u></b></span><br><br>비타민 D 챙긴다고 <br>아직도 땡볕에 나가서서 있는건 아니죠 ?!<br>다나음 비타민D<br>상큼한 맛에 한개먹을꺼 두개먹어진다면서 ㅋㅋ<br>아이건강도 중요하지만&nbsp; 엄마건강을 더 중요 !<!-- } SE3-TEXT --></p>\n                    ', '\n                        <p class=""se_textarea""><!-- SE3-TEXT { --><span style=""color:rgb(241,047,034);""><b><u>A21 시밀레</u></b></span><br><br>출산필수아이템 시밀레유축기 ,젖병소독기<br>현장에서만 대박할인<!-- } SE3-TEXT --></p>\n                    ', '\n                        <p class=""se_textarea""><!-- SE3-TEXT { --><span style=""color:rgb(241,047,034);""><b><u>A22 휴비딕 체온계</u></b></span><br><br>초보 엄마아빠들이 가장 많이 하는 실수 , 아기화상 <br>신생아 목욕시 가장 중요한 물온도 !!<br>디지털 탕온도계 꼭 사야대 사야대 !<!-- } SE3-TEXT --></p>\n                    ', '\n                        <p class=""se_textarea""><!-- SE3-TEXT { --><span style=""color:rgb(241,047,034);""><b><u>A23 비오</u></b></span><br><br>친환경 일회용 육아용품 <br>주말, 외식할때 뒷정리 걱정없이 <br>편하고 즐겁게 육아한다.<!-- } SE3-TEXT --></p>\n                    ', '\n                        <p class=""se_textarea""><!-- SE3-TEXT { --><span style=""color:rgb(241,047,034);""><b><u>A24 아가프라</u></b></span><br><br>출산,유아용품 100퍼 국내순수제작<br>있으면 진짜 좋은 개이득템들&nbsp; 싸고 많은 곳<br><br><!-- } SE3-TEXT --></p>\n                    ', '\n                        <p class=""se_textarea""><!-- SE3-TEXT { --><span style=""color:rgb(241,047,034);""><b><u>A26 꼬야</u></b></span><br><br>아기가 사용하는 건 친환경 착한 소재여야한다 <br>거기다 이쁨까지 덤<br><br><!-- } SE3-TEXT --></p>\n                    ', '\n                        <p class=""se_textarea""><!-- SE3-TEXT { --><span style=""color:rgb(241,047,034);""><b><u>A29 마음드림</u></b></span><br><br>아이 발길 딱 멈추게하는 리얼 장난감들 가득 <br>특히 인기쟁이는 물놀이 테엽장난감 <br><br>안군이 사줬는데 1년이 지난 지금도 잘가지고 논다며 ㅋㅋ<br><br><!-- } SE3-TEXT --></p>\n                    ', '\n                        <p class=""se_textarea""><!-- SE3-TEXT { --><span style=""color:rgb(241,047,034);""><b><u>A30 아이뽀송</u></b></span><br><br>일단 핸드메이드 육아템임 <br>이 하나만으로도 말다한 좋은 친구<br><br><!-- } SE3-TEXT --></p>\n                    ', '\n                        <p class=""se_textarea""><!-- SE3-TEXT { --><span style=""color:rgb(241,047,034);""><b><u>A33 드라마 실리콘 젖병</u></b></span><br><br>실리콘 소재로 유해물질 놉<br>드라마틱한 육아는 드라마로 !<!-- } SE3-TEXT --></p>\n                    ', '\n                        <p class=""se_textarea""><!-- SE3-TEXT { --><span style=""color:rgb(241,047,034);""><b><u>A34 네이쳐러브메레</u></b></span><br><br>기저귀 , 물티슈 , 세제 , 스킨케어 , 지퍼백 <br>없는거 빼고 다있다 <br>부스방문시 기저귀 샘플 겟 <br>세제,유연제 7개 구매시 1팩 무료 겟 <br><br>다 퍼다 날라주는구먼 !<!-- } SE3-TEXT --></p>\n                    ', '\n                        <p class=""se_textarea""><!-- SE3-TEXT { --><span style=""color:rgb(241,047,034);""><b><u>A36 앙뽀</u></b></span><br><br>모유수유에서 혼합수유로 갈아탈때 <br>젖꼭지 거부사태를 일으켰던 첫째 <br><br>그 사태를 잠재워준 아기가 잘무는 젖병 <br>엄마 찌찌를 닮은 젖꼭지 앙뽀<br><br><br><!-- } SE3-TEXT --></p>\n                    ', '\n                        <p class=""se_textarea""><!-- SE3-TEXT { --><span style=""color:rgb(241,047,034);""><b><u>A38 밤부베베</u></b></span><br><br>두말 필요 없다 .<br>출산용품준비물 甲<br><br>한번 쓴 엄마는 없을껄로 예상<br>늘 밤부베베 애정녀 ㅋㅋ<br><br><!-- } SE3-TEXT --></p>\n                    ', '\n                        <p class=""se_textarea""><!-- SE3-TEXT { --><span style=""color:rgb(241,047,034);""><b><u>A41 맘스데이</u></b></span><br><br>우리아기를 생각한다면 엄마몸도 소중히 지켜내요<br>조임없는 임산부속옷 , 산전복대 +팬티<br><br>갑자기 불어난 몸무게때문에 ㅠ 속옷하나 살때도 부담백배 <br>현장에서 친절한 스텝언니가 치수를 정확하게 확인해주시고 권장해주니 <br>요일별로 사둘까 ㅋㅋ?<!-- } SE3-TEXT --></p>\n                    ', '\n                        <p class=""se_textarea""><!-- SE3-TEXT { --><span style=""color:rgb(241,047,034);""><b><u>A43 무루땅콩기저귀</u></b></span><br><br>밤부베베의 양대산맥<br>출산준비물 필요한건 무루에와서 다 물으면 준비 끝 ㅋ<br><br><!-- } SE3-TEXT --></p>\n                    ', '\n                        <p class=""se_textarea""><!-- SE3-TEXT { --><span style=""color:rgb(241,047,034);""><b><u>A45 모니</u></b></span><br><br>아기에게 필요한 모든것 <br>흡착 식판 + 우유클립 <br>없으면 아쉬울껄 ~!<!-- } SE3-TEXT --></p>\n                    ', '\n                        <p class=""se_textarea""><!-- SE3-TEXT { --><span style=""color:rgb(241,047,034);""><b><u>A47 앙즐레</u></b></span><br><br>신생아 아무곳에나 눕힐 수 없죠 <br>우리베이비의 첫 보금자리 휴대용 범퍼침대 <!-- } SE3-TEXT --></p>\n                    ', '\n                        <p class=""se_textarea""><!-- SE3-TEXT { --><span style=""color:rgb(241,047,034);""><b><u>A48 맘스네이처</u></b></span><br><br>쩌는 원단에 합리적인 가격 <br>우리집 수건도 다 ㅋㅋ 뱀부다 맘스네이처 !<br><br>잘 닦이고 잘 마르고 잘 흡수하고 !<!-- } SE3-TEXT --></p>\n                    ', '\n                        <p class=""se_textarea""><!-- SE3-TEXT { --><span style=""color:rgb(241,047,034);""><b><u>A49 아이순해</u></b></span><br><br>이름부터가 순하다.<br>전성분 EWG그린등급 100%공개 <br>순하고 촉촉하게 키우자.<br><br><!-- } SE3-TEXT --></p>\n                    ', '\n                        <p class=""se_textarea""><!-- SE3-TEXT { --><span style=""color:rgb(241,047,034);""><b><u>A50 레몬트리</u></b></span><br><br>기능에 감각을 더한 기저귀가방 <br>외출시 내 패션까지 놓치지 않게 해줄 너어 ~♡<br><br><!-- } SE3-TEXT --></p>\n                    ', '\n                        <p class=""se_textarea""><!-- SE3-TEXT { --><span style=""color:rgb(241,047,034);""><b><u>A52 리베로 / 휴비딕</u></b></span><br><br><br><!-- } SE3-TEXT --></p>\n                    ', '\n                        <blockquote class=""se_textarea""><!-- SE3-TEXT { -->*부산베이비페어의 좋은 점 <br>정확한 설명을 들을 수 있다.<br><br>인터넷상에서 떠도는 사용법 백만번 보는 것 보다 <br>한번 듣고 보는 것이 실해 !<br><br>열정가득한 스텝아저씨의 설명 그뤠잇<!-- } SE3-TEXT --></blockquote>\n                    ', '\n                        <p class=""se_textarea""><!-- SE3-TEXT { --><br><span style=""color:rgb(241,047,034);""><b><u>A52 키즈존</u></b></span><br><br>천연소재로 만든 버블바스 <br>욕조에 넣고 물만 받으면 뭉게뭉게 피어나는 <br>부드러운 거품을 만날 수 있다 <br>우리아이 즐거운 목욕타임 해피투게더 <br><br><!-- } SE3-TEXT --></p>\n                    ', '\n                        <p class=""se_textarea""><!-- SE3-TEXT { --><span style=""color:rgb(241,047,034);""><b><u>A54 내이브로</u></b></span><br><br>5봉에 1만원 <br>12봉에 2만원 <br>가격 끝판대장 <br><br>인절미 스낵 잘 못 주서먹으면 <br>12봉 사간다 ㅋㅋ 너무 맛있어서 !!!<!-- } SE3-TEXT --></p>\n                    ', '\n                        <p class=""se_textarea""><!-- SE3-TEXT { --><span style=""color:rgb(241,047,034);""><b><u>A55 버드시아</u></b></span><br><br>본베베가 최고인줄 알았는데 <br>가성비는 버드시아 점보의자가 칭찬해 <br><br>다양한 아기도움템들도 재미솔솔<br><br><!-- } SE3-TEXT --></p>\n                    ', '\n                        <p class=""se_textarea""><!-- SE3-TEXT { --><span style=""color:rgb(241,047,034);""><b><u>A55 헬로베베</u></b></span><br><br>착용하는 순간 우리아이 시선강탈<br><br>우리아이 귀여운거 못본사람 없게 해주때요 !<br><br><!-- } SE3-TEXT --></p>\n                    ', '\n                        <p class=""se_textarea""><!-- SE3-TEXT { --><span style=""color:rgb(241,047,034);""><b><u>A57 유호랑 </u></b></span><br><br>오늘 부산베페 주인공은 나야나 <br>세상 깜찍함 다 찜꽁한 우리아이 옷 <!-- } SE3-TEXT --></p>\n                    ', '\n                        <p class=""se_textarea""><!-- SE3-TEXT { --><span style=""color:rgb(241,047,034);""><b><u>A58 썬앤베이비</u></b></span><br><br>멀리가지말고 출산용품은 썬앤베이비에서 준비하자<br>전품목 절찬리 이벤트할인<!-- } SE3-TEXT --></p>\n                    ', '\n                        <p class=""se_textarea""><!-- SE3-TEXT { --><span style=""color:rgb(241,047,034);""><b><u>A61 루솔</u></b></span><br><br>좋은 것만 주고싶은 엄마의마음<br>베이비 이유식이 박람회특가 !!!! <br>정가 3500원 짜리를 1800원에 준다니 <br><br>베페 특혜논란 ㅋㅋㅋ<br><br><!-- } SE3-TEXT --></p>\n                    ', '\n                        <p class=""se_textarea""><!-- SE3-TEXT { --><span style=""color:rgb(241,047,034);""><b><u>A63 코트니홈</u></b></span><br><br>그냥 이불은 많다 <br>하지만 ! <br>감성자극 /진드기방지<br>미술심리치료사가 만든 이 감성은 드물지 !<br><br>아기상어 한마리는 몰고 집에가고 싶푸다ㅠ<br><br><!-- } SE3-TEXT --></p>\n                    ', '\n                        <p class=""se_textarea""><!-- SE3-TEXT { --><span style=""color:rgb(241,047,034);""><b><u>A64 롤리베베</u></b></span><br><br>3D매쉬매트 지금 착하게 겟하고 <br>+ 베개까지 가져가잡<br><br><!-- } SE3-TEXT --></p>\n                    ', '\n                        <p class=""se_textarea""><!-- SE3-TEXT { --><span style=""color:rgb(241,047,034);""><b><u>A65 밍크엘레팡</u></b></span><br><br>딸랑구엄마라면&nbsp; 세상심쿵<br>씌우는 순간 사랑스러움대폭발 보넷 ♡<br>십이간지 띠별 애착인형도 best템<!-- } SE3-TEXT --></p>\n                    ', '\n                        <p class=""se_textarea""><!-- SE3-TEXT { --><span style=""color:rgb(241,047,034);""><b><u>A67 프라하우스</u></b></span><br><br>착용감 우수해 ,많이 사면 세일가격은 더 우수해 <br>사용용도 별로 다양한 임산부 속옷은 여기서 만나보자<br><br><!-- } SE3-TEXT --></p>\n                    ', '\n                        <p class=""se_textarea""><!-- SE3-TEXT { --><span style=""color:rgb(241,047,034);""><b><u>A68 아토베네</u></b></span><br><br>피부수분 올킬 <br>워시부터 크림까지 라인업 퍼펙트해 <br><br><!-- } SE3-TEXT --></p>\n                    ', '\n                        <p class=""se_textarea""><!-- SE3-TEXT { --><span style=""color:rgb(241,047,034);""><b><u>A69 엔젤라</u></b></span><br><br>중국산/인터넷 싸구리 제품 아니죠 !<br>국산만 취급합니다.<br><br><br>벡스코 베이비페어는 믿음까지 잡았다<!-- } SE3-TEXT --></p>\n                    ', '\n                        <p class=""se_textarea""><!-- SE3-TEXT { -->발디딜틈이 없는 핫한 현장 <br>역시 2018 부산베이비페어가 하드캐리 !<br><br>하지만 ㅋㅋ 윤형제맘은 아직 목마르다 !<br>털잇업 털잇업 <!-- } SE3-TEXT --></p>\n                    ', '\n                        <p class=""se_textarea""><!-- SE3-TEXT { --><span style=""color:rgb(241,047,034);""><b><u>A72 꼬까신</u></b></span><br><br>이 가격 실화냐 ?!<br>바디수트 5벌 14000원 <br>우리아기 올해패션은 ㅋㅋ 14000원으로 땡처리 <!-- } SE3-TEXT --></p>\n                    ', '\n                        <p class=""se_textarea""><!-- SE3-TEXT { --><span style=""color:rgb(241,047,034);""><b><u>A82 순수식품</u></b></span><br><br>제철과일 먹이기 힘들다 <br>그래서 마시자 <br>순수한 과일즙 고대로 <br>안군이 7개월부터 쭈욱 함께중 <br>도라지배즙 먹고는 감기가 잘 안걸립니다.<!-- } SE3-TEXT --></p>\n                    ', '\n                        <p class=""se_textarea""><!-- SE3-TEXT { --><span style=""color:rgb(241,047,034);""><b><u>A74 엘빈즈 </u></b></span><br><br>친환경 우리아기 먹거리<br>엄마들한테 가장 인기 있는 부스였다.<br>이유식도 까리하지만 엘빈즈 과자는 가히 완판수준 <br>늦기전에 겟하라 <!-- } SE3-TEXT --></p>\n                    ', '\n                        <p class=""se_textarea""><!-- SE3-TEXT { --><span style=""color:rgb(241,047,034);""><b><u>A76 베베원 </u></b></span><br><br>봄/여름/가을/겨울 모든 계절을 아우를 수 있는 이유 <br>여기가 베이비페어이기 때문이지요 <!-- } SE3-TEXT --></p>\n                    ', '\n                        <p class=""se_textarea""><!-- SE3-TEXT { --><span style=""color:rgb(241,047,034);""><b><u>A78 드림맘</u></b></span> <br><br>임신했다고 패션 포기하지마세요 <br>드림맘이 있으니깐요 <br>입는 순간 내가 선미다 !<br><br>""왜 예쁜 날 두고 가시나 ㅋㅋ~""<!-- } SE3-TEXT --></p>\n                    ', '\n                        <p class=""se_textarea""><!-- SE3-TEXT { --><span style=""color:rgb(241,047,034);""><b><u>A80 유팡</u></b></span><br><br>와우 ! 물개박수부터 주고가자 <br>유팡이 달라졌다 <br>업그레이 됬다 <br><br>디자인 부터 집에 데려가고 싶은 예쁨뿜뿜<br>젖병 삶지마세요 소독합시다 <br><br><!-- } SE3-TEXT --></p>\n                    ', '\n                        <p class=""se_textarea""><!-- SE3-TEXT { --><span style=""color:rgb(241,047,034);""><b><u>A82 아토아토</u></b></span><br>국내산편백수 유아스킨케어 <br><br><!-- } SE3-TEXT --></p>\n                    ', '\n                        <blockquote class=""se_textarea""><!-- SE3-TEXT { -->*벡스코 베이비페어가 좋은점 <br><br>비교가 가능하다 .<br>동일한 품종의 다양한 브랜드들이 입점되어있어서 <br>가격적으로도 성능적으로도 효과적으로도 바로 선택가능하니 <br>인터넷 폭풍검색 할 필요 없어서 시간낭비도 無<br><br>이래도 내일 안올꺼냐면서 ~ 이쯤 읽었다면 <br>돈찾으러 TM기로 고고싱 !<!-- } SE3-TEXT --></blockquote>\n                    ', '\n                        <p class=""se_textarea""><!-- SE3-TEXT { -->와 ..... 2시간은 구경한거 같은데 <br>아직도 A라인임 <br><br>이것이 명불허전 부울경 최대규모의 베페 인증각 <br><br><!-- } SE3-TEXT --></p>\n                    ', '\n                        <p class=""se_textarea""><!-- SE3-TEXT { --><span style=""color:rgb(241,047,034);""><b><u>A85 브라운체온계</u></b></span><br><br>비접촉 체온계보다 귀에 꼽는 체온계가 더 정확하고 <br>더 저렴하다.<!-- } SE3-TEXT --></p>\n                    ', '\n                        <p class=""se_textarea""><!-- SE3-TEXT { --><span style=""color:rgb(241,047,034);""><b><u>A86 화모베이비</u></b></span><br><br>친환경 아기용품템 <br>어린이집 필수 낮잠이불을 가장 저렴하게 겟할 수 있는 부스이기도 하다.<br><br><!-- } SE3-TEXT --></p>\n                    ', '\n                        <p class=""se_textarea""><!-- SE3-TEXT { -->드디어 B라인으로 갈아탄다.<br><br>베이비페어 털러왔다가 내가 털리는 이기분 모지 ㅋㅋ?!<!-- } SE3-TEXT --></p>\n                    ', '\n                        <p class=""se_textarea""><!-- SE3-TEXT { -->2018 황금개띠해 출산준비는 여기서<br>in 벡스코 베이비페어<!-- } SE3-TEXT --></p>\n                    ', '\n                        <p class=""se_textarea""><!-- SE3-TEXT { --><span style=""color:rgb(241,047,034);""><b><u>B01 순성 </u></b></span><br><br>카시트 브랜드 선호도 1위 <br>일단 메이디인 코리아 <br>국산을 씁시다 <br><br><!-- } SE3-TEXT --></p>\n                    ', '\n                        <p class=""se_textarea""><!-- SE3-TEXT { --><span style=""color:rgb(241,047,034);""><b><u>B01 아토팜</u></b></span><br><br>예민하고 민감한 우리아기 피부곁엔 <br>늘 아토팜 <!-- } SE3-TEXT --></p>\n                    ', '\n                        <p class=""se_textarea""><!-- SE3-TEXT { --><span style=""color:rgb(241,047,034);""><b><u>B10 해님 </u></b></span><br><br>젖병소독기가 블루투스가 된다면 믿으시겠습니까 ?<br>믿지 못하겠다면 해님젖병소독기를 만나보세요 <br><br><!-- } SE3-TEXT --></p>\n                    ', '\n                        <p class=""se_textarea""><!-- SE3-TEXT { --><span style=""color:rgb(241,047,034);""><b><u>B10 마마치 </u></b></span><br><br>젖병계의 샤넬 마마치 <br>빠지면 헤어나올 수 없다 <br>신생아 젖병으로 아주 칭찬해 <br><br><br><!-- } SE3-TEXT --></p>\n                    ', '\n                        <p class=""se_textarea""><!-- SE3-TEXT { --><span style=""color:rgb(241,047,034);""><b><u>B16 하로월드 쁘띠친구들 </u></b></span><br><br>옷부터 범퍼침대까지 예쁨으로 무장한 이녀석 <br>지나치면 자연스레 눈이가요 눈이가 ~ 쁘띠친구들에 눈이가 <!-- } SE3-TEXT --></p>\n                    ', '\n                        <p class=""se_textarea""><!-- SE3-TEXT { --><span style=""color:rgb(241,047,034);""><b><u>B25 바다향기 </u></b></span><br><br>가문어 훈제구이 사서 냉동보관했다가 <br>라면 끓여먹을때마다 넣어먹으면 <br>얼마나 맛있게요 ?!<br>둘이 먹다가 하나가 죽어도 모를 맛 <!-- } SE3-TEXT --></p>\n                    ', '\n                        <p class=""se_textarea""><!-- SE3-TEXT { --><span style=""color:rgb(241,047,034);""><b><u>B27 쿠쿠홈시스</u></b></span><br><br>이젠 렌탈도 베페가 착한 시대 !<br><br><br><!-- } SE3-TEXT --></p>\n                    ', '\n                        <p class=""se_textarea""><!-- SE3-TEXT { --><span style=""color:rgb(241,047,034);""><b><u>B28 조아뜨</u></b></span><br><br>범퍼매트 / 범퍼침대 /플레이하우스 <br>포근한 신생아침구&nbsp; 추천 꾸욱 <br><br><br><!-- } SE3-TEXT --></p>\n                    ', '\n                        <p class=""se_textarea""><!-- SE3-TEXT { --><span style=""color:rgb(241,047,034);""><b><u>B30 프리즘베베</u></b></span><br><br>깜찍한 우리아기 악세사리 <br>인스타 퐐뤄퐐뤄만 해도 헤어핀을 준다니 <br>딸랑구맘들이여 일어나라 !!!<br><br><!-- } SE3-TEXT --></p>\n                    ', '\n                        <p class=""se_textarea""><!-- SE3-TEXT { --><span style=""color:rgb(241,047,034);""><b><u>B33 아프리카</u></b></span><br><br>신생아때부터 요긴하게 사용할 수 있는 <br>편안하고 안전한 카시트<br><br><!-- } SE3-TEXT --></p>\n                    ', '\n                        <p class=""se_textarea""><!-- SE3-TEXT { --><span style=""color:rgb(241,047,034);""><b><u>B34 알로앙베이비</u></b></span><br><br>출산유아용품 전문<br>양말 뭉탱이 고르는 재미가 있다.<!-- } SE3-TEXT --></p>\n                    ', '\n                        <p class=""se_textarea""><!-- SE3-TEXT { --><span style=""color:rgb(241,047,034);""><b><u>B36 베베밴드 </u></b></span><br><br>우리아이 귀여움은 멀로 판가름한다 ?<br>밴드하나로 갈린다 <br><br>우리공주님 ~ 여왕님으로 만들어주세욥<!-- } SE3-TEXT --></p>\n                    ', '\n                        <p class=""se_textarea""><!-- SE3-TEXT { --><span style=""color:rgb(241,047,034);""><b><u>B37 포그내 </u></b></span><br><br>특허받은 무소음 허리벨트로 <br>우리아이 깨울일 없지롱 <br>아기띠 / 힙시트 / 힙시트캐리어 까지 올인원 하나로 해결 !<br><br>아기띠 따로 사면 당한거임 <br><br><!-- } SE3-TEXT --></p>\n                    ', '\n                        <p class=""se_textarea""><!-- SE3-TEXT { --><span style=""color:rgb(241,047,034);""><b><u>B40 위드베베</u></b></span><br><br>우리아이가 태어나 처음느끼는 감촉 <br>오래동안 부드럽다.<br><br>매일 낮 예비맘 선착순 엠봅 손수건 증정 <br>배불러도 우리 아이를 위해서 뜁시다 !<br><br><!-- } SE3-TEXT --></p>\n                    ', '\n                        <p class=""se_textarea""><!-- SE3-TEXT { --><span style=""color:rgb(241,047,034);""><b><u>B42 레드루트</u></b></span><br><br>유기농 아토피 안심세제 <br>진짜 잔향도 오래하고 세탁도 깨끗히 잘되서 <br>쭈욱 쓰고 싶은데 가격이 조금 사악해서 포기 ㅠㅋ <br><br><!-- } SE3-TEXT --></p>\n                    ', '\n                        <p class=""se_textarea""><!-- SE3-TEXT { --><span style=""color:rgb(241,047,034);""><b><u>B46 롤베이비</u></b></span><br><br>우리아기 침구류 롤베이비가 다 준비했다.<!-- } SE3-TEXT --></p>\n                    ', '\n                        <p class=""se_textarea""><!-- SE3-TEXT { --><span style=""color:rgb(241,047,034);""><b><u>휴엘라</u></b></span> <br><br>폴더형 범퍼침대의 가장큰 장점 <br>견고하고 안전하다.<br><br>범퍼침대하나면 우리집도 안전 놀이터 <!-- } SE3-TEXT --></p>\n                    ', '\n                        <p class=""se_textarea""><!-- SE3-TEXT { --><span style=""color:rgb(241,047,034);""><b><u>B52 보니타베베</u></b></span><br><br>더 업그레이드 되서 돌아왔다 <br>온가족이 함께 사용할수 있는 인생사이즈 <br>확장형 범퍼침대 <br><br>신템 나왔다고 특가찬스 진행중<br><br><!-- } SE3-TEXT --></p>\n                    ', '\n                        <blockquote class=""se_textarea""><!-- SE3-TEXT { -->A/B라인만 보았을 뿐인데 <br>심장 바운스바운스 흥분의 도가니 <br>임신 / 출산/ 육아 /교육 모든 면에서 하나도 빠지지않고 골고루 <br>부모들의 니즈 大충족 <br><br>현장이벤트와 sns 이벤트로 누릴수 있는 혜택도 무궁무진 <br><br>휴대폰 풀 충전은 기본입니다. ㅋㅋ<!-- } SE3-TEXT --></blockquote>\n                    ', '\n                        <p class=""se_textarea""><!-- SE3-TEXT { --><span style=""color:rgb(241,047,034);""><b><u>C01 타이니러브</u></b></span><br><br>진짜 타이니러브 없는 육아집 없다. <br>아이가 좋아한다. 더 이유가 필요할까 ㅋㅋ?<!-- } SE3-TEXT --></p>\n                    ', '\n                        <p class=""se_textarea""><!-- SE3-TEXT { --><span style=""color:rgb(241,047,034);""><b><u>C07 실버크로스</u></b></span><br><br>절충형 유모차의 끝판대장&nbsp; + 고급짐으로 엄마 마음 훔쳐갔다.<!-- } SE3-TEXT --></p>\n                    ', '\n                        <p class=""se_textarea""><!-- SE3-TEXT { --><span style=""color:rgb(241,047,034);""><b><u>C11 현대백화점 </u></b></span><br><br>백화점에서 봤던 그 친구들이 <br>베페까지 행차하셨어요 <br><br>언니랑 같이 집에가자 ㅋㅋ <br><br><!-- } SE3-TEXT --></p>\n                    ', '\n                        <p class=""se_textarea""><!-- SE3-TEXT { --><span style=""color:rgb(241,047,034);""><b><u>C15 캐논/소니</u></b></span><br><br>인생사진은 누가 찍는다 ?!<br>캐논이랑 소니다.<br><br>무료 인화까지 해주니 뽑을 사진 지정해서 가기 ㅋㅋ<br><br><!-- } SE3-TEXT --></p>\n                    ', '\n                        <p class=""se_textarea""><!-- SE3-TEXT { --><span style=""color:rgb(241,047,034);""><b><u>C19 풀무원 건강생활 </u></b></span><br><br>녹즙 녹즙 ~ 녹즙 한잔 호로록으로 챙기는 온가족 건강 <br>우리아이 유산균은 1+1<!-- } SE3-TEXT --></p>\n                    ', '\n                        <p class=""se_textarea""><!-- SE3-TEXT { --><span style=""color:rgb(241,047,034);""><b><u>C21키즈베베</u></b></span><br><br>아이들의 밝은 웃음위에 더 밝은 이미지 입히기 <br>매력만점 유아의류 <br><br>사고싶은거 천지때까지 ㅠㅠ <br>여기서 지갑 봉인완벽 해제 당할뻔 ㅋㅋ<br><br><!-- } SE3-TEXT --></p>\n                    ', '\n                        <p class=""se_textarea""><!-- SE3-TEXT { --><span style=""color:rgb(241,047,034);""><b><u>C23 해적 스튜디오</u></b></span><br><br>부산 만산촬영 잘하는 곳 <br>느낌 있는 곳 <br>여기다 베페맞춤가격으로 + 썹수까지 챙겨가자 <!-- } SE3-TEXT --></p>\n                    ', '\n                        <p class=""se_textarea""><!-- SE3-TEXT { --><span style=""color:rgb(241,047,034);""><b><u>C27 코블럭</u></b></span><br><br>우리아기 창의력 UP <br>엄마들 입소문 완판장난감 <br>놓치고 싶지않아<br><br><!-- } SE3-TEXT --></p>\n                    ', '\n                        <p class=""se_textarea""><!-- SE3-TEXT { --><span style=""color:rgb(241,047,034);""><b><u>C31 농협생명</u></b></span><br><br>저축해서 광명찾자 !<br>평생플랜 가즈아 <br><br>베페에서 우리집 가계의 미래까지도 점 쳐 볼 수 있다 <!-- } SE3-TEXT --></p>\n                    ', '\n                        <p class=""se_textarea""><!-- SE3-TEXT { --><span style=""color:rgb(241,047,034);""><b><u>C35 슈베스</u></b></span> <br><br>엉덩이팡팡때려주고싶은 귀염절정 기저귀<br>우리 안군이 기저귀랍니다. <br>깐깐한 윤형제맘이 선택했다면 <br>이 기저귀는 진짜다.<!-- } SE3-TEXT --></p>\n                    ', '\n                        <p class=""se_textarea""><!-- SE3-TEXT { --><span style=""color:rgb(241,047,034);""><b><u>C36 엔젤비닷</u></b></span><br><br>깜찍한 우리아이에게 지금 필요한 건 뭐다 ?!<br>깨물어주고싶은 비쥬얼의 유아의류 엔젤비닷 !<!-- } SE3-TEXT --></p>\n                    ', '\n                        <p class=""se_textarea""><!-- SE3-TEXT { --><span style=""color:rgb(241,047,034);""><b><u>C37 마더스베이비</u></b></span><br><br>행복한 임신을 마더스베이비가 함께 축하해요 <br>엄마마음 그대로의 임산부속옷<!-- } SE3-TEXT --></p>\n                    ', '\n                        <p class=""se_textarea""><!-- SE3-TEXT { -->정말 ㅋㅋ 재미있음요 !<!-- } SE3-TEXT --></p>\n                    ', '\n                        <blockquote class=""se_textarea""><!-- SE3-TEXT { -->3월 부산베이비페어가 좋은이유 <br>매년 신상템들을 먼저 박람회에서 만나 볼 수 있다는 점 <br><br>남보다 트랜드를 앞서간다는 것 만큼 <br>즐거운 것이 없다 &nbsp; &nbsp; - 윤형제맘 왈<!-- } SE3-TEXT --></blockquote>\n                    ', '\n                        <p class=""se_textarea""><!-- SE3-TEXT { --><span style=""color:rgb(241,047,034);""><b><u>D01 다이치</u></b></span><br><br>안전의 대명사 다이치 <br>대한민국 최초 회전형 카시트 원픽스 360출시<!-- } SE3-TEXT --></p>\n                    ', '\n                        <p class=""se_textarea""><!-- SE3-TEXT { -->우리 안군이도 다이치 !! 다이치 !! 다이치 !!!<br>퍼스트세븐 살때가 새삥했는데 벌서 원픽스가 출시되었다니 <br><br>둘째 서윤이도 또 다이치로 가즈아 !<br><br><!-- } SE3-TEXT --></p>\n                    ', '\n                        <p class=""se_textarea""><!-- SE3-TEXT { --><span style=""color:rgb(241,047,034);""><b><u>D07 프론토웨건</u></b></span><br><br>넘사벽 웨건 <br>당장 결제 할뻔했다. <br>정말 핸들링이 유모차보다 더 좋으면 어쩌란 거니 ?!<br>연년생 맘이라서 둘째가 걸음마 시작하면 어떻게 데리고 나가나 고민했는데 <br><br>그 고민 넣어둬 넣어둬 <br>프론토웨건 사자 !<br><br>부산베이비페어 디피상품 겟하면 더 착하게 겟겟겟 !<!-- } SE3-TEXT --></p>\n                    ', '\n                        <p class=""se_textarea""><!-- SE3-TEXT { --><span style=""color:rgb(241,047,034);""><b><u>D11 퀴니</u></b></span><br><br>퀴니랑 외출하면 따가울꺼다<br>부러움의 시선을 한몸에 받으니까 ㅋㅋ<br><br><br><!-- } SE3-TEXT --></p>\n                    ', '\n                        <p class=""se_textarea""><!-- SE3-TEXT { --><span style=""color:rgb(241,047,034);""><b><u>D15 베이비젠요요</u></b></span><br><br>이 친구는 사는 순간 특템이다.<br>휴대용유모차의 정석<br><br><!-- } SE3-TEXT --></p>\n                    ', '\n                        <p class=""se_textarea""><!-- SE3-TEXT { -->180개 브랜드가 한자리에 잇으니 <br>관람하는 재미도 180배 ㅋㅋ<br><br><br><!-- } SE3-TEXT --></p>\n                    ', '\n                        <p class=""se_textarea""><!-- SE3-TEXT { --><span style=""color:rgb(241,047,034);""><b><u>D17 미우베베</u></b></span><br><br>베페에서만 전 품목 무려 반값 세일 <br>또 달립시다 ㅋㅋ<br><br><br><!-- } SE3-TEXT --></p>\n                    ', '\n                        <p class=""se_textarea""><!-- SE3-TEXT { --><span style=""color:rgb(241,047,034);""><b><u>D18 베베당</u></b></span><br><br>핑거먹거리 요것도 먹고 저것도 먹고 <br>맛있음으로 승부한다.<!-- } SE3-TEXT --></p>\n                    ', '\n                        <p class=""se_textarea""><!-- SE3-TEXT { --><span style=""color:rgb(241,047,034);""><b><u>D21 로소베이비</u></b></span><br><br>먹이는 것보다 중요한 씻기는 것 <br>엄마허리 아프지않은 독일 아기욕조로 <br>매일매일 깨끗방긋<br><br><!-- } SE3-TEXT --></p>\n                    ', '\n                        <p class=""se_textarea""><!-- SE3-TEXT { --><span style=""color:rgb(241,047,034);""><b><u>D27 짱죽</u></b></span><br><br>현장 신규회원 혜택, 행사장 방문인증 ,sns 홍보이벤트 <br>너무 빵빵하다.<!-- } SE3-TEXT --></p>\n                    ', '\n                        <p class=""se_textarea""><!-- SE3-TEXT { --><span style=""color:rgb(241,047,034);""><b><u>D29 아토몽드 </u></b></span><br><br>우리아기 꿀피부 사계절 내도록 <br>건조할틈없는 완벽한 피부방어벽 !<!-- } SE3-TEXT --></p>\n                    ', '\n                        <p class=""se_textarea""><!-- SE3-TEXT { --><span style=""color:rgb(241,047,034);""><b><u>D33 멜라루카 크리너 </u></b></span><br><br>육아템 이외 생활템도 어마무시 <br>온가족 나들이 왔다가 ㅋㅋ 새템 하나식 들고 집으로 간다.<!-- } SE3-TEXT --></p>\n                    ', '\n                        <p class=""se_textarea""><!-- SE3-TEXT { --><span style=""color:rgb(241,047,034);""><b><u>D35&nbsp; 애플비</u></b></span><br><br>사운드북, 영유아도서의 메인<!-- } SE3-TEXT --></p>\n                    ', '\n                        <p class=""se_textarea""><!-- SE3-TEXT { -->홈쇼핑에서말고 ㅋㅋ 베페에서 싸자 그것이 정답이로소 ~!<!-- } SE3-TEXT --></p>\n                    ', '\n                        <p class=""se_textarea""><!-- SE3-TEXT { -->숨가쁘게 달려온 A~D라인 <br>정말 오젓다리 오젓다리 ㅋㅋ ♡<br><br><br>한템포 쉬었다가 가즈아 !<!-- } SE3-TEXT --></p>\n                    ', '\n                        <p class=""se_textarea""><!-- SE3-TEXT { -->외출해서 엄마들이 가장 신경쓰는 곳 수유실 <br><br>그 속이 궁금하다.<br><br><!-- } SE3-TEXT --></p>\n                    ', '\n                        <p class=""se_textarea""><!-- SE3-TEXT { -->개.봉.박.두<br><br>우리집인줄 <br>아니다 우리집보다 더 깨끗함 ㅋㅋ<br><br>엄마와 아기만 들어 올 수 있는 수유실과 <br>▼<!-- } SE3-TEXT --></p>\n                    ', '\n                        <p class=""se_textarea""><!-- SE3-TEXT { -->아빠도 , 할매도 , 할배도 함께 할 수 있는 가족 수유실 <br><br>진정 온가족이 즐길 수 있는 즐거운 박람회 옳다커니 ♡<!-- } SE3-TEXT --></p>\n                    ', '\n                        <p class=""se_textarea""><!-- SE3-TEXT { -->이 사진을 본 당신 <br><br>동전을 챙기고 싶다 <br><span style=""color:rgb(000,000,000);"">동전을 챙기고 싶다 </span><br><span style=""color:rgb(000,000,000);"">동전을 챙기고 싶다 </span><br><br><br>ㅎㅎ<br><br><br><!-- } SE3-TEXT --></p>\n                    ', '\n                        <p class=""se_textarea""><!-- SE3-TEXT { -->3월 진정한 가족 피크닉장소 인증쾅쾅 <br>에어바운스 놀이터 ♡<br><br>엄마가 인생쇼핑 즐기는 동안 <br>우리아이들은 인생놀이 즐깁니다. <br><br>그럼 우리아빠는 어디로 갈깝쇼 ?!<br><br><!-- } SE3-TEXT --></p>\n                    ', '\n                        <p class=""se_textarea""><!-- SE3-TEXT { -->오이소 보이소 드시소 <br><br>박람회장 음식은 맛없다는 편견 <br>오늘 벡스코 베이비페어에서 깨진다.<!-- } SE3-TEXT --></p>\n                    ', '\n                        <p class=""se_textarea""><!-- SE3-TEXT { -->맛도 가격도 사로잡은 먹방스릴러들 <!-- } SE3-TEXT --></p>\n                    ', '\n                        <p class=""se_textarea""><!-- SE3-TEXT { -->분명 소시지 하나만 먹자고 했다 <br>그런데 너무 맛있다.<br>폭풍 먹방 끊임없이 구매욕을 부르는 희안한 카페테리아 ㅎㅎㅎㅎ<br><br>덕분에 위가 고맙데요 ♡<!-- } SE3-TEXT --></p>\n                    ', '\n                        <p class=""se_textarea""><!-- SE3-TEXT { -->금강산도 식후땡 <br><br>아빠님들아 ! 오늘 식후땡은 신선한 정통 프리미엄 우유 아이스크림 <br><br>사주때요 사주때요 ~♡<!-- } SE3-TEXT --></p>\n                    ', '\n                        <p class=""se_textarea""><!-- SE3-TEXT { -->벡코베페의 장점 남발 !<br>벡스코 안에도 맛집 천지 , 센텀 주변에도 맛집 천지 <br><br>박람회 관람 후 맛있는 음식 한점에 <br>1년치 행복이 쓰나미로 밀려 올 예상입니다.<!-- } SE3-TEXT --></p>\n                    ', '\n                        <p class=""se_textarea""><!-- SE3-TEXT { -->잘 먹고 잘 쉬었다 <br>체력만빵 충전 스킬을 습득하였습니다. <br><br>베페고랩 다시 출동이다.<br><br><!-- } SE3-TEXT --></p>\n                    ', '\n                        <p class=""se_textarea""><!-- SE3-TEXT { --><span style=""color:rgb(241,047,034);""><b><u>E01 뉴나</u></b></span><br><br>엄마의 휴식시간 확보는 <br>뉴나가 한다.<br>태우면 잠드는 저 바운스 탐난다.<!-- } SE3-TEXT --></p>\n                    ', '\n                        <p class=""se_textarea""><!-- SE3-TEXT { --><span style=""color:rgb(241,047,034);""><b><u>E01 조이</u></b></span> <br><br>레드벨뱃 조이아니죠 !<br>영국프리미엄 브랜드 조이다 <br><br><br><!-- } SE3-TEXT --></p>\n                    ', '\n                        <p class=""se_textarea""><!-- SE3-TEXT { --><span style=""color:rgb(241,047,034);""><b><u>E13 싸이벡스 </u></b></span><br><br>안전과 기능에 디자인을 더한 카시트 <br>보는 순간 찜꽁<br><br><br><!-- } SE3-TEXT --></p>\n                    ', '\n                        <p class=""se_textarea""><!-- SE3-TEXT { -->유아식탁 / 유모차 /카시트 / 바운서 등 <br>정말 한눈에 보기 힘든 육아꿀템들이&nbsp; 모여있는 부산베이비페어 <br><br>인터넷 아무리 디져봐도 <br>이구성 이가격은 나올 수 없다<br>싸다 <br><br><br><!-- } SE3-TEXT --></p>\n                    ', '\n                        <p class=""se_textarea""><!-- SE3-TEXT { --><span style=""color:rgb(241,047,034);""><b><u>E21 지오필로우 </u></b></span><br><br>언제나 동글동글 예쁜 우리아이 두상 <br>태열걱정도 놉 <br><br><!-- } SE3-TEXT --></p>\n                    ', '\n                        <p class=""se_textarea""><!-- SE3-TEXT { --><span style=""color:rgb(241,047,034);""><b><u>E29 베일리수 </u></b></span><br><br>다 비교해보세요 <br>그래도 결국 여기일껄요 <br>베일리수 <br><br>셋째는 ㅋㅋ 너로 정했다 !<!-- } SE3-TEXT --></p>\n                    ', '\n                        <p class=""se_textarea""><!-- SE3-TEXT { --><span style=""color:rgb(241,047,034);""><b><u>E53 베베누아주 </u></b></span><br><br>물티슈 하나도 걱정없이 쓰라고 만든 건티슈 <!-- } SE3-TEXT --></p>\n                    ', '\n                        <p class=""se_textarea""><!-- SE3-TEXT { --><span style=""color:rgb(241,047,034);""><b><u>E55 산로렌조 </u></b></span><br><br>잠쉬 누웠다가 가자하다가 영원히 파묻힐뻔했다 <br>진짜 폭신 이태리 매트리스는 남달라.<br><br>거족끼린 평상형 침대 원한다면 분리 개별 사용도 가능해서 <br>활용성 쩔엇<br><br><!-- } SE3-TEXT --></p>\n                    ', '\n                        <p class=""se_textarea""><!-- SE3-TEXT { --><span style=""color:rgb(241,047,034);""><b><u>E51 모카목화</u></b></span><br><br>엄마마음 그대로 깜찍함의 대향연 <!-- } SE3-TEXT --></p>\n                    ', '\n                        <p class=""se_textarea""><!-- SE3-TEXT { --><span style=""color:rgb(241,047,034);""><b><u>E65 매직솔트 </u></b></span><br><br>좌훈기 찜질팩 진짜 앉아보고 싶었다.<br>다만 자신감이 없었을뿐 ㅋㅋ<br>주말에 남편이랑 갈때 꼭 커플로 앉아야지 ㅋ<br><br><!-- } SE3-TEXT --></p>\n                    ', '\n                        <p class=""se_textarea""><!-- SE3-TEXT { --><span style=""color:rgb(241,047,034);""><b><u>E66&nbsp; 동양생명 </u></b></span><br><br>내아이는 소중하니깐 <br>태아보험부터 어린이보험,저축보험까지 <br><br>비과세 + 복리 + 시간 이면 <br>내 아이에겐 부를 물려준다.<!-- } SE3-TEXT --></p>\n                    ', '\n                        <p class=""se_textarea""><!-- SE3-TEXT { --><span style=""color:rgb(241,047,034);""><b><u>E69 아이넷</u></b></span><br><br>조물락조물락 완구 하나도 <br>우리아이가 좋아하도록 만들었다<br>악기세트가 히트네 히트 !<br><br>E<!-- } SE3-TEXT --></p>\n                    ', '\n                        <p class=""se_textarea""><!-- SE3-TEXT { --><span style=""color:rgb(241,047,034);""><b><u>E74 포그망</u></b></span><br><br>유모차 라이너로 만나는 자신감 <br>포그망이 주는 선물<!-- } SE3-TEXT --></p>\n                    ', '\n                        <p class=""se_textarea""><!-- SE3-TEXT { -->벌써 F라인 !!!!! <!-- } SE3-TEXT --></p>\n                    ', '\n                        <p class=""se_textarea""><!-- SE3-TEXT { --><span style=""color:rgb(241,047,034);""><b><u>F01 엘레니어</u></b></span><br><br>절충형 유모차 대세출현 <br>삐용삐용 하트뿅뿅<br>자동남발이다.<br><br><br><!-- } SE3-TEXT --></p>\n                    ', '\n                        <p class=""se_textarea""><!-- SE3-TEXT { --><span style=""color:rgb(241,047,034);""><b><u>F03 깜유모차</u></b></span><br><br>요람 +카시트 +유모차 3in1 유모차 <br>완벽한 기능에 완벽한 맵시 <br>디럭스 유모차는 너다.<!-- } SE3-TEXT --></p>\n                    ', '\n                        <p class=""se_textarea""><!-- SE3-TEXT { --><span style=""color:rgb(241,047,034);""><b><u>F03 베비언스 </u></b></span><br><br>외출이 즐겁다면 <br>당신에겐 액상분유 베비언스가 있다는 사실<br>외출이 편리한 액상분유 와따 <br><br><!-- } SE3-TEXT --></p>\n                    ', '\n                        <p class=""se_textarea""><!-- SE3-TEXT { --><span style=""color:rgb(241,047,034);""><b><u>F13 미마자리</u></b></span><br><br>누군들 널 탐내지않겠니 ?<br>누군들 널 데려가고싶지않겠니 ?<br>유모차란 녀석이 이렇게 <br>정신못차리도록 예쁘면 이건 반칙이지 !!<!-- } SE3-TEXT --></p>\n                    ', '\n                        <p class=""se_textarea""><!-- SE3-TEXT { --><span style=""color:rgb(241,047,034);""><b><u>F21 차일드홈 </u></b></span><br><br>부스 디자인부터가 깡패네 !<br>베페에서 중요한건 이목집중 !<!-- } SE3-TEXT --></p>\n                    ', '\n                        <p class=""se_textarea""><!-- SE3-TEXT { --><span style=""color:rgb(241,047,034);""><b><u>F23 베이비유 </u></b></span><br><br>우리아기 성장앨범만큼 소중한게 없다 <br>성장앨범 선택도 베페에서 무한비교 고고싱<br><br><!-- } SE3-TEXT --></p>\n                    ', '\n                        <p class=""se_textarea""><!-- SE3-TEXT { -->몬테소리<br><br>교육까지도 베페가 정답<br><br><!-- } SE3-TEXT --></p>\n                    ', '\n                        <p class=""se_textarea""><!-- SE3-TEXT { --><span style=""color:rgb(241,047,034);""><b><u>F51 부산아쿠아리움 </u></b></span><br><br>아쿠아리움에서 만드는 추억은 아직도 세상행복<br>그 행복 다시 누려볼테다 <br>회원권 이리온 !<!-- } SE3-TEXT --></p>\n                    ', '\n                        <p class=""se_textarea""><!-- SE3-TEXT { --><span style=""color:rgb(241,047,034);""><b><u>F52 한솔교육 /F55 웅진싱크빅</u></b></span><br><br>우리아이 교육도 베페에서 결정 쾅쾅 <br>설명도 딱맞는 눈높이로 알려주시니깐 <br>우리아이에게 정말 진정 필요한 것이 어떤건지 알수있었어요 <br>이런 상담 기회가 없었따면 혼자서 또 -_- 호구짓 할뻔 ㅋㅋ<br><br><!-- } SE3-TEXT --></p>\n                    ', '\n                        <p class=""se_textarea""><!-- SE3-TEXT { --><span style=""color:rgb(241,047,034);""><b><u>F62 아이랑 </u></b></span><br><br>아기띠는 더이상 육아용품이 아닙니다. <br>이거슨 과학입니다 ㅋㅋ<br><br><br><!-- } SE3-TEXT --></p>\n                    ', '\n                        <p class=""se_textarea""><!-- SE3-TEXT { --><span style=""color:rgb(241,047,034);""><b><u>G01 메르베 </u></b></span><br>예쁜데 착하기까지해 <br>회원가입 해야지 해야지 !<!-- } SE3-TEXT --></p>\n                    ', '\n                        <p class=""se_textarea""><!-- SE3-TEXT { --><span style=""color:rgb(241,047,034);""><b><u>G13 잉글레시나 </u></b></span><br><br>신생아부터 어린이까지 쭈욱 <br>잉글레시나 하나면 두세번 살필요없다.<br>가성비 갑<br><br><!-- } SE3-TEXT --></p>\n                    ', '\n                        <p class=""se_textarea""><!-- SE3-TEXT { --><span style=""color:rgb(241,047,034);""><b><u>G13 시크 </u></b></span><br><br>윌리엄 카시트 <br>윌리엄이 탔다니 애정듬뿍 뿅뿅<!-- } SE3-TEXT --></p>\n                    ', '\n                        <p class=""se_textarea""><!-- SE3-TEXT { --><span style=""color:rgb(241,047,034);""><b><u>G21&nbsp; LG전자 </u></b></span><br><br><br><!-- } SE3-TEXT --></p>\n                    ', '\n                        <blockquote class=""se_textarea""><!-- SE3-TEXT { -->부산베이비페어가 좋은점 <br>색다르다 .<br>갑자기 짱구친구가 갑툭튀 <br>아이의 상상력뿐만 아니라 엄마의 감성까지 불러일으켜 ㅋㅋ<br><br>짱구야 같이 사진찍자 ㅋㅋ<!-- } SE3-TEXT --></blockquote>\n                    ', '\n                        <p class=""se_textarea""><!-- SE3-TEXT { --><span style=""color:rgb(241,047,034);""><b><u>G33 코지스토리</u></b></span><br><br>아이방 만들기에 빠져선 안되는 <br>0순위 육아핫템 <br><br><!-- } SE3-TEXT --></p>\n                    ', '\n                        <p class=""se_textarea""><!-- SE3-TEXT { -->때로는 발랄하게 때로는 아늑하게 <br>우리아이가 원하는 취향대로 색깔도 컨셉도 골라잡아잡아 <!-- } SE3-TEXT --></p>\n                    ', '\n                        <p class=""se_textarea""><!-- SE3-TEXT { -->코지하나면 우리집도 강남 안부럽다 !<br>코지랑 함께라면 우리아기 꿀짬 예약완료 !<!-- } SE3-TEXT --></p>\n                    ', '\n                        <p class=""se_textarea""><!-- SE3-TEXT { --><span style=""color:rgb(241,047,034);""><b><u>G39 보령 제대혈 </u></b></span><br><br>난치성 질,환 의 희망 <br>진짜 돈벌어서 ㅠㅠ우리아가 제대혈 하고 싶었다.<br>이미 늦어부렸어.<!-- } SE3-TEXT --></p>\n                    ', '\n                        <p class=""se_textarea""><!-- SE3-TEXT { --><span style=""color:rgb(241,047,034);""><b><u>G53 영재발굴단</u></b></span> <br><br>엄마가 똑똑해지면 우리아기는 자동으로 똑똑해지겠죠 <br>엄마가 먼저 선택해주세요 !<!-- } SE3-TEXT --></p>\n                    ', '\n                        <p class=""se_textarea""><!-- SE3-TEXT { --><span style=""color:rgb(241,047,034);""><b><u>G69 블루래빗</u></b></span> <br><br>홈쇼핑 완판 신화 <br>억지로 셋트로 살필요없이 <br>필요한 구성만 딱딱 겟가능하니 <br>낭비도 無<!-- } SE3-TEXT --></p>\n                    ', '\n                        <p class=""se_textarea""><!-- SE3-TEXT { --><span style=""color:rgb(241,047,034);""><b><u>H01 스토케 </u></b></span><br><br><br>스토케 참여하는 부산베페 정말 없다. <br>1년만에 본거 같다. 스토케가 스스로 찾아오는 베페라니 좀 까리해 !<br><br><!-- } SE3-TEXT --></p>\n                    ', '\n                        <p class=""se_textarea""><!-- SE3-TEXT { --><span style=""color:rgb(241,047,034);""><b><u>H03 마이크라라이트 </u></b></span><br><br>영국 명품 핸들링의 느낌을 그대로 <br>느낌아니까 <!-- } SE3-TEXT --></p>\n                    ', '\n                        <p class=""se_textarea""><!-- SE3-TEXT { --><span style=""color:rgb(241,047,034);""><b><u>H10 베이비뵨</u></b></span><br><br>찍찍이가 없는 착한 아기띠 신생아에게 안성맞춤<br><br><!-- } SE3-TEXT --></p>\n                    ', '\n                        <p class=""se_textarea""><!-- SE3-TEXT { --><span style=""color:rgb(241,047,034);""><b><u>H16&nbsp; 호박나무</u></b></span><br><br>한 베페에 온 스튜디오만 몇개냐며 ~<br>만삭 촬영 준비하는 예비맘들은 주말에 꼭와야겠다<!-- } SE3-TEXT --></p>\n                    ', '\n                        <p class=""se_textarea""><!-- SE3-TEXT { --><span style=""color:rgb(241,047,034);""><b><u>H22 튼튼영어</u></b></span><br><br>듣는 귀가 트여야 말귀가 빠르다 <br>영어도 모국어처럼 하자 튼튼아 !<!-- } SE3-TEXT --></p>\n                    ', '\n                        <p class=""se_textarea""><!-- SE3-TEXT { --><span style=""color:rgb(241,047,034);""><b><u>H24 천재교육</u></b></span><br><br>돌잡이 풀세트 요즘 핫하던데 <br>실제로보니 손이근질근질<br>카드나와주세요 ㅋㅋ<br><br><!-- } SE3-TEXT --></p>\n                    ', '\n                        <p class=""se_textarea""><!-- SE3-TEXT { --><span style=""color:rgb(241,047,034);""><b><u>H28 아가월드 몬테소리</u></b></span><br><br>원목교구로 만나는 착함<br><br><!-- } SE3-TEXT --></p>\n                    ', '\n                        <p class=""se_textarea""><!-- SE3-TEXT { --><span style=""color:rgb(241,047,034);""><b><u>H34 에듀쌤</u></b></span><br><br>무료체험전 선착순 100가족 발매트 선물증정 <br>아기랑 함께 체험하고 님도보고 뽕도따고 <br><br><br><!-- } SE3-TEXT --></p>\n                    ', '\n                        <p class=""se_textarea""><!-- SE3-TEXT { --><span style=""color:rgb(241,047,034);""><b><u>H40 메리츠화제 </u></b></span><br><br>튼튼하게 더 튼튼하게 <br>상담이 남는거다.<br><br><!-- } SE3-TEXT --></p>\n                    ', '\n                        <p class=""se_textarea""><!-- SE3-TEXT { --><span style=""color:rgb(241,047,034);""><b><u>H52 소르베베</u></b></span><br><br><br>인교진이 하고나와서 유행열풍 <br>유행은 기능에 비례한다 <br><br>베페기간동안만 구매시 추가사은품도 준다 <br>서둘서둘<!-- } SE3-TEXT --></p>\n                    ', '\n                        <p class=""se_textarea""><!-- SE3-TEXT { --><span style=""color:rgb(241,047,034);""><b><u>H52 어비니</u></b></span><br><br><span style=""color:rgb(000,000,000);"">미국대표브랜드 </span><br><span style=""color:rgb(000,000,000);"">트렌디한 디자인과 편암한이 강점</span><br><br><br><!-- } SE3-TEXT --></p>\n                    ', '\n                        <p class=""se_textarea""><!-- SE3-TEXT { -->꼼꼼히 본다면 하루로는 택도 없는 <br>진짜 최대규모 부산베이비페어 <br><br>ㅋㅋ 이 후기도 무려 목/ 금 이틀 다녀간 후기랍지요 !<!-- } SE3-TEXT --></p>\n                    ', '\n                        <p class=""se_textarea""><!-- SE3-TEXT { --><span style=""color:rgb(241,047,034);""><b><u>I01 현대해상 </u></b></span><br><br>앉으면<br> 친절 상담 맞춤상담 만족상담<br><br><!-- } SE3-TEXT --></p>\n                    ', '\n                        <p class=""se_textarea""><!-- SE3-TEXT { --><span style=""color:rgb(241,047,034);""><b><u>I17 서연뷰티샵</u></b></span><br><br>돌잔치 준비 머리아프다 <br>서연뷰티샵이랑 함께 공조하자 <br><br>예쁜 메이크업도 함께 스마일 !<!-- } SE3-TEXT --></p>\n                    ', '\n                        <p class=""se_textarea""><!-- SE3-TEXT { --><span style=""color:rgb(241,047,034);""><b><u>I21 브레비 식탁의자 / 레카로 유모차 </u></b></span><span style=""color:rgb(241,047,034);""><b><u> /벨리니 스펀지</u></b></span><br>모두 한곳에서 방가방가<br><br>천연해면 스펀지 쓰면 일반 타올 못써여 ㅋㅋ<br>비싼데 비싼값하는 친구 <br><br><!-- } SE3-TEXT --></p>\n                    ', '\n                        <p class=""se_textarea""><!-- SE3-TEXT { --><span style=""color:rgb(241,047,034);""><b><u>I21 비트원 </u></b></span><br><br><span style=""color:rgb(000,000,000);"">10~12시까지</span><br>베페 한정타임세일 <br>언제나 베페는 오전에 오는게 개이득 <br><br><br><!-- } SE3-TEXT --></p>\n                    ', '\n                        <p class=""se_textarea""><!-- SE3-TEXT { --><span style=""color:rgb(241,047,034);""><b><u>I29 심재원하이키한의원</u></b></span><br><br>ㅠㅠㅠ 우리안군이 키안크면 꼭 찾아갈께욥<br><br><!-- } SE3-TEXT --></p>\n                    ', '\n                        <p class=""se_textarea""><!-- SE3-TEXT { --><span style=""color:rgb(241,047,034);""><b><u>I31 베이비무브/에티튜드/리에또</u></b></span><br><br>현실육아템 모여랏 <br>이유식만들때 이유식마스터기 하나면 <br>정말 집뜰이도 할 수 있는 자신감이 생김 ㅋㅋ<br><br><!-- } SE3-TEXT --></p>\n                    ', '\n                        <p class=""se_textarea""><!-- SE3-TEXT { --><span style=""color:rgb(241,047,034);""><b><u>I33 센티폴리아</u></b></span><br><br>유기농 스킨케어라면 <br>안쓸이유가없다.<!-- } SE3-TEXT --></p>\n                    ', '\n                        <p class=""se_textarea""><!-- SE3-TEXT { --><span style=""color:rgb(241,047,034);""><b><u>I37 자리엔</u></b></span><br><br>층간소음 자리엔은 없다 <br>시공매트로 인테리어까지 잡자.<br><br><!-- } SE3-TEXT --></p>\n                    ', '\n                        <p class=""se_textarea""><!-- SE3-TEXT { --><span style=""color:rgb(241,047,034);""><b><u>I39 더블하트</u></b></span> <br><br>육아맘으로 더블하트 모르면 간첩<br>아기 열날때 열내림패드 붙히면 직방 !<br>우리아이 건강까지 챙겨주는 더블하트 사랑헌다.<!-- } SE3-TEXT --></p>\n                    ', '\n                        <p class=""se_textarea""><!-- SE3-TEXT { --><span style=""color:rgb(241,047,034);""><b><u>I45 푸드마켓 </u></b></span><br><br>신선한 과일 좀 보이소 <br>큼지막한 딸기가 단돈 만원 !<br><br>제철이라서 억수로 달데이 !<!-- } SE3-TEXT --></p>\n                    ', '\n                        <p class=""se_textarea""><!-- SE3-TEXT { --><span style=""color:rgb(241,047,034);""><b><u>I47 베베라온</u></b></span><br><br>오가닉 신생아용품 /유아의류/침구류/완구류까지 <br>아우르는 아우라 !<!-- } SE3-TEXT --></p>\n                    ', '\n                        <p class=""se_textarea""><!-- SE3-TEXT { --><span style=""color:rgb(241,047,034);""><b><u>I55 더마더</u></b></span><br><br>포포욕조면 초보맘도 <br>신생아 혼자서 씻길 수 있다<br><br>남편 야근도 무섭지않아 <br>나에겐 포포가 있으니 !!<br><br><!-- } SE3-TEXT --></p>\n                    ', '\n                        <p class=""se_textarea""><!-- SE3-TEXT { --><span style=""color:rgb(241,047,034);""><b><u>I57 네이처핑거</u></b></span><br><br>맑은 자연에서 키워낸 신선한 계란 <br>먹어보면 맛이 다름<br><br>정기배송 주문서를 주세욥 !<br><br><br><!-- } SE3-TEXT --></p>\n                    ', '\n                        <p class=""se_textarea""><!-- SE3-TEXT { --><span style=""color:rgb(241,047,034);""><b><u>I59 블루마마</u></b></span><br><br>엄마가 직접만들어줘요 <br>이유식용품 전문브랜드 <br><br>마스터기에 비해서 가격이 저렴한 것이 장점 <br><br><!-- } SE3-TEXT --></p>\n                    ', '\n                        <p class=""se_textarea""><!-- SE3-TEXT { --><span style=""color:rgb(241,047,034);""><b><u>I62 알집매트</u></b></span><br><br>크림하우스의 몰락으로 <br>1인자로 쭈욱 올라온 알집매트 <br>아이가 물고 빨아도 안전한 환경부 친황경인증 업계최초템<br><br><!-- } SE3-TEXT --></p>\n                    ', '\n                        <p class=""se_textarea""><!-- SE3-TEXT { --><span style=""color:rgb(241,047,034);""><b><u>I65 단디해 </u></b></span><br>자갈치에서 단디담아온 바다의 참맛 <br>선물하기 좋다.<!-- } SE3-TEXT --></p>\n                    ', '\n                        <p class=""se_textarea""><!-- SE3-TEXT { -->1분이 1초같이 빠른 이곳은 <br>부산베이비페어 <br><br>아쉽게도 마지막 라인 J라인이네 ㅠㅠ<br><br><!-- } SE3-TEXT --></p>\n                    ', '\n                        <p class=""se_textarea""><!-- SE3-TEXT { -->사지않고 구명만해도 묘미다 묘미 !<br><span style=""color:rgb(241,047,034);""><b><u>J01 엄마와 </u></b></span><br><br>엄마들의 소통창구 <br>어플깔기만 해봐 자동으로 손가락이 자꾸만 들어가고 싶어진다.<br><br><!-- } SE3-TEXT --></p>\n                    ', '\n                        <p class=""se_textarea""><!-- SE3-TEXT { --><span style=""color:rgb(241,047,034);""><b><u>J03 몽슈레</u></b></span><br><br>요즘 요물급으로 칭송받는 <br>몽슈레 아기태열베개 <br><br>동그란 두상은 물론 태열까지 싹 잡아준다니 <br>엄마가 더 좋아하는 핫템<br><br><br><!-- } SE3-TEXT --></p>\n                    ', '\n                        <p class=""se_textarea""><!-- SE3-TEXT { -->우리 안군이도 ㅋㅋ<br> 몽슈레 토깽이라면 꿈뻑 넘어갔더때가 있었지 암요암요 ㅋㅋ<br>22개월지나니 갑자기 차에 눈돌려서 그렇지 <br>늘 토깽이와 함께였음 <br><br><!-- } SE3-TEXT --></p>\n                    ', '\n                        <p class=""se_textarea""><!-- SE3-TEXT { --><span style=""color:rgb(241,047,034);""><b><u>J04 아이다운</u></b></span><br><br>촉감놀이만큼 좋은 교육은 없다 <br>근데 뒷처리도 쉬운 촉감놀이라면 <br>엄마 돈 그냥 쓰게 한다 ㅋㅋ<br><br>모래놀이도 물감놀이도 다 요요 다 붙어라.<!-- } SE3-TEXT --></p>\n                    ', '\n                        <p class=""se_textarea""><!-- SE3-TEXT { --><span style=""color:rgb(241,047,034);""><b><u>J07 러본스킨즈</u></b></span><br><br>보들보들 촉감부터가 다른 우리아이 내의 <br>예쁨까지 덤이라니 골라잡아잡아.<!-- } SE3-TEXT --></p>\n                    ', '\n                        <p class=""se_textarea""><!-- SE3-TEXT { --><span style=""color:rgb(241,047,034);""><b><u>J08 럭키패밀리 </u></b></span><br><br>진품이다. <br>사야한다. ㅋㅋㅋㅋㅋㅋㅋㅋㅋㅋㅋ<br>잠깐 고민하는 순간 사이즈 다빠짐 ㅠ<br><br><!-- } SE3-TEXT --></p>\n                    ', '\n                        <p class=""se_textarea""><!-- SE3-TEXT { --><span style=""color:rgb(241,047,034);""><b><u>J09 바이오더마 </u></b></span><br><br>안샀으면 몰랐을 경험<br>추첨찬스까지 !! 이기회 놓치면 아니대오 <!-- } SE3-TEXT --></p>\n                    ', '\n                        <p class=""se_textarea""><!-- SE3-TEXT { --><span style=""color:rgb(241,047,034);""><b><u>J11 삼성카드 베이비스토리</u></b></span><br><br>가족이 함께 아이의 성장스토리를 만들고 공유하는 육아소통공간 <br><br>신규가입하면 축하박스를 똭 !!<br><br><!-- } SE3-TEXT --></p>\n                    ', '\n                        <p class=""se_textarea""><!-- SE3-TEXT { -->베페고랩 윤형제맘이 둘러보았다. <br><br>명불허전 부경울 최대규모 맞습니다 맞고요 ㅋㅋㅋ<br>자유부인이라서 오랫만에 베페 황송하게 즐겼네요 ㅋㅋ<br><br>문뜩 옛생각도 새록새록나서 더좋았음 <br><br><!-- } SE3-TEXT --></p>\n                    ', '\n                        <p class=""se_textarea""><!-- SE3-TEXT { -->이렇게 엑셀만들어가꼬 첫째 출산때 설레이던 마음 그대로 <br>2년이 지났지만 베페는 언제나 사랑입니다 <br><br>시즌마다 육아템은 신빵이들이 반겨주니 더 알참 .<!-- } SE3-TEXT --></p>\n                    ', '\n                        <p class=""se_textarea""><!-- SE3-TEXT { -->아.... 출구로 터벅터벅 <br>내 활력소 베페 <br>집에가기 시로요 <br>이제 가면 또 1년 어떻게 기다리나 ?!<br><br>우리 이제 그냥 상반기 / 하반기 일년에 두번하면 안대용 ?ㅎㅎ<br><br>2017년 3월1일 <br><br><br><!-- } SE3-TEXT --></p>\n                    ', '\n                        <blockquote class=""se_textarea""><!-- SE3-TEXT { -->베페와 함께한 모든 시간이 눈부셨다.<br>날이 좋아서,&nbsp;<br>날이 좋지 않아서,&nbsp;<br>날이 적당해서,<br>모든 날이 좋았다.<!-- } SE3-TEXT --></blockquote>\n                    ', '\n                        <p class=""se_textarea""><!-- SE3-TEXT { -->- 먹깨비 - ㅋㅋㅋ<br><br><br><br><!-- } SE3-TEXT --></p>\n                    ', '\n                        <p class=""se_textarea""><!-- SE3-TEXT { -->세계최강베페 지대로 한판 털고왔네용<br><br>웅진 상담받은게 너무 마음에 들어서 지르고 싶은데 <br>다시 남편 꼬셔셔 또가야겠어요 <br>우리아이 교육은 소중하니깐요 !<br><br>베이비페어에만 만날 수 있는 <br>놀라운 특가와 이벤트들 덕분에 구경하는 즐거움은 무한배였다는 후기 ♡<br><br><br>이 리얼하고 긴 포스팅을 정독하신 그대는 <br>나와 같은 베페고렙으로 임명합니다 (__) /<br><br><!-- } SE3-TEXT --></p>\n                    ', '\n                        <p class=""se_textarea""><!-- SE3-TEXT { --><br><br><!-- } SE3-TEXT --></p>\n                    ']",[],[],"['\n                        <h3 class=""se_textarea"">\n                            <!-- -->[서베키] 서울베이비키즈페어 키친팩(서포터즈팩) 공개해요!<!-- -->\n                            \n                        </h3>\n                        \n                        \n\t                ', '\n                        <p class=""se_textarea""><!-- SE3-TEXT { --><span style="" color: rgb(39,39,39);"" class=""se_ff_nanummyeongjo se_fs_T3"">안녕하세요~ </span><span style="" color: rgb(0,0,0);"" class=""se_ff_nanummyeongjo se_fs_T3"">저번 포스팅에서 소개한</span><span style="" color: rgb(99,99,99);"" class=""se_ff_nanummyeongjo se_fs_T3""><b><br></b></span><span style="" color: rgb(64,64,64);"" class=""se_ff_nanummyeongjo se_fs_T3""><b>2018 서베키 봄 방문 현장 스케치</b></span><span style="" color: rgb(0,0,0);"" class=""se_ff_nanummyeongjo se_fs_T3""><b>에 이어서 </b></span><span style="" color: rgb(255,108,0);"" class=""se_ff_nanummyeongjo se_fs_T3""><b><br></b></span><span style="" color: rgb(0,102,204);""><a href=""https://blog.naver.com/milkysnow/221240870956"" class=""se_link"" target=""_blank""><u>https://blog.naver.com/milkysnow/221240870956</u></a></span><br><span style="" color: rgb(133,133,133);"" class=""se_ff_nanummyeongjo se_fs_T3"">(↑서베키 봄 방문 후기 볼 수 있어요^^)</span><span style="" color: rgb(39,39,39);"" class=""se_ff_nanummyeongjo se_fs_T3""><br></span><span style="" color: rgb(99,99,99);"" class=""se_ff_nanummyeongjo se_fs_T3"">첫날 다녀온 </span><span style="" color: rgb(0,175,239);"" class=""se_ff_nanummyeongjo se_fs_T3"">2018 서울베이비키즈페어 봄</span><span style="" color: rgb(99,99,99);"" class=""se_ff_nanummyeongjo se_fs_T3"">에서 받은</span><span style="" color: rgb(99,99,99);"" class=""se_ff_nanummyeongjo se_fs_T2""><br></span><span style="" color: rgb(99,99,99);"" class=""se_ff_nanummyeongjo se_fs_T3"">키친(서포터즈)팩과 각종 부스 이벤트 선물들을 소개해요!</span><br><!-- } SE3-TEXT --></p>\n                    ', '\n                        <div class=""se_textarea"">\n\t\t\t\t\t\t\t<div class=""se_wrapping_slot"">\n                                        \n\t\t\t\t\t\t\t\t<div class=""se_subComponent se_subComponent_image"">\n                                    <a href=""#"" onclick=""return false;"" class=""se_mediaArea __se_image_link __se_link"" data-linktype=""img"" data-linkdata=""{&quot;imgId&quot; : &quot;_img&quot;, &quot;src&quot; : &quot;https://mblogthumb-phinf.pstatic.net/MjAxODA0MDJfMjMy/MDAxNTIyNjA4MjA5MTE5.r72b3MRXfXQ2mjHPYo80xJ22O8PX4eYRMF6NA5sSfH8g.8mqkfbYEKuZce71xdljW3Q9ws52Dq_0cm494ziUylQIg.JPEG.milkysnow/image_8398046611522608017600.jpg&quot;, &quot;linkUse&quot; : &quot;false&quot;,&quot;link&quot; : &quot;&quot;}"">\n                                        <img src=""https://mblogthumb-phinf.pstatic.net/MjAxODA0MDJfMjMy/MDAxNTIyNjA4MjA5MTE5.r72b3MRXfXQ2mjHPYo80xJ22O8PX4eYRMF6NA5sSfH8g.8mqkfbYEKuZce71xdljW3Q9ws52Dq_0cm494ziUylQIg.JPEG.milkysnow/image_8398046611522608017600.jpg?type=w800"" data-lazy-src="""" data-width=""900"" data-height=""1200"" data-attachment-id=""IsJIEgdGQGoK0glDUrhqVxlGZq9M"" alt="""" class=""se_mediaImage __se_img_el _lazy-loading-target-image"" id=""img_31"" data-top=""1735.109375"">\n                                    </a>\n\t\t\t\t\t\t\t\t', '\n                        <p class=""se_textarea""><!-- SE3-TEXT { --><span style="" color: rgb(99,99,99);"" class=""se_ff_nanummyeongjo"">키친팩 오픈 전에 봉투부터 볼까요?<br></span><br><br><!-- } SE3-TEXT --></p>\n                    ', '\n                        <p class=""se_textarea""><!-- SE3-TEXT { --><span style="" color: rgb(99,99,99);"" class=""se_ff_nanummyeongjo"">짜잔~!<br></span><span style="" color: rgb(99,99,99);"" class=""se_ff_nanummyeongjo"">키친이 되고 너무 보람되고 좋은게 저 상품권 받는 거에요.<br></span><span style="" color: rgb(99,99,99);"" class=""se_ff_nanummyeongjo"">3만원 상품권 필요했던 물건들 살 수 있어서 너무 좋아요!<br></span><span style="" color: rgb(99,99,99);"" class=""se_ff_nanummyeongjo"">그리고 vuco cafe 매장에서 이용가능한 아메리카노 무료음료 쿠폰도<br></span><span style="" color: rgb(99,99,99);"" class=""se_ff_nanummyeongjo"">들어 있어요.<br></span><span style="" color: rgb(99,99,99);"" class=""se_ff_nanummyeongjo""><br></span><!-- } SE3-TEXT --></p>\n                    ', '\n                        <p class=""se_textarea""><!-- SE3-TEXT { --><span style="" color: rgb(99,99,99);"" class=""se_ff_nanummyeongjo"">자, 이제 드디어 키친팩 목록을 볼까요?<br></span><span style="" color: rgb(99,99,99);"" class=""se_ff_nanummyeongjo"">쭈~욱 나열된 목록만 봐도 정말 알차게 들어 있는 거 같아요.<br></span><span style="" color: rgb(99,99,99);"" class=""se_ff_nanummyeongjo"">넘나 감동!</span><span style="" color: rgb(99,99,99);"" class=""se_ff_nanummyeongjo""><br></span><!-- } SE3-TEXT --></p>\n                    ', '\n                        <p class=""se_textarea""><!-- SE3-TEXT { --><span style="" color: rgb(99,99,99);"" class=""se_ff_nanummyeongjo""><br></span><span style="" color: rgb(99,99,99);"" class=""se_ff_nanummyeongjo""><br></span><!-- } SE3-TEXT --></p>\n                    ', '\n                        <blockquote class=""se_textarea""><!-- SE3-TEXT { -->어마어마한 서베키의<br>키친(서포터즈)팩을 공개합니다!<!-- } SE3-TEXT --></blockquote>\n                    ', '\n                        <p class=""se_textarea""><!-- SE3-TEXT { --><span style="" color: rgb(99,99,99);"" class=""se_ff_nanummyeongjo se_fs_T3"">봉지가 제법 부피가 커요.<br></span><span style="" color: rgb(99,99,99);"" class=""se_ff_nanummyeongjo se_fs_T3"">과연 뭐가 들어 있을까요?<br></span><span style="" color: rgb(99,99,99);"" class=""se_ff_nanummyeongjo se_fs_T3""><br></span><span style="" color: rgb(99,99,99);"" class=""se_ff_nanummyeongjo se_fs_T3""><br></span><!-- } SE3-TEXT --></p>\n                    ', '\n                        <p class=""se_textarea""><!-- SE3-TEXT { --><span style="" color: rgb(99,99,99);"" class=""se_ff_nanummyeongjo"">큰 &nbsp;흰색봉지를 열고 물건들을 펼쳐서 나열하니<br></span><span style="" color: rgb(99,99,99);"" class=""se_ff_nanummyeongjo"">이렇게나 많이 들어 있어요!<br></span><span style="" color: rgb(99,99,99);"" class=""se_ff_nanummyeongjo""><br></span><span style="" color: rgb(99,99,99);"" class=""se_ff_nanummyeongjo""><br></span><!-- } SE3-TEXT --></p>\n                    ', '\n                        <p class=""se_textarea""><!-- SE3-TEXT { --><span style="" color: rgb(243,112,76);"" class=""se_ff_nanumgothic se_fs_T2""><b>마트레이아 </b></span><span style="" color: rgb(168,104,169);"" class=""se_ff_nanumgothic se_fs_T2""><b>라즈베리 리프</b></span><span style="" color: rgb(99,99,99);"" class=""se_ff_nanummyeongjo se_fs_T3"">와</span><span style="" color: rgb(243,112,76);"" class=""se_ff_nanumgothic se_fs_T2""><b> </b></span><span style="" color: rgb(255,156,35);"" class=""se_ff_nanumgothic se_fs_T2""><b>텀블러</b></span><span style="" color: rgb(99,99,99);"" class=""se_ff_nanummyeongjo"">에요.<br></span><span style="" color: rgb(99,99,99);"" class=""se_ff_nanummyeongjo"">모유수유하는 엄마들에게도 좋고, 일반여자들에게도<br></span><span style="" color: rgb(99,99,99);"" class=""se_ff_nanummyeongjo"">너무 좋은 마트레이아 차<br></span><span style="" color: rgb(99,99,99);"" class=""se_ff_nanummyeongjo"">게다가 편하게 마실수 있게 텀블러까지 들어 있는 센스!<br></span><span style="" color: rgb(99,99,99);"" class=""se_ff_nanummyeongjo"">감동이에요~~<br></span><span style="" color: rgb(99,99,99);"" class=""se_ff_nanummyeongjo""><br></span><!-- } SE3-TEXT --></p>\n                    ', '\n                        <p class=""se_textarea""><!-- SE3-TEXT { --><span style="" color: rgb(48,180,120);"" class=""se_ff_nanumgothic se_fs_T2""><b>베이비타임</b></span><span style="" color: rgb(99,99,99);"" class=""se_ff_nanummyeongjo""><br></span><span style="" color: rgb(99,99,99);"" class=""se_ff_nanummyeongjo"">치키살브, 플래이풀 워시<br></span><span style="" color: rgb(99,99,99);"" class=""se_ff_nanummyeongjo"">바디워시는 용량이 커서 오래 쓸수 있을 것 같아요!<br></span><span style="" color: rgb(99,99,99);"" class=""se_ff_nanummyeongjo""><br></span><span style="" color: rgb(99,99,99);"" class=""se_ff_nanummyeongjo""><br></span><!-- } SE3-TEXT --></p>\n                    ', '\n                        <p class=""se_textarea""><!-- SE3-TEXT { --><span style="" color: rgb(168,104,169);"" class=""se_ff_nanumgothic se_fs_T2""><b>르주르 유아세제</b></span><span style="" color: rgb(99,99,99);"" class=""se_ff_nanummyeongjo""><br></span><span style="" color: rgb(99,99,99);"" class=""se_ff_nanummyeongjo"">여기 제품 순해서 잘 쓰고 있는데, 이렇게 선물 받으니 기쁨이 2배에요.<br></span><span style="" color: rgb(99,99,99);"" class=""se_ff_nanummyeongjo""><br></span><span style="" color: rgb(99,99,99);"" class=""se_ff_nanummyeongjo""><br></span><!-- } SE3-TEXT --></p>\n                    ', '\n                        <p class=""se_textarea""><!-- SE3-TEXT { --><span style="" color: rgb(0,186,180);"" class=""se_ff_nanumgothic""><b>애플비 요술칠판 도서</b></span><span style="" color: rgb(99,99,99);"" class=""se_ff_nanummyeongjo""><br></span><span style="" color: rgb(99,99,99);"" class=""se_ff_nanummyeongjo""><br></span><span style="" color: rgb(123,180,35);"" class=""se_ff_nanumgothic se_fs_T2""><b>코스트코 초코칩 쿠키</b></span><span style="" color: rgb(99,99,99);"" class=""se_ff_nanummyeongjo""><br></span><span style="" color: rgb(99,99,99);"" class=""se_ff_nanummyeongjo"">이 쿠키 정말 너무 맛있어요!<br><br></span><span style="" color: rgb(99,99,99);"" class=""se_ff_nanummyeongjo""><br></span><!-- } SE3-TEXT --></p>\n                    ', '\n                        <p class=""se_textarea""><!-- SE3-TEXT { --><span style="" color: rgb(168,104,169);"" class=""se_ff_nanumgothic""><b>가족뮤지컬 &lt;프랭키와 친구들&gt;</b></span><span style="" color: rgb(99,99,99);"" class=""se_ff_nanummyeongjo""><br></span><span style="" color: rgb(99,99,99);"" class=""se_ff_nanummyeongjo"">어린이뮤지컬 티켓까지 들어 있을 줄이야~<br></span><span style="" color: rgb(99,99,99);"" class=""se_ff_nanummyeongjo"">너무 좋은데요!<br></span><span style="" color: rgb(99,99,99);"" class=""se_ff_nanummyeongjo""><br></span><span style="" color: rgb(99,99,99);"" class=""se_ff_nanummyeongjo""><br></span><!-- } SE3-TEXT --></p>\n                    ', '\n                        <p class=""se_textarea""><!-- SE3-TEXT { --><span style="" color: rgb(99,99,99);"" class=""se_ff_nanummyeongjo"">그리고 2개중 선택했던 키친 선물<br></span><span style="" color: rgb(252,175,89);"" class=""se_ff_nanumgothic se_fs_T2""><b>해피 미니 운전대 놀이 장난감</b></span><span style="" color: rgb(99,99,99);"" class=""se_ff_nanummyeongjo""><br></span><span style="" color: rgb(99,99,99);"" class=""se_ff_nanummyeongjo""><br></span><!-- } SE3-TEXT --></p>\n                    ', '\n                        <p class=""se_textarea""><!-- SE3-TEXT { --><span style="" color: rgb(99,99,99);"" class=""se_ff_nanummyeongjo se_fs_T3"">벌써부터 좋다고 갖고 놀고 있어요.<br></span><span style="" color: rgb(99,99,99);"" class=""se_ff_nanummyeongjo se_fs_T3"">노래도 나오고 불빛도 나오고 좋아요.</span><!-- } SE3-TEXT --></p>\n                    ', '\n                        <p class=""se_textarea""><!-- SE3-TEXT { --><span style="" color: rgb(99,99,99);"" class=""se_ff_nanummyeongjo se_fs_T3""><br></span><span style="" color: rgb(99,99,99);"" class=""se_ff_nanummyeongjo se_fs_T3""><br></span><span style="" color: rgb(99,99,99);"" class=""se_ff_nanummyeongjo se_fs_T3""><br></span><span style="" color: rgb(99,99,99);"" class=""se_ff_nanummyeongjo se_fs_T3""><br></span><!-- } SE3-TEXT --></p>\n                    ', '\n                        <blockquote class=""se_textarea""><!-- SE3-TEXT { -->서베키 구매품과&nbsp;이벤트 선물<!-- } SE3-TEXT --></blockquote>\n                    ', '\n                        <p class=""se_textarea""><!-- SE3-TEXT { --><span style="" color: rgb(99,99,99);"" class=""se_ff_nanummyeongjo"">구매품과 이벤트 선물 떼샷이에요!<br></span><span style="" color: rgb(99,99,99);"" class=""se_ff_nanummyeongjo""><br></span><span style="" color: rgb(99,99,99);"" class=""se_ff_nanummyeongjo""><br></span><!-- } SE3-TEXT --></p>\n                    ', '\n                        <p class=""se_textarea""><!-- SE3-TEXT { --><span style="" color: rgb(0,146,230);"" class=""se_ff_nanumgothic se_fs_T2""><b>리에또</b></span><span style="" color: rgb(99,99,99);"" class=""se_ff_nanummyeongjo"">에서 </span><span style="" color: rgb(99,99,99);"" class=""se_ff_nanummyeongjo""><b><u>스탠레스 빨대컵</u></b></span><span style="" color: rgb(99,99,99);"" class=""se_ff_nanummyeongjo"">과 </span><span style="" color: rgb(99,99,99);"" class=""se_ff_nanummyeongjo""><b><u>옥수수 치발기</u></b></span><span style="" color: rgb(99,99,99);"" class=""se_ff_nanummyeongjo"">를 구매했어요.<br></span><span style="" color: rgb(99,99,99);"" class=""se_ff_nanummyeongjo"">사은품으로 빨대세척솔과 항균지퍼백도 주셨어요.<br></span><!-- } SE3-TEXT --></p>\n                    ', '\n                        <p class=""se_textarea""><!-- SE3-TEXT { --><span style="" color: rgb(243,112,76);"" class=""se_ff_nanumgothic se_fs_T2""><b>조아뜨</b></span><span style="" color: rgb(99,99,99);"" class=""se_ff_nanummyeongjo"">에서 구매한 </span><span style="" color: rgb(99,99,99);"" class=""se_ff_nanummyeongjo""><b><u>바나나빕</u></b></span><span style="" color: rgb(99,99,99);"" class=""se_ff_nanummyeongjo"">과 </span><span style="" color: rgb(99,99,99);"" class=""se_ff_nanummyeongjo""><b><u>양말들</u></b></span><span style="" color: rgb(99,99,99);"" class=""se_ff_nanummyeongjo""><br></span><span style="" color: rgb(99,99,99);"" class=""se_ff_nanummyeongjo"">바나나빕은 3천원, 양말은 각각 천원씩이라 엄청 저렴했어요.<br></span><span style="" color: rgb(99,99,99);"" class=""se_ff_nanummyeongjo""><br></span><span style="" color: rgb(99,99,99);"" class=""se_ff_nanummyeongjo""><br></span><!-- } SE3-TEXT --></p>\n                    ', '\n                        <p class=""se_textarea""><!-- SE3-TEXT { --><span style="" color: rgb(99,99,99);"" class=""se_ff_nanummyeongjo"">LG+에서 나눠주신 분홍색 다용도 행주와<br></span><span style="" color: rgb(99,99,99);"" class=""se_ff_nanummyeongjo"">베이비앙에서 팔로우하고 받은 밤부 손수건<br></span><span style="" color: rgb(99,99,99);"" class=""se_ff_nanummyeongjo""><br></span><span style="" color: rgb(99,99,99);"" class=""se_ff_nanummyeongjo""><br></span><!-- } SE3-TEXT --></p>\n                    ', '\n                        <p class=""se_textarea""><!-- SE3-TEXT { --><span style="" color: rgb(99,99,99);"" class=""se_ff_nanummyeongjo"">앙블랑에서 인스타그램 팔로우하고 받은 기저귀와 물티슈<br></span><span style="" color: rgb(99,99,99);"" class=""se_ff_nanummyeongjo""><br></span><!-- } SE3-TEXT --></p>\n                    ', '\n                        <p class=""se_textarea""><!-- SE3-TEXT { --><span style="" color: rgb(99,99,99);"" class=""se_ff_nanummyeongjo"">초대권으로 입장시 나눠주신 미역과 앙블랑 물티슈<br></span><span style="" color: rgb(99,99,99);"" class=""se_ff_nanummyeongjo""><br></span><span style="" color: rgb(99,99,99);"" class=""se_ff_nanummyeongjo""> </span><!-- } SE3-TEXT --></p>\n                    ', '\n                        <p class=""se_textarea""><!-- SE3-TEXT { --><span style="" color: rgb(99,99,99);"" class=""se_ff_nanummyeongjo se_fs_T3"">파머스에서 카톡 플러스친구 추가하고 받은 오일과<br></span><span style="" color: rgb(99,99,99);"" class=""se_ff_nanummyeongjo se_fs_T3""><b>덴마크 친환경 무항생제 우유 / 유기농 치즈</b></span><span style="" color: rgb(99,99,99);"" class=""se_ff_nanummyeongjo se_fs_T3"">에서 받은 우유<br></span><span style="" color: rgb(99,99,99);"" class=""se_ff_nanummyeongjo se_fs_T3"">베이비스토리에서 받은 프리메라 샘플<br></span><span style="" color: rgb(99,99,99);"" class=""se_ff_nanummyeongjo se_fs_T3"">홍이야부탁해에서 받은 어린이 우산<br><br></span><span style="" color: rgb(99,99,99);"" class=""se_ff_nanummyeongjo""><br></span><span style="" color: rgb(99,99,99);"" class=""se_ff_nanummyeongjo"">이번 구성도 정말 알차요!</span><span style="" color: rgb(99,99,99);"" class=""se_ff_nanummyeongjo""><br></span><span style="" color: rgb(99,99,99);"" class=""se_ff_nanummyeongjo"">게다가 다 필요한 것들이라 너무 좋아요,</span><span style="" color: rgb(99,99,99);"" class=""se_ff_nanummyeongjo""><br></span><span style="" color: rgb(99,99,99);"" class=""se_ff_nanummyeongjo"">서베키는 서포터즈팩에서 느껴지듯이</span><span style="" color: rgb(99,99,99);"" class=""se_ff_nanummyeongjo""><br></span><span style="" color: rgb(99,99,99);"" class=""se_ff_nanummyeongjo"">서포터즈를 정말 잘 챙겨주는 곳 같아요</span><span style="" color: rgb(99,99,99);"" class=""se_ff_nanummyeongjo""><br></span><span style="" color: rgb(99,99,99);"" class=""se_ff_nanummyeongjo""><br></span><!-- } SE3-TEXT --></p>\n                    ', '\n                        <p class=""se_textarea""><!-- SE3-TEXT { --><span style="" color: rgb(99,99,99);"" class=""se_ff_nanummyeongjo"">그럼 우리 5월의 서베키에서 만나요~~</span><!-- } SE3-TEXT --></p>\n                    ']",[],"['\n                        <h3 class=""se_textarea"">\n                            <!-- -->12번째 인천로맨스 둘째날 방문후기 :)<!-- -->\n                            \n                        </h3>\n\t                ']",[],[],[],[],[],[],[],[],[],[],"['\n                        <h3 class=""se_textarea"">\n                            <!-- -->리에또 유아용 오가닉 양면방수요<!-- -->\n                            \n                        </h3>\n                        \n                        \n\t                ', '\n                        <h6 class=""se_textarea""><!-- SE3-TEXT { -->신생아방수요 리에또 유아용 오가닉 양면방수요, 블루도트<!-- } SE3-TEXT --></h6>\n                    ', '\n                        <p class=""se_textarea""><!-- SE3-TEXT { --> <br> <!-- } SE3-TEXT --></p>\n                    ', '\n                        <p class=""se_textarea""><!-- SE3-TEXT { --><span class=""se_fs_T3"">가격은 수시로 변경되니 쿠팡 방문으로 확인하시기 바랍니다.<br></span><a href=""https://landing.coupang.com/multi?src=1139000&amp;spec=10799999&amp;addtag=404&amp;ctag=19086729&amp;lptag=AF2546853&amp;pt=PRODUCT&amp;productId=19086729&amp;traceId=19111600074466316001006679&amp;itemId=76610832&amp;vendorItemId=3128643470&amp;gfrom=searchapi"" target=""_blank"" class=""se_link se_fs_T1""><span style=""font-weight:bold;"">▶ 가격확인하기</span></a><!-- } SE3-TEXT --></p>\n                    ', '\n                        <p class=""se_textarea""><!-- SE3-TEXT { --> <br> <br> <!-- } SE3-TEXT --></p>\n                    ', '\n                        <p class=""se_textarea""><!-- SE3-TEXT { --><br> <!-- } SE3-TEXT --></p>\n                    ', '\n                        <p class=""se_textarea""><!-- SE3-TEXT { --> <br> <!-- } SE3-TEXT --></p>\n                    ', '\n                        <p class=""se_textarea""><!-- SE3-TEXT { --><a href=""https://landing.coupang.com/multi?src=1139000&amp;spec=10799999&amp;addtag=404&amp;ctag=19086729&amp;lptag=AF2546853&amp;pt=PRODUCT&amp;productId=19086729&amp;traceId=19111600074466316001006679&amp;itemId=76610832&amp;vendorItemId=3128643470&amp;gfrom=searchapi"" target=""_blank"" class=""se_link se_fs_T1""><span style=""font-weight:bold;"">▶ 가격확인하기</span></a><!-- } SE3-TEXT --></p>\n                    ', '\n                        <p class=""se_textarea""><!-- SE3-TEXT { --> <br> <!-- } SE3-TEXT --></p>\n                    ', '\n                        <p class=""se_textarea""><!-- SE3-TEXT { --> <!-- } SE3-TEXT --></p>\n                    ', '\n                        <p class=""se_textarea""><!-- SE3-TEXT { --><br> <!-- } SE3-TEXT --></p>\n                    ', '\n                        <h6 class=""se_textarea""><!-- SE3-TEXT { -->후기.1<!-- } SE3-TEXT --></h6>\n                    ', '\n                        <p class=""se_textarea""><!-- SE3-TEXT { -->작은거 사용하다가 아기침대에 깔려고 주문했어요. 집에 블루램프가 있어서 비춰봤더니 안감에서 푸른빛이 새어나더라구요 그렇다는말은 안감은 형광증백되었다는 말인데 오가닉 원단으로 겉을 둘러싼다고 해도 물빨래하면 다 이염되서 형광증백제가 새어나온다고 하더라구요. 거기다가 섬유조성표 택도 형광증백되어있는 것. 작은 부분이라도 신경써줘서 만들었으면 좋겠습니다. 겉만 오가닉인건 그다지 의미가 없어요.<!-- } SE3-TEXT --></p>\n                    ', '\n                        <p class=""se_textarea""><!-- SE3-TEXT { --> <br> <br> <!-- } SE3-TEXT --></p>\n                    ', '\n                        <p class=""se_textarea""><!-- SE3-TEXT { --><br> <!-- } SE3-TEXT --></p>\n                    ', '\n                        <h6 class=""se_textarea""><!-- SE3-TEXT { -->후기.2<!-- } SE3-TEXT --></h6>\n                    ', '\n                        <p class=""se_textarea""><!-- SE3-TEXT { -->와 요고요고 물건입니다애기 배변훈련때문에삿는데기존에 쓰던 방수패드들은 부시럭거리고사이즈도작고 밀리고중요한 방수기능도 의문이들정도로 별로더라구요가격이 좀 사악하긴햇지만 고민하다가요걸로 시켜봣는데 대박이네요일단 크기커서 좋아요한번에다필까하다가 애기쓰는 이불위에다가 까는거라한번 반으로 접어서 깔앗구요젤좋은건 밀리지가않아요~~젤좋음하나도안밀림 애기가 밀리는거싫어해서 바로해달라고찡찡대는데 이건 그럴일이 전혀없음애기가 밤에 쉬해서 촉촉해서 밑에까지 젖은줄알앗는데왠걸요-!밑은멀쩡~위는축축~~반으로 뒤집어서 까니 다시 젖어들거나하지않고 거기서끝!아침까지 무사히 보냇어요새벽에 쉬해서 배리면 이불이랑 갈기 귀찮기도하고일이많은데 요건 바로 탁 뒤집으면되니 저한텐 신세계~너무너무좋아서 하나 더 시켯네요씻고쓸려니 하나로 너무 씻기바쁘더라구요세탁해도 다른방수패드보다 마르는속도도빨라서또한번 마음에 드는제품입니다애기도 첨엔 캐릭터없다고 자기꺼 아니라고하더니한번 만져보더니 폭신폭신하다고 좋아라하네요조만간 하나 더 구매해서 색깔별로 소장할거같네요가격사악해도 가격만큼하는거같네요애기 밤기저귀 확실히 떼기전까지는계속 써야되니 비싸도 재구매합니다<!-- } SE3-TEXT --></p>\n                    ', '\n                        <p class=""se_textarea""><!-- SE3-TEXT { --> <br> <br> <!-- } SE3-TEXT --></p>\n                    ', '\n                        <p class=""se_textarea""><!-- SE3-TEXT { --><br> <!-- } SE3-TEXT --></p>\n                    ', '\n                        <h6 class=""se_textarea""><!-- SE3-TEXT { -->후기.3<!-- } SE3-TEXT --></h6>\n                    ', '\n                        <p class=""se_textarea""><!-- SE3-TEXT { -->침대에서 아기랑 잘려구 구매했어요촉감 부드럽고 사이즈 좋네요방수패드는 손세탁이 많은데 세탁기사용되서 좋아요다만 모서리 끝이 말리는 단점이있네요상품정보엔 도톰하다고 되어있지만 글쎄요ㅋ<!-- } SE3-TEXT --></p>\n                    ', '\n                        <p class=""se_textarea""><!-- SE3-TEXT { --> <br> <br> <!-- } SE3-TEXT --></p>\n                    ', '\n                        <p class=""se_textarea""><!-- SE3-TEXT { --><br> <!-- } SE3-TEXT --></p>\n                    ', '\n                        <h6 class=""se_textarea""><!-- SE3-TEXT { -->후기.4<!-- } SE3-TEXT --></h6>\n                    ', '\n                        <p class=""se_textarea""><!-- SE3-TEXT { -->저희아기 신생아때 같은걸로 작은거 주문해서 여태썼어요5개월넘어가니 작아져서 큰걸로 하나더 구매했어요다른상품들은 세탁하면 끝이 말리고 이불에깔면 밀린다고하는데이건 말리지도않고 양면이라 밀리지도 않아요너무만족합니다다만 다른제품에비해 두꺼운편이고가격대가 있는편이긴 하지만 방수잘되고 안밀리고 안말리니 좋아요<!-- } SE3-TEXT --></p>\n                    ', '\n                        <p class=""se_textarea""><!-- SE3-TEXT { --> <br> <br> <!-- } SE3-TEXT --></p>\n                    ', '\n                        <p class=""se_textarea""><!-- SE3-TEXT { --><br> <!-- } SE3-TEXT --></p>\n                    ', '\n                        <h6 class=""se_textarea""><!-- SE3-TEXT { -->후기.5<!-- } SE3-TEXT --></h6>\n                    ', '\n                        <p class=""se_textarea""><!-- SE3-TEXT { -->이때까지 써본 방수패드중에 1등입니다아니 0순위네요이거밖에 안써집니다27개월애기 밤기저귀떼볼려고 기저귀안하고 팬티만입고 재우는데아직은 새벽에 실례할때가 꼭1번은있더라구요딴거같앗으면치우고 새방수패드깔아야될텐데요거는 반접어서 사용중이라 반대편으로 뒤집어서 다시쓰면 새어나오지않아서 새벽에베려도 아침까지보송보송하게 거뜬히버텨주는 효자제품새벽에 비몽사몽으로 치우면 힘들거든요제정신아님.근데 간단히해결되니 애기도편하고 좋아요~~재질느낌도 폭신한게 도톰하고좋아요비닐재질아닌게너무좋아요 소리도안나고 밀리지도않고!!가격이 비싸서 망설이긴햇지만 가격값 뽕뽑아요건조기돌려도 쉽게마르구요두개사서 번갈아 잘쓰고있네요<!-- } SE3-TEXT --></p>\n                    ', '\n                        <p class=""se_textarea""><!-- SE3-TEXT { --> <br> <br> <!-- } SE3-TEXT --></p>\n                    ', '\n                        <p class=""se_textarea""><!-- SE3-TEXT { --><br> <!-- } SE3-TEXT --></p>\n                    ', '\n                        <h6 class=""se_textarea""><!-- SE3-TEXT { -->후기.6<!-- } SE3-TEXT --></h6>\n                    ', '\n                        <p class=""se_textarea""><!-- SE3-TEXT { -->진짜 계속 잘 쓰고 있습니다!처음에는 아이가 밤에 오줌 눌 까봐 했는데, 이젠 그냥 침구보호용 쯤으로 잘 씁니다색상도 알록달록하지 않아서 얌전하니 정말 좋아요.<!-- } SE3-TEXT --></p>\n                    ', '\n                        <p class=""se_textarea""><!-- SE3-TEXT { --> <br> <br> <!-- } SE3-TEXT --></p>\n                    ', '\n                        <p class=""se_textarea""><!-- SE3-TEXT { --><a href=""https://landing.coupang.com/multi?src=1139000&amp;spec=10799999&amp;addtag=404&amp;ctag=19086729&amp;lptag=AF2546853&amp;pt=PRODUCT&amp;productId=19086729&amp;traceId=19111600074466316001006679&amp;itemId=76610832&amp;vendorItemId=3128643470&amp;gfrom=searchapi"" target=""_blank"" class=""se_link se_fs_T1""><span style=""font-weight:bold;"">▶ 가격확인하기</span></a><!-- } SE3-TEXT --></p>\n                    ', '\n                        <p class=""se_textarea""><!-- SE3-TEXT { --> <br> <br> <br> <!-- } SE3-TEXT --></p>\n                    ', '\n                        <p class=""se_textarea""><!-- SE3-TEXT { -->이 포스팅은 쿠팡 파트너스 활동의 일환으로, 이에 따른 일정액의 수수료를 제공받고 있습니다.<!-- } SE3-TEXT --></p>\n                    ', '\n                        <p class=""se_textarea""><!-- SE3-TEXT { --> <br> <br> <span class=""__se3tag""><a class=""tag"" href=""/BlogTagView.nhn?blogId=e1it35&amp;pushNavigation=true&amp;tagName=신생아방수요"">#신생아방수요</a></span><!-- } SE3-TEXT --></p>\n                    ']",[],[],"['<div class=""se_textarea""><div class=""se_wrapping_slot""><div class=""se_subComponent se_subComponent_image""><a href=""https://blog.naver.com/PostView.nhn?blogId=milkysnow&amp;logNo=221240877211&amp;categoryNo=68&amp;parentCategoryNo=0&amp;viewDate=&amp;currentPage=1&amp;postListTopCurrentPage=1&amp;from=postView&amp;userTopListOpen=true&amp;userTopListCount=5&amp;userTopListManageOpen=false&amp;userTopListCurrentPage=1#"" target=""_blank""><img class=""fx _click(Utility|ThumbView|https%3A%2F%2Fdthumb-phinf.pstatic.net%2F%3Fsrc%3D%2522https%253A%252F%252Fpostfiles.pstatic.net%252FMjAxODA0MDJfMjMy%252FMDAxNTIyNjA4MjA5MTE5.r72b3MRXfXQ2mjHPYo80xJ22O8PX4eYRMF6NA5sSfH8g.8mqkfbYEKuZce71xdljW3Q9ws52Dq_0cm494ziUylQIg.JPEG.milkysnow%252Fimage_8398046611522608017600.jpg%253Ftype%253Dw580%2522%26type%3Dw740)"" src=""https://dthumb-phinf.pstatic.net/?src=%22https%3A%2F%2Fpostfiles.pstatic.net%2FMjAxODA0MDJfMjMy%2FMDAxNTIyNjA4MjA5MTE5.r72b3MRXfXQ2mjHPYo80xJ22O8PX4eYRMF6NA5sSfH8g.8mqkfbYEKuZce71xdljW3Q9ws52Dq_0cm494ziUylQIg.JPEG.milkysnow%2Fimage_8398046611522608017600.jpg%3Ftype%3Dw580%22&amp;type=cafe_wa420"" alt=""본문 이미지"">                                     </a>', '<p><!-- SE3-TEXT { --><span style=""color: rgb(99, 99, 99);"">키친팩 오픈 전에 봉투부터 볼까요?<br></span><br><br><!-- } SE3-TEXT --></p>', '<p><!-- SE3-TEXT { --><span style=""color: rgb(99, 99, 99);"">짜잔~!<br></span><span style=""color: rgb(99, 99, 99);"">키친이 되고 너무 보람되고 좋은게 저 상품권 받는 거에요.<br></span><span style=""color: rgb(99, 99, 99);"">3만원 상품권 필요했던 물건들 살 수 있어서 너무 좋아요!<br></span><span style=""color: rgb(99, 99, 99);"">그리고 vuco cafe 매장에서 이용가능한 아메리카노 무료음료 쿠폰도<br></span><span style=""color: rgb(99, 99, 99);"">들어 있어요.<br></span><span style=""color: rgb(99, 99, 99);""><br></span><!-- } SE3-TEXT --></p>', '<p><!-- SE3-TEXT { --><span style=""color: rgb(99, 99, 99);"">자, 이제 드디어 키친팩 목록을 볼까요?<br></span><span style=""color: rgb(99, 99, 99);"">쭈~욱 나열된 목록만 봐도 정말 알차게 들어 있는 거 같아요.<br></span><span style=""color: rgb(99, 99, 99);"">넘나 감동!</span><span style=""color: rgb(99, 99, 99);""><br></span><!-- } SE3-TEXT --></p>', '<p><!-- SE3-TEXT { --><span style=""color: rgb(99, 99, 99);""><br></span><span style=""color: rgb(99, 99, 99);""><br></span><!-- } SE3-TEXT --></p>', '<blockquote><!-- SE3-TEXT { -->어마어마한 서베키의&lt;br /&gt;키친(서포터즈)팩을 공개합니다!<!-- } SE3-TEXT --></blockquote>', '<p><!-- SE3-TEXT { --><span style=""color: rgb(99, 99, 99);"">봉지가 제법 부피가 커요.<br></span><span style=""color: rgb(99, 99, 99);"">과연 뭐가 들어 있을까요?<br></span><span style=""color: rgb(99, 99, 99);""><br></span><span style=""color: rgb(99, 99, 99);""><br></span><!-- } SE3-TEXT --></p>', '<p><!-- SE3-TEXT { --><span style=""color: rgb(99, 99, 99);"">큰 &nbsp;흰색봉지를 열고 물건들을 펼쳐서 나열하니<br></span><span style=""color: rgb(99, 99, 99);"">이렇게나 많이 들어 있어요!<br></span><span style=""color: rgb(99, 99, 99);""><br></span><span style=""color: rgb(99, 99, 99);""><br></span><!-- } SE3-TEXT --></p>', '<p><!-- SE3-TEXT { --><span style=""color: rgb(243, 112, 76);""><b>마트레이아 </b></span><span style=""color: rgb(168, 104, 169);""><b>라즈베리 리프</b></span><span style=""color: rgb(99, 99, 99);"">와</span><span style=""color: rgb(243, 112, 76);""><b> </b></span><span style=""color: rgb(255, 156, 35);""><b>텀블러</b></span><span style=""color: rgb(99, 99, 99);"">에요.<br></span><span style=""color: rgb(99, 99, 99);"">모유수유하는 엄마들에게도 좋고, 일반여자들에게도<br></span><span style=""color: rgb(99, 99, 99);"">너무 좋은 마트레이아 차<br></span><span style=""color: rgb(99, 99, 99);"">게다가 편하게 마실수 있게 텀블러까지 들어 있는 센스!<br></span><span style=""color: rgb(99, 99, 99);"">감동이에요~~<br></span><span style=""color: rgb(99, 99, 99);""><br></span><!-- } SE3-TEXT --></p>', '<p><!-- SE3-TEXT { --><span style=""color: rgb(48, 180, 120);""><b>베이비타임</b></span><span style=""color: rgb(99, 99, 99);""><br></span><span style=""color: rgb(99, 99, 99);"">치키살브, 플래이풀 워시<br></span><span style=""color: rgb(99, 99, 99);"">바디워시는 용량이 커서 오래 쓸수 있을 것 같아요!<br></span><span style=""color: rgb(99, 99, 99);""><br></span><span style=""color: rgb(99, 99, 99);""><br></span><!-- } SE3-TEXT --></p>', '<p><!-- SE3-TEXT { --><span style=""color: rgb(168, 104, 169);""><b>르주르 유아세제</b></span><span style=""color: rgb(99, 99, 99);""><br></span><span style=""color: rgb(99, 99, 99);"">여기 제품 순해서 잘 쓰고 있는데, 이렇게 선물 받으니 기쁨이 2배에요.<br></span><span style=""color: rgb(99, 99, 99);""><br></span><span style=""color: rgb(99, 99, 99);""><br></span><!-- } SE3-TEXT --></p>', '<p><!-- SE3-TEXT { --><span style=""color: rgb(0, 186, 180);""><b>애플비 요술칠판 도서</b></span><span style=""color: rgb(99, 99, 99);""><br></span><span style=""color: rgb(99, 99, 99);""><br></span><span style=""color: rgb(123, 180, 35);""><b>코스트코 초코칩 쿠키</b></span><span style=""color: rgb(99, 99, 99);""><br></span><span style=""color: rgb(99, 99, 99);"">이 쿠키 정말 너무 맛있어요!<br></span><span style=""color: rgb(99, 99, 99);""><br></span><span style=""color: rgb(99, 99, 99);""><br></span><!-- } SE3-TEXT --></p>', '<p><!-- SE3-TEXT { --><span style=""color: rgb(168, 104, 169);""><b>가족뮤지컬 &lt;프랭키와 친구들&gt;</b></span><span style=""color: rgb(99, 99, 99);""><br></span><span style=""color: rgb(99, 99, 99);"">어린이뮤지컬 티켓까지 들어 있을 줄이야~<br></span><span style=""color: rgb(99, 99, 99);"">너무 좋은데요!<br></span><span style=""color: rgb(99, 99, 99);""><br></span><span style=""color: rgb(99, 99, 99);""><br></span><!-- } SE3-TEXT --></p>', '<p><!-- SE3-TEXT { --><span style=""color: rgb(99, 99, 99);"">그리고 2개중 선택했던 키친 선물<br></span><span style=""color: rgb(252, 175, 89);""><b>해피 미니 운전대 놀이 장난감</b></span><span style=""color: rgb(99, 99, 99);""><br></span><span style=""color: rgb(99, 99, 99);""><br></span><span style=""color: rgb(99, 99, 99);""></span><!-- } SE3-TEXT --></p>', '<p><!-- SE3-TEXT { --><span style=""color: rgb(99, 99, 99);"">벌써부터 좋다고 갖고 놀고 있어요.<br></span><span style=""color: rgb(99, 99, 99);"">노래도 나오고 불빛도 나오고 좋아요.<br></span><span style=""color: rgb(99, 99, 99);""><br></span><span style=""color: rgb(99, 99, 99);""><br></span><span style=""color: rgb(99, 99, 99);""><br></span><span style=""color: rgb(99, 99, 99);""><br></span><!-- } SE3-TEXT --></p>', '<blockquote><!-- SE3-TEXT { -->서베키 구매품과&nbsp;이벤트 선물<!-- } SE3-TEXT --></blockquote>', '<p><!-- SE3-TEXT { --><span style=""color: rgb(99, 99, 99);"">구매품과 이벤트 선물 떼샷이에요!<br></span><span style=""color: rgb(99, 99, 99);""><br></span><span style=""color: rgb(99, 99, 99);""><br></span><span style=""color: rgb(99, 99, 99);""></span><!-- } SE3-TEXT --></p>', '<p><!-- SE3-TEXT { --><span style=""color: rgb(0, 146, 230);""><b>리에또</b></span><span style=""color: rgb(99, 99, 99);"">에서 </span><span style=""color: rgb(99, 99, 99);""><b><u>스탠레스 빨대컵</u></b></span><span style=""color: rgb(99, 99, 99);"">과 </span><span style=""color: rgb(99, 99, 99);""><u><b>옥수수 치발기</b></u></span><span style=""color: rgb(99, 99, 99);"">를 구매했어요.<br></span><span style=""color: rgb(99, 99, 99);"">사은품으로 빨대세척솔과 항균지퍼백도 주셨어요.<br></span><span style=""color: rgb(99, 99, 99);""></span><!-- } SE3-TEXT --></p>', '<p><!-- SE3-TEXT { --><span style=""color: rgb(243, 112, 76);""><b>조아뜨</b></span><span style=""color: rgb(99, 99, 99);"">에서 구매한 </span><span style=""color: rgb(99, 99, 99);""><b><u>바나나빕</u></b></span><span style=""color: rgb(99, 99, 99);"">과 </span><span style=""color: rgb(99, 99, 99);""><b><u>양말들</u></b></span><span style=""color: rgb(99, 99, 99);""><br></span><span style=""color: rgb(99, 99, 99);"">바나나빕은 3천원, 양말은 각각 천원씩이라 엄청 저렴했어요.<br></span><span style=""color: rgb(99, 99, 99);""><br></span><span style=""color: rgb(99, 99, 99);""><br></span><span style=""color: rgb(99, 99, 99);""></span><!-- } SE3-TEXT --></p>', '<p><!-- SE3-TEXT { --><span style=""color: rgb(99, 99, 99);"">LG+에서 나눠주신 분홍색 다용도 행주와<br></span><span style=""color: rgb(99, 99, 99);"">베이비앙에서 팔로우하고 받은 밤부 손수건<br></span><span style=""color: rgb(99, 99, 99);""><br></span><span style=""color: rgb(99, 99, 99);""><br></span><span style=""color: rgb(99, 99, 99);""></span><!-- } SE3-TEXT --></p>', '<p><!-- SE3-TEXT { --><span style=""color: rgb(99, 99, 99);"">앙블랑에서 인스타그램 팔로우하고 받은 기저귀와 물티슈<br></span><span style=""color: rgb(99, 99, 99);""><br></span><span style=""color: rgb(99, 99, 99);""></span><!-- } SE3-TEXT --></p>', '<p><!-- SE3-TEXT { --><span style=""color: rgb(99, 99, 99);"">초대권으로 입장시 나눠주신 미역과 앙블랑 물티슈<br></span><span style=""color: rgb(99, 99, 99);""><br></span><span style=""color: rgb(99, 99, 99);"">&nbsp;</span><!-- } SE3-TEXT --></p>', '<p><!-- SE3-TEXT { --><span style=""color: rgb(99, 99, 99);"">파머스에서 카톡 플러스친구 추가하고 받은 오일과<br></span><span style=""color: rgb(99, 99, 99);""><span style=""color: rgb(99, 99, 99);""><b>덴마크 친환경 무항생제 우유 / 유기농 치즈</b></span>에서 받은 우유<br></span><span style=""color: rgb(99, 99, 99);"">베이비스토리에서 받은 프리메라 샘플<br></span><span style=""color: rgb(99, 99, 99);"">홍이야부탁해에서 받은 어린이 우산<br></span><!-- } SE3-TEXT --></p>', '<p><!-- SE3-TEXT { --><span style=""color: rgb(99, 99, 99);""><br></span><span style=""color: rgb(99, 99, 99);"">이번 구성도 정말 알차요!</span><span style=""color: rgb(99, 99, 99);""><br></span><span style=""color: rgb(99, 99, 99);"">게다가 다 필요한 것들이라 너무 좋아요,</span><span style=""color: rgb(99, 99, 99);""><br></span><span style=""color: rgb(99, 99, 99);"">서베키는 서포터즈팩에서 느껴지듯이</span><span style=""color: rgb(99, 99, 99);""><br></span><span style=""color: rgb(99, 99, 99);"">서포터즈를 정말 잘 챙겨주는 곳 같아요</span><span style=""color: rgb(99, 99, 99);""><br></span><span style=""color: rgb(99, 99, 99);""><br></span><!-- } SE3-TEXT --></p>', '<p><!-- SE3-TEXT { --><span style=""color: rgb(99, 99, 99);"">그럼 우리 5월의 서베키에서 만나요~~</span></p><div class=""autosourcing-stub-extra"" style=""-ms-zoom: 1; opacity: 1;"">']","['<div class=""se_textarea""><div class=""se_wrapping_slot""><div class=""se_subComponent se_subComponent_image""><a href=""https://blog.naver.com/PostView.nhn?blogId=milkysnow&amp;logNo=221240877211&amp;categoryNo=68&amp;parentCategoryNo=0&amp;viewDate=&amp;currentPage=1&amp;postListTopCurrentPage=1&amp;from=postView&amp;userTopListOpen=true&amp;userTopListCount=5&amp;userTopListManageOpen=false&amp;userTopListCurrentPage=1#"" target=""_blank""><img class=""fx _click(Utility|ThumbView|https%3A%2F%2Fdthumb-phinf.pstatic.net%2F%3Fsrc%3D%2522https%253A%252F%252Fpostfiles.pstatic.net%252FMjAxODA0MDJfMjMy%252FMDAxNTIyNjA4MjA5MTE5.r72b3MRXfXQ2mjHPYo80xJ22O8PX4eYRMF6NA5sSfH8g.8mqkfbYEKuZce71xdljW3Q9ws52Dq_0cm494ziUylQIg.JPEG.milkysnow%252Fimage_8398046611522608017600.jpg%253Ftype%253Dw580%2522%26type%3Dw740)"" src=""https://dthumb-phinf.pstatic.net/?src=%22https%3A%2F%2Fpostfiles.pstatic.net%2FMjAxODA0MDJfMjMy%2FMDAxNTIyNjA4MjA5MTE5.r72b3MRXfXQ2mjHPYo80xJ22O8PX4eYRMF6NA5sSfH8g.8mqkfbYEKuZce71xdljW3Q9ws52Dq_0cm494ziUylQIg.JPEG.milkysnow%2Fimage_8398046611522608017600.jpg%3Ftype%3Dw580%22&amp;type=cafe_wa420"" alt=""본문 이미지"">                                     </a>', '<p><!-- SE3-TEXT { --><span style=""color: rgb(99, 99, 99);"">키친팩 오픈 전에 봉투부터 볼까요?<br></span><br><br><!-- } SE3-TEXT --></p>', '<p><!-- SE3-TEXT { --><span style=""color: rgb(99, 99, 99);"">짜잔~!<br></span><span style=""color: rgb(99, 99, 99);"">키친이 되고 너무 보람되고 좋은게 저 상품권 받는 거에요.<br></span><span style=""color: rgb(99, 99, 99);"">3만원 상품권 필요했던 물건들 살 수 있어서 너무 좋아요!<br></span><span style=""color: rgb(99, 99, 99);"">그리고 vuco cafe 매장에서 이용가능한 아메리카노 무료음료 쿠폰도<br></span><span style=""color: rgb(99, 99, 99);"">들어 있어요.<br></span><span style=""color: rgb(99, 99, 99);""><br></span><!-- } SE3-TEXT --></p>', '<p><!-- SE3-TEXT { --><span style=""color: rgb(99, 99, 99);"">자, 이제 드디어 키친팩 목록을 볼까요?<br></span><span style=""color: rgb(99, 99, 99);"">쭈~욱 나열된 목록만 봐도 정말 알차게 들어 있는 거 같아요.<br></span><span style=""color: rgb(99, 99, 99);"">넘나 감동!</span><span style=""color: rgb(99, 99, 99);""><br></span><!-- } SE3-TEXT --></p>', '<p><!-- SE3-TEXT { --><span style=""color: rgb(99, 99, 99);""><br></span><span style=""color: rgb(99, 99, 99);""><br></span><!-- } SE3-TEXT --></p>', '<blockquote><!-- SE3-TEXT { -->어마어마한 서베키의&lt;br /&gt;키친(서포터즈)팩을 공개합니다!<!-- } SE3-TEXT --></blockquote>', '<p><!-- SE3-TEXT { --><span style=""color: rgb(99, 99, 99);"">봉지가 제법 부피가 커요.<br></span><span style=""color: rgb(99, 99, 99);"">과연 뭐가 들어 있을까요?<br></span><span style=""color: rgb(99, 99, 99);""><br></span><span style=""color: rgb(99, 99, 99);""><br></span><!-- } SE3-TEXT --></p>', '<p><!-- SE3-TEXT { --><span style=""color: rgb(99, 99, 99);"">큰 &nbsp;흰색봉지를 열고 물건들을 펼쳐서 나열하니<br></span><span style=""color: rgb(99, 99, 99);"">이렇게나 많이 들어 있어요!<br></span><span style=""color: rgb(99, 99, 99);""><br></span><span style=""color: rgb(99, 99, 99);""><br></span><!-- } SE3-TEXT --></p>', '<p><!-- SE3-TEXT { --><span style=""color: rgb(243, 112, 76);""><b>마트레이아 </b></span><span style=""color: rgb(168, 104, 169);""><b>라즈베리 리프</b></span><span style=""color: rgb(99, 99, 99);"">와</span><span style=""color: rgb(243, 112, 76);""><b> </b></span><span style=""color: rgb(255, 156, 35);""><b>텀블러</b></span><span style=""color: rgb(99, 99, 99);"">에요.<br></span><span style=""color: rgb(99, 99, 99);"">모유수유하는 엄마들에게도 좋고, 일반여자들에게도<br></span><span style=""color: rgb(99, 99, 99);"">너무 좋은 마트레이아 차<br></span><span style=""color: rgb(99, 99, 99);"">게다가 편하게 마실수 있게 텀블러까지 들어 있는 센스!<br></span><span style=""color: rgb(99, 99, 99);"">감동이에요~~<br></span><span style=""color: rgb(99, 99, 99);""><br></span><!-- } SE3-TEXT --></p>', '<p><!-- SE3-TEXT { --><span style=""color: rgb(48, 180, 120);""><b>베이비타임</b></span><span style=""color: rgb(99, 99, 99);""><br></span><span style=""color: rgb(99, 99, 99);"">치키살브, 플래이풀 워시<br></span><span style=""color: rgb(99, 99, 99);"">바디워시는 용량이 커서 오래 쓸수 있을 것 같아요!<br></span><span style=""color: rgb(99, 99, 99);""><br></span><span style=""color: rgb(99, 99, 99);""><br></span><!-- } SE3-TEXT --></p>', '<p><!-- SE3-TEXT { --><span style=""color: rgb(168, 104, 169);""><b>르주르 유아세제</b></span><span style=""color: rgb(99, 99, 99);""><br></span><span style=""color: rgb(99, 99, 99);"">여기 제품 순해서 잘 쓰고 있는데, 이렇게 선물 받으니 기쁨이 2배에요.<br></span><span style=""color: rgb(99, 99, 99);""><br></span><span style=""color: rgb(99, 99, 99);""><br></span><!-- } SE3-TEXT --></p>', '<p><!-- SE3-TEXT { --><span style=""color: rgb(0, 186, 180);""><b>애플비 요술칠판 도서</b></span><span style=""color: rgb(99, 99, 99);""><br></span><span style=""color: rgb(99, 99, 99);""><br></span><span style=""color: rgb(123, 180, 35);""><b>코스트코 초코칩 쿠키</b></span><span style=""color: rgb(99, 99, 99);""><br></span><span style=""color: rgb(99, 99, 99);"">이 쿠키 정말 너무 맛있어요!<br></span><span style=""color: rgb(99, 99, 99);""><br></span><span style=""color: rgb(99, 99, 99);""><br></span><!-- } SE3-TEXT --></p>', '<p><!-- SE3-TEXT { --><span style=""color: rgb(168, 104, 169);""><b>가족뮤지컬 &lt;프랭키와 친구들&gt;</b></span><span style=""color: rgb(99, 99, 99);""><br></span><span style=""color: rgb(99, 99, 99);"">어린이뮤지컬 티켓까지 들어 있을 줄이야~<br></span><span style=""color: rgb(99, 99, 99);"">너무 좋은데요!<br></span><span style=""color: rgb(99, 99, 99);""><br></span><span style=""color: rgb(99, 99, 99);""><br></span><!-- } SE3-TEXT --></p>', '<p><!-- SE3-TEXT { --><span style=""color: rgb(99, 99, 99);"">그리고 2개중 선택했던 키친 선물<br></span><span style=""color: rgb(252, 175, 89);""><b>해피 미니 운전대 놀이 장난감</b></span><span style=""color: rgb(99, 99, 99);""><br></span><span style=""color: rgb(99, 99, 99);""><br></span><span style=""color: rgb(99, 99, 99);""></span><!-- } SE3-TEXT --></p>', '<p><!-- SE3-TEXT { --><span style=""color: rgb(99, 99, 99);"">벌써부터 좋다고 갖고 놀고 있어요.<br></span><span style=""color: rgb(99, 99, 99);"">노래도 나오고 불빛도 나오고 좋아요.<br></span><span style=""color: rgb(99, 99, 99);""><br></span><span style=""color: rgb(99, 99, 99);""><br></span><span style=""color: rgb(99, 99, 99);""><br></span><span style=""color: rgb(99, 99, 99);""><br></span><!-- } SE3-TEXT --></p>', '<blockquote><!-- SE3-TEXT { -->서베키 구매품과&nbsp;이벤트 선물<!-- } SE3-TEXT --></blockquote>', '<p><!-- SE3-TEXT { --><span style=""color: rgb(99, 99, 99);"">구매품과 이벤트 선물 떼샷이에요!<br></span><span style=""color: rgb(99, 99, 99);""><br></span><span style=""color: rgb(99, 99, 99);""><br></span><span style=""color: rgb(99, 99, 99);""></span><!-- } SE3-TEXT --></p>', '<p><!-- SE3-TEXT { --><span style=""color: rgb(0, 146, 230);""><b>리에또</b></span><span style=""color: rgb(99, 99, 99);"">에서 </span><span style=""color: rgb(99, 99, 99);""><b><u>스탠레스 빨대컵</u></b></span><span style=""color: rgb(99, 99, 99);"">과 </span><span style=""color: rgb(99, 99, 99);""><u><b>옥수수 치발기</b></u></span><span style=""color: rgb(99, 99, 99);"">를 구매했어요.<br></span><span style=""color: rgb(99, 99, 99);"">사은품으로 빨대세척솔과 항균지퍼백도 주셨어요.<br></span><span style=""color: rgb(99, 99, 99);""></span><!-- } SE3-TEXT --></p>', '<p><!-- SE3-TEXT { --><span style=""color: rgb(243, 112, 76);""><b>조아뜨</b></span><span style=""color: rgb(99, 99, 99);"">에서 구매한 </span><span style=""color: rgb(99, 99, 99);""><b><u>바나나빕</u></b></span><span style=""color: rgb(99, 99, 99);"">과 </span><span style=""color: rgb(99, 99, 99);""><b><u>양말들</u></b></span><span style=""color: rgb(99, 99, 99);""><br></span><span style=""color: rgb(99, 99, 99);"">바나나빕은 3천원, 양말은 각각 천원씩이라 엄청 저렴했어요.<br></span><span style=""color: rgb(99, 99, 99);""><br></span><span style=""color: rgb(99, 99, 99);""><br></span><span style=""color: rgb(99, 99, 99);""></span><!-- } SE3-TEXT --></p>', '<p><!-- SE3-TEXT { --><span style=""color: rgb(99, 99, 99);"">LG+에서 나눠주신 분홍색 다용도 행주와<br></span><span style=""color: rgb(99, 99, 99);"">베이비앙에서 팔로우하고 받은 밤부 손수건<br></span><span style=""color: rgb(99, 99, 99);""><br></span><span style=""color: rgb(99, 99, 99);""><br></span><span style=""color: rgb(99, 99, 99);""></span><!-- } SE3-TEXT --></p>', '<p><!-- SE3-TEXT { --><span style=""color: rgb(99, 99, 99);"">앙블랑에서 인스타그램 팔로우하고 받은 기저귀와 물티슈<br></span><span style=""color: rgb(99, 99, 99);""><br></span><span style=""color: rgb(99, 99, 99);""></span><!-- } SE3-TEXT --></p>', '<p><!-- SE3-TEXT { --><span style=""color: rgb(99, 99, 99);"">초대권으로 입장시 나눠주신 미역과 앙블랑 물티슈<br></span><span style=""color: rgb(99, 99, 99);""><br></span><span style=""color: rgb(99, 99, 99);"">&nbsp;</span><!-- } SE3-TEXT --></p>', '<p><!-- SE3-TEXT { --><span style=""color: rgb(99, 99, 99);"">파머스에서 카톡 플러스친구 추가하고 받은 오일과<br></span><span style=""color: rgb(99, 99, 99);""><span style=""color: rgb(99, 99, 99);""><b>덴마크 친환경 무항생제 우유 / 유기농 치즈</b></span>에서 받은 우유<br></span><span style=""color: rgb(99, 99, 99);"">베이비스토리에서 받은 프리메라 샘플<br></span><span style=""color: rgb(99, 99, 99);"">홍이야부탁해에서 받은 어린이 우산<br></span><!-- } SE3-TEXT --></p>', '<p><!-- SE3-TEXT { --><span style=""color: rgb(99, 99, 99);""><br></span><span style=""color: rgb(99, 99, 99);"">이번 구성도 정말 알차요!</span><span style=""color: rgb(99, 99, 99);""><br></span><span style=""color: rgb(99, 99, 99);"">게다가 다 필요한 것들이라 너무 좋아요,</span><span style=""color: rgb(99, 99, 99);""><br></span><span style=""color: rgb(99, 99, 99);"">서베키는 서포터즈팩에서 느껴지듯이</span><span style=""color: rgb(99, 99, 99);""><br></span><span style=""color: rgb(99, 99, 99);"">서포터즈를 정말 잘 챙겨주는 곳 같아요</span><span style=""color: rgb(99, 99, 99);""><br></span><span style=""color: rgb(99, 99, 99);""><br></span><!-- } SE3-TEXT --></p>', '<p><!-- SE3-TEXT { --><span style=""color: rgb(99, 99, 99);"">그럼 우리 5월의 서베키에서 만나요~~</span></p><div class=""autosourcing-stub-extra"" style=""-ms-zoom: 1; opacity: 1;"">']","['<p><!-- SE3-TEXT { --><span>못보신분들을위해 링크 달아두었어요^^<br></span><span><br>자그럼 바로 못본 나머지 업체들과 키친팩을 소개해드릴게요~^^</span><span><br></span><br><br><!-- } SE3-TEXT --></p>', '<p><!-- SE3-TEXT { --><span style=""color: rgb(240, 44, 140);""><b>보니타베베 &nbsp;&nbsp;</b></span><!-- } SE3-TEXT --></p>', '<p><!-- SE3-TEXT { --><span>귀여운 유아베개와 이불이 많아요.<br></span><span>심지어 낮잠이불로 검색을해보니 인가보다 2~3만원 저렴하더라구요<br></span><span></span><!-- } SE3-TEXT --></p>', '<p><!-- SE3-TEXT { --><span style=""color: rgb(240, 44, 140);""><b>내가 예쁜건 엄마탓</b></span><span><br></span><span>부스 이름이 참 독특하지요?<br></span><span>아무래도 예쁘게 아이를 찍어주길 바라는마음에서 지은 스튜디오이름같아요^^<br></span><span><br></span>&nbsp;&nbsp;&nbsp;&nbsp;&nbsp; <br><br><!-- } SE3-TEXT --></p>', '<p><!-- SE3-TEXT { --><span style=""color: rgb(240, 44, 140);""><b>&nbsp; &nbsp; &nbsp; 한솔교육 핀덴</b></span><span><br>핀덴베베는 모르시는분 없을거같네요 ㅎㅎ</span><span><br></span><br><!-- } SE3-TEXT --></p>', '<p><!-- SE3-TEXT { --><span style=""color: rgb(240, 44, 140);""><b>LG전자</b></span><span><br></span><span>정수기와 공기청정기로 방문해주셨더라구요<br></span><span>엄마들사이에서 공기청정기 LG제품이 인기가 좋긴하죠 ㅎㅎ<br></span><span><br></span><br><!-- } SE3-TEXT --></p>', '<p><!-- SE3-TEXT { -->&nbsp;&nbsp; <span style=""color: rgb(240, 44, 140);""><b>리안 &nbsp;&nbsp;</b></span><br><!-- } SE3-TEXT --></p>', '<p><!-- SE3-TEXT { --><span>디럭스형부터 절충형 그리고 휴대용유모차까지<br></span><span>모두 한자리에서 비교해보며 볼 수 있었어요<br></span><br><!-- } SE3-TEXT --></p>', '<p><!-- SE3-TEXT { --><span style=""color: rgb(240, 44, 140);""><b>조이&nbsp;</b></span><span><br></span><span>조이 카시트도 볼 수있었구요~<br></span><br><!-- } SE3-TEXT --></p>', '<p><!-- SE3-TEXT { --><span style=""color: rgb(240, 44, 140);""><b>웅진북클럽</b></span><span><br></span><span>우리 딸도 2달단 체험해보았던 웅진북클럽부스도 입점해있었네요</span><span style=""color: rgb(240, 44, 140);""><b></b></span><span><br></span><br><!-- } SE3-TEXT --></p>', '<p><!-- SE3-TEXT { --><span>&nbsp; &nbsp; &nbsp; </span><span style=""color: rgb(240, 44, 140);""><b>베베캐슬</b></span><span><br></span><span>큰아이가 6살이지만 아직까지 잘사용하고있는 아기욕조<br></span><span>베베캐슬 좋습니다요!!^^</span><br><br><br><!-- } SE3-TEXT --></p>', '<p><!-- SE3-TEXT { --><span style=""color: rgb(240, 44, 140);""><b>현대해상</b></span><span><br></span><span>태아보험 상담부스도 있었어요^^<br></span><span>현대해상 유명하죠~<br></span><br><!-- } SE3-TEXT --></p>', '<p><!-- SE3-TEXT { --><span style=""color: rgb(240, 44, 140);""><b>미고</b></span><span><br>최근애 미고미니 플러스3가 나왔다죠?<br>전,, 미고미니캐비가 갖고싶네요 ㅎㅎ</span><span></span><span><br></span><br><!-- } SE3-TEXT --></p>', '<p><!-- SE3-TEXT { --><span>보면볼수록 매력적인 아이들이에요<br></span><span>탐나요 탐나 +_+<br></span><span><br></span><br><!-- } SE3-TEXT --></p>', '<p><!-- SE3-TEXT { --><span style=""color: rgb(240, 44, 140);""><b>타이니러브</b></span><br><!-- } SE3-TEXT --></p>', '<p><!-- SE3-TEXT { --><span>신생아떄 너무나 잘사용했던 모빌부터<br></span><span>유모차 장난감!!<br></span><br><!-- } SE3-TEXT --></p>', '<p><!-- SE3-TEXT { --><span>그리고 변기와 캐리어역할놀이 장난감까지<br></span><span>실제로보니 캐리어 역할놀이장난감 탐나네요~<br></span><br><!-- } SE3-TEXT --></p>', '<p><!-- SE3-TEXT { --><span>눈높이교육<br></span><span>아이 한글공부해야되는시기라,,,<br>나중에 한번 상담받아봐야겠어요 전 ㅎㅎ</span><span style=""color: rgb(240, 44, 140);""><b></b></span><span><br></span><br><!-- } SE3-TEXT --></p>', '<p><!-- SE3-TEXT { -->&nbsp; &nbsp; &nbsp;<span style=""color: rgb(240, 44, 140);""><b> 엘레니어 / GB / 싸이벡스</b></span><br><span>유명한 유모차 브랜드가 한곳에!!<br></span><span>한번에 비교해볼 수있어서 너무 좋은거같아요<br></span> <br><br><!-- } SE3-TEXT --></p>', '<p><!-- SE3-TEXT { --><span style=""color: rgb(240, 44, 140);""><b>브라이텍스 / 미니버기 &nbsp; &nbsp; &nbsp;</b></span><br><!-- } SE3-TEXT --></p>', '<p><!-- SE3-TEXT { --><span>브라이텍스카시트부터 미니버기 유모차<br></span><span>그리고 씨에스타까지 한자리에 있었답니다.</span><br>&nbsp; &nbsp;&nbsp;<br><br><!-- } SE3-TEXT --></p>', '<p><!-- SE3-TEXT { --><span style=""color: rgb(240, 44, 140);""><b>비세이프 / 브이텍</b></span><span><br></span><span>브이텍깜짝볼도 유명하고 걸음마보조기도 유명하지요^^<br></span><span>깜짝볼 핑크색 너무 예쁜거같아요 ㅎㅎ<br></span><br><!-- } SE3-TEXT --></p>', '<p><!-- SE3-TEXT { --><span style=""color: rgb(240, 44, 140);""><b>포그내</b></span><span><br></span><span>큰아이가 사용한 힙시트 포그내<br></span><span>좋은거 인정합니다 ㅎㅎ<br></span><span>포그내 5년전이나 지금이나 인기 많은거같아요^^<br></span><br>&nbsp;&nbsp;&nbsp;&nbsp;&nbsp; <br><br><!-- } SE3-TEXT --></p>', '<p><!-- SE3-TEXT { --><span style=""color: rgb(240, 44, 140);""><b>누들앤부 / 스와들 / 에르고 / 베이비머핀 / 에르고파우치</b></span><span><br></span><span>여기에 있는 제품들 다 저희집에 있는 제품이네요 ㅋㅋㅋ<br></span><span>여름속싸개로도 잘사용하고,, 아기띠는 지금도 잘사용하고있답니다</span><br>&nbsp;&nbsp;&nbsp;&nbsp;&nbsp; <br><br><!-- } SE3-TEXT --></p>', '<p><!-- SE3-TEXT { --><span>&nbsp; &nbsp; &nbsp; </span><span style=""color: rgb(240, 44, 140);""><b>동양생명</b></span><span><br>전 저번 서베키에서 상담을 받았었기에<br></span><span>이번에는 눈으로 스캔만했어요^^</span><span><br></span><br><!-- } SE3-TEXT --></p>', '<p><!-- SE3-TEXT { -->&nbsp; &nbsp; &nbsp; <span style=""color: rgb(240, 44, 140);""><b>메르베</b></span><br><!-- } SE3-TEXT --></p>', '<p><!-- SE3-TEXT { --><span>&nbsp; 아기 양말부터 조끼, 내복, 신발<br></span><span>정말 없는게 없더라구요!!!<br></span><span>아기자기한 아기용품들이 너무 많아서 눈길을 사로잡은곳이었어요<br></span><span>특히나 신발 -_ ㅠ 너무 예뻐요</span><br><br><br><!-- } SE3-TEXT --></p>', '<p><!-- SE3-TEXT { --><span style=""color: rgb(240, 44, 140);""><b>&nbsp; &nbsp; &nbsp; 블랑101</b></span><span><br></span><span>블랑세제 사용해봤는데 좋아요~<br></span><span>향에 민감한 저인데,, 향이 자극적이지 않아 너무 좋답니다^^</span><br>&nbsp;&nbsp;&nbsp;&nbsp;&nbsp; <br><br><!-- } SE3-TEXT --></p>', '<p><!-- SE3-TEXT { --><span style=""color: rgb(240, 44, 140);""><b>소르베베 / 먼치킨 / 바론</b></span><!-- } SE3-TEXT --></p>', '<p><!-- SE3-TEXT { --><span>&nbsp; &nbsp;&nbsp; 소르베베 아기띠와 힙시트는 직접 착용해볼 수있었어요<br></span><span>바론카시트는 딸램이 자고있었기에 눈도장만 ㅎㅎ</span><br>&nbsp;&nbsp;<br><br><!-- } SE3-TEXT --></p>', '<p><!-- SE3-TEXT { --><span>&nbsp; &nbsp; &nbsp; 먼치킨 유아식기가 조금 탐나더라구요.<br></span><span>아이친구들 왔을때에도 사용하면 색감이 예뻐서 아이들이 너무 좋아할거같아요</span><br>&nbsp;&nbsp;&nbsp;&nbsp;&nbsp; <br><br><!-- } SE3-TEXT --></p>', '<p><!-- SE3-TEXT { --><span style=""color: rgb(240, 44, 140);""><b>햇님 젖병소독기 / 엘솔유모차</b></span> &nbsp; &nbsp; &nbsp;<br><!-- } SE3-TEXT --></p>', '<p><!-- SE3-TEXT { --><span>요새 파파스터프도 대세죠!<br></span><span>지인이 가격을 좀 알아봐달래서 가격좀 한번 슥~ 보고갔답니다.<br></span><span>더불어 햇님젖병소독기도 살펴보았어요^^<br></span><br>&nbsp;&nbsp;&nbsp;&nbsp;&nbsp; <br><br><!-- } SE3-TEXT --></p>', '<p><!-- SE3-TEXT { --><span style=""color: rgb(240, 44, 140);""><b>마마치</b></span><span><br></span><span>마마치 베이비 스킨케어 제품과 젖병도 볼 수있었어요</span><b></b><span><br></span><br><!-- } SE3-TEXT --></p>', '<p><!-- SE3-TEXT { -->&nbsp; &nbsp; &nbsp; <span style=""color: rgb(240, 44, 140);""><b>리베로 / 휴비딕 / 키즈존 / 에코두</b></span><br><br><!-- } SE3-TEXT --></p>', '<p><!-- SE3-TEXT { --><span>&nbsp; &nbsp; &nbsp; 저희집에도 4세트나 있는 에디슨 제품부터 시작해서 <br></span><span>휴비딕제품과 세제</span><br><br><!-- } SE3-TEXT --></p>', '<p><!-- SE3-TEXT { -->리베로 기저귀도 만나보았답니다.<br><br><!-- } SE3-TEXT --></p>', '<p><!-- SE3-TEXT { --><span>&nbsp; &nbsp; &nbsp; </span><span style=""color: rgb(240, 44, 140);""><b>순성카시트</b></span><br><!-- } SE3-TEXT --></p>', '<p><!-- SE3-TEXT { --><span>무슨설명이 필요할까싶네요 ㅎㅎㅎ<br></span><span>전 주니어카시트가 요새 필요해서,,&nbsp;<br></span><span>제나한번 휙!!! 구경하고왔어요~</span><br>&nbsp;&nbsp;&nbsp;&nbsp;&nbsp; <br><br><!-- } SE3-TEXT --></p>', '<p><!-- SE3-TEXT { --><span>&nbsp; &nbsp; &nbsp; </span><span style=""color: rgb(240, 44, 140);""><b>엘지 유플러스</b></span><span><br></span><span>저희집에서도 5년째&nbsp; 아이들과 함께 잘보고있어요<br></span><br><!-- } SE3-TEXT --></p>', '<p><!-- SE3-TEXT { --><span>&nbsp; &nbsp; &nbsp; 엇! 보다보니 쌍둥이 유모차도 있더라구요~<br></span><span>저도 아이들 나이터울이 3살이라 그렇지,,&nbsp;<br></span><span>아마 2살이었으면 쌍둥이 유모차 구매했을거같아요^^</span><br>&nbsp;&nbsp;&nbsp;&nbsp;&nbsp; <br><br><!-- } SE3-TEXT --></p>', '<p><!-- SE3-TEXT { --><span style=""color: rgb(240, 44, 140);""><b>깜유모차</b></span><br><!-- } SE3-TEXT --></p>', '<p><!-- SE3-TEXT { --><span>고급스러워보이는 깜유모차와&nbsp;<br></span><span>아프리카 카시트도 보고왔네요^^<br></span><br><!-- } SE3-TEXT --></p>', '<p><!-- SE3-TEXT { -->&nbsp;&nbsp; <span style=""color: rgb(240, 44, 140);""><b>아토팜 &nbsp;&nbsp;</b></span><br><span>테스트 제품들이 있으니 직접 한번 발라보시면 좋을거같아요<br></span><span>저도 건조한 손등에 한번 슥~ 발라보았답니다.<br></span>&nbsp;&nbsp;&nbsp;&nbsp;&nbsp; <br><br><!-- } SE3-TEXT --></p>', '<p><!-- SE3-TEXT { --><span>&nbsp;</span><span><b> &nbsp;&nbsp; 에티듀트 / 에끌레브</b></span><br><!-- } SE3-TEXT --></p>', '<p><!-- SE3-TEXT { --><span>아기욕조로 뜨고있는 슈너글과 에티듀트<br></span><span>그리고 아이들에게 인기좋은 젤리캣도 보았어요<br></span><span>젤리캣 너무 귀여워요 ㅠㅠ<br></span><br><!-- } SE3-TEXT --></p>', '<p><!-- SE3-TEXT { --><span style=""color: rgb(240, 44, 140);""><b>푸고 / 베이비무브 / 마더케이 / 리에또</b></span><span><br></span><span></span><!-- } SE3-TEXT --></p>', '<p><!-- SE3-TEXT { --> <span style=""color: rgb(0, 0, 0); background-color: transparent;"">이유식용품들이 한가득!!<br></span><span style=""color: rgb(0, 0, 0); background-color: transparent;"">마더케이 젖병이있는데 그로미미랑 호환이되서 아주 잘사용하고있어요</span><br><br><br><!-- } SE3-TEXT --></p>', '<p><!-- SE3-TEXT { --><span style=""color: rgb(240, 44, 140);""><b>브라운</b></span><span><br></span><span>귀 체온계하면 브라운이죠!!<br></span><span>저도 브라운 체온계로 사용하는중이라<br></span><span>체온계 알아보시는분들은 한번 둘러보셔도 좋았을거같아요^^<br></span><br><!-- } SE3-TEXT --></p>', '<p><!-- SE3-TEXT { -->&nbsp; &nbsp; &nbsp; <span style=""color: rgb(240, 44, 140);""><b>이미숙 산후도우미</b></span><br><span>출산후의 엄마들을위한 산후도우미 부스도있었는데요<br></span><span>바우처 상담까지 같이 받을 수있어서 제가 출산전에 왔었다면<br></span><span>꽤나 도움이 되었을거같아요<br></span><span><br></span><span><br></span><!-- } SE3-TEXT --></p>', '<p><!-- SE3-TEXT { --><span style=""color: rgb(240, 44, 140);""><b>하이 베이비클럽</b></span><br><!-- } SE3-TEXT --></p>', '<p><!-- SE3-TEXT { --><span>귀여운 레깅스와 양말이 많아요<br></span><span>시즌에 맞게 따뜻한 소재로 만들어진거같았어요<br></span><br><!-- } SE3-TEXT --></p>', '<p><!-- SE3-TEXT { --><span style=""color: rgb(240, 44, 140);""><b>감성더하기 &nbsp;</b></span><span><br></span><span>&nbsp; &nbsp; 산모분들을 위한 꽝없는 이벤트가 있는<br></span><span>감성더하기 스튜디오까지<br></span><span>목배게를 주시는거 같더라구요^^</span><br><span><br><br>제2회 프리미엄 서베키 부스들 어떠셨나요?!<br></span><span>정말 필요한 업체들만 쏙쏙쏙!!<br></span><span>알찬업체들만 쏙쏙쏙!! 들어와있는거같았어요 ㅎㅎ<br></span><span>각각의 부스들의 이벤트들도 있어서 너무 좋았던거같아요~</span><span><br></span><br><span><br></span><br><!-- } SE3-TEXT --></p>', '<p><!-- SE3-TEXT { --><span>&nbsp; &nbsp; &nbsp; 서베키에 오신다면 유모차대여가 늘 항상 준비중이니<br>아이가 중간에 잠들어도 걱정하지마세요^^<br></span><span><br></span><span><br></span><span><br></span><span><br></span><span><br></span><span><b>자!!!!! </b></span><span><b>그럼!!!!! </b><br></span><span><b>대망의 서베키 키친팩을 공개해 볼까요?!</b></span><span><br></span><span><br></span><span><br></span><span><br></span><span>두구두구두구두구~~<br></span><span></span><span><br></span><br><!-- } SE3-TEXT --></p>', '<p><!-- SE3-TEXT { -->쨔잔!! 멍가 빵 &nbsp; &nbsp; &nbsp;<br><br><!-- } SE3-TEXT --></p>', '<p><!-- SE3-TEXT { --><span>역시나 이번에도 제일먼저 건네받은 봉투!!<br>코코몽 에코파크에 입장할 수있는 VIP쿠폰 4장과<br></span><span>서베키에서 현금처럼 사용가능한 5천원 상품권 6장<br></span><span>&nbsp;30,000원이 들어있었어요!!</span><span><br></span><!-- } SE3-TEXT --></p>', '<p><!-- SE3-TEXT { --><span><b>먼치킨 </b></span><span>제품이 갖고싶었었는데<br></span><span>아이들이 사용하기좋은 </span><span><b>접시세트랑 컵세트</b></span><span>도 들었었었구요.<br></span><span><b>아토팜 화장품 샘플킷</b><br></span><span><b>앙블랑 화이트 물티슈</b></span><span><br></span><br><!-- } SE3-TEXT --></p>', '<p><!-- SE3-TEXT { --><span><b>루솔의 푸딩세트와 동결건조칩</b><br></span><span>푸딩 너무나 잘먹어서 탐났는데,, 어쩜 이리도 딱! 들어있나모르겠어요 ㅎㅎ<br></span><span><br>알로앙베이비 </span><span><b>바나나빕2개</b></span><span><br></span><span>거기에 평상시 늘 필요하다고 생각했던 아</span><span><b>이조아 햇빛가리개</b></span><span><br></span><span><br></span><span>평소에 너무 잘사용할 수있을거같아요</span><span><br></span><br><!-- } SE3-TEXT --></p>', '<p><!-- SE3-TEXT { --><span>여름에 속싸개로도 블랭킷으로도 사용하기 좋은 </span><span><b>스와들 블랭킷</b></span><span><br></span><span>천</span><span><b>연 모기기피제 스프레이</b></span><span><br>아이들의 사랑을 독차지할 </span><span><b>베베토끼 인형</b></span><span></span><span><br></span><br><!-- } SE3-TEXT --></p>', '<p><!-- SE3-TEXT { --><span>아주 유용하게 잘사용할거같은 클레이 플라워 디퓨저<br></span><span>르주르 센티멘탈 유아 액체세제(무향)<br></span><span>앙뽀 젖병세정제와 유아칫솔<br></span><span><br>이번에도 역시나 알차고 실용적인 제품들이 한가득 들어있었어요 +_+<br></span><span><br></span><span></span><span><br></span><br><!-- } SE3-TEXT --></p>', '<p><!-- SE3-TEXT { --><span>그리고 이것은 제가 개별 구매한것들이에요 ㅎㅎ<br></span><span>보니타베베 베개세트와 유호랑에서 구매한 골지양말 ㅋㅋ<br></span><span>보니타베베는 보면 볼수록 너무 귀여운거같아요<br></span><span></span><span><br></span><span><br></span><span></span><!-- } SE3-TEXT --></p>', '<p><!-- SE3-TEXT { --><span>서베키 서포터즈 키친팩 너무 알차지요?<br></span><span>무엇보다 제가 원하는걸 살 수있는 상품권은 정말 대박이에요!!<br></span><span></span><span><br></span><span></span><!-- } SE3-TEXT --></p>', '<p><!-- SE3-TEXT { --><span>새해 처음 열리는 프리미엄 서베키도 어느덧 오늘로 마무리가됐어요<br></span><span>다녀오고나니 막상 사지못해 아쉬운것들도 있었던지라<br></span><span>전 서베키봄을 기다려봐야될거같아요^^<br></span><span><br></span><span>2018년 3월 29일(목)부터 4월 1일(일)까지 열리는 <br></span><span>서베키 ""봄""<br></span><span>벌써부터 너무나도 기대되는거같아요♡<br></span><span><br></span><span><br></span><span></span><!-- } SE3-TEXT --></p>', '<p><!-- SE3-TEXT { --><span>이번 프리미엄 서베키에서는 방문후기 이벤트도 진행했었는데<br></span><span>다들 잊어버리신건아니죠?! ㅎㅎ</span><span><br></span><span>경품이오는 1.31일을 설레는 마음으로 기다렸다가<br></span><span>하트파이와함께 커피한잔하고 와야겠어요^^<br></span><span><br></span><span></span><!-- } SE3-TEXT --></p>']","['<div class=""se_textarea""><div class=""se_wrapping_slot""><div class=""se_subComponent se_subComponent_image""><a href=""https://blog.naver.com/PostView.nhn?blogId=milkysnow&amp;logNo=221240877211&amp;categoryNo=68&amp;parentCategoryNo=0&amp;viewDate=&amp;currentPage=1&amp;postListTopCurrentPage=1&amp;from=postView&amp;userTopListOpen=true&amp;userTopListCount=5&amp;userTopListManageOpen=false&amp;userTopListCurrentPage=1#"" target=""_blank""><img class=""fx _click(Utility|ThumbView|https%3A%2F%2Fdthumb-phinf.pstatic.net%2F%3Fsrc%3D%2522https%253A%252F%252Fpostfiles.pstatic.net%252FMjAxODA0MDJfMjMy%252FMDAxNTIyNjA4MjA5MTE5.r72b3MRXfXQ2mjHPYo80xJ22O8PX4eYRMF6NA5sSfH8g.8mqkfbYEKuZce71xdljW3Q9ws52Dq_0cm494ziUylQIg.JPEG.milkysnow%252Fimage_8398046611522608017600.jpg%253Ftype%253Dw580%2522%26type%3Dw740)"" src=""https://dthumb-phinf.pstatic.net/?src=%22https%3A%2F%2Fpostfiles.pstatic.net%2FMjAxODA0MDJfMjMy%2FMDAxNTIyNjA4MjA5MTE5.r72b3MRXfXQ2mjHPYo80xJ22O8PX4eYRMF6NA5sSfH8g.8mqkfbYEKuZce71xdljW3Q9ws52Dq_0cm494ziUylQIg.JPEG.milkysnow%2Fimage_8398046611522608017600.jpg%3Ftype%3Dw580%22&amp;type=cafe_wa420"" alt=""본문 이미지"">                                     </a>', '<p><!-- SE3-TEXT { --><span style=""color: rgb(99, 99, 99);"">키친팩 오픈 전에 봉투부터 볼까요?<br></span><br><br><!-- } SE3-TEXT --></p>', '<p><!-- SE3-TEXT { --><span style=""color: rgb(99, 99, 99);"">짜잔~!<br></span><span style=""color: rgb(99, 99, 99);"">키친이 되고 너무 보람되고 좋은게 저 상품권 받는 거에요.<br></span><span style=""color: rgb(99, 99, 99);"">3만원 상품권 필요했던 물건들 살 수 있어서 너무 좋아요!<br></span><span style=""color: rgb(99, 99, 99);"">그리고 vuco cafe 매장에서 이용가능한 아메리카노 무료음료 쿠폰도<br></span><span style=""color: rgb(99, 99, 99);"">들어 있어요.<br></span><span style=""color: rgb(99, 99, 99);""><br></span><!-- } SE3-TEXT --></p>', '<p><!-- SE3-TEXT { --><span style=""color: rgb(99, 99, 99);"">자, 이제 드디어 키친팩 목록을 볼까요?<br></span><span style=""color: rgb(99, 99, 99);"">쭈~욱 나열된 목록만 봐도 정말 알차게 들어 있는 거 같아요.<br></span><span style=""color: rgb(99, 99, 99);"">넘나 감동!</span><span style=""color: rgb(99, 99, 99);""><br></span><!-- } SE3-TEXT --></p>', '<p><!-- SE3-TEXT { --><span style=""color: rgb(99, 99, 99);""><br></span><span style=""color: rgb(99, 99, 99);""><br></span><!-- } SE3-TEXT --></p>', '<blockquote><!-- SE3-TEXT { -->어마어마한 서베키의&lt;br /&gt;키친(서포터즈)팩을 공개합니다!<!-- } SE3-TEXT --></blockquote>', '<p><!-- SE3-TEXT { --><span style=""color: rgb(99, 99, 99);"">봉지가 제법 부피가 커요.<br></span><span style=""color: rgb(99, 99, 99);"">과연 뭐가 들어 있을까요?<br></span><span style=""color: rgb(99, 99, 99);""><br></span><span style=""color: rgb(99, 99, 99);""><br></span><!-- } SE3-TEXT --></p>', '<p><!-- SE3-TEXT { --><span style=""color: rgb(99, 99, 99);"">큰 &nbsp;흰색봉지를 열고 물건들을 펼쳐서 나열하니<br></span><span style=""color: rgb(99, 99, 99);"">이렇게나 많이 들어 있어요!<br></span><span style=""color: rgb(99, 99, 99);""><br></span><span style=""color: rgb(99, 99, 99);""><br></span><!-- } SE3-TEXT --></p>', '<p><!-- SE3-TEXT { --><span style=""color: rgb(243, 112, 76);""><b>마트레이아 </b></span><span style=""color: rgb(168, 104, 169);""><b>라즈베리 리프</b></span><span style=""color: rgb(99, 99, 99);"">와</span><span style=""color: rgb(243, 112, 76);""><b> </b></span><span style=""color: rgb(255, 156, 35);""><b>텀블러</b></span><span style=""color: rgb(99, 99, 99);"">에요.<br></span><span style=""color: rgb(99, 99, 99);"">모유수유하는 엄마들에게도 좋고, 일반여자들에게도<br></span><span style=""color: rgb(99, 99, 99);"">너무 좋은 마트레이아 차<br></span><span style=""color: rgb(99, 99, 99);"">게다가 편하게 마실수 있게 텀블러까지 들어 있는 센스!<br></span><span style=""color: rgb(99, 99, 99);"">감동이에요~~<br></span><span style=""color: rgb(99, 99, 99);""><br></span><!-- } SE3-TEXT --></p>', '<p><!-- SE3-TEXT { --><span style=""color: rgb(48, 180, 120);""><b>베이비타임</b></span><span style=""color: rgb(99, 99, 99);""><br></span><span style=""color: rgb(99, 99, 99);"">치키살브, 플래이풀 워시<br></span><span style=""color: rgb(99, 99, 99);"">바디워시는 용량이 커서 오래 쓸수 있을 것 같아요!<br></span><span style=""color: rgb(99, 99, 99);""><br></span><span style=""color: rgb(99, 99, 99);""><br></span><!-- } SE3-TEXT --></p>', '<p><!-- SE3-TEXT { --><span style=""color: rgb(168, 104, 169);""><b>르주르 유아세제</b></span><span style=""color: rgb(99, 99, 99);""><br></span><span style=""color: rgb(99, 99, 99);"">여기 제품 순해서 잘 쓰고 있는데, 이렇게 선물 받으니 기쁨이 2배에요.<br></span><span style=""color: rgb(99, 99, 99);""><br></span><span style=""color: rgb(99, 99, 99);""><br></span><!-- } SE3-TEXT --></p>', '<p><!-- SE3-TEXT { --><span style=""color: rgb(0, 186, 180);""><b>애플비 요술칠판 도서</b></span><span style=""color: rgb(99, 99, 99);""><br></span><span style=""color: rgb(99, 99, 99);""><br></span><span style=""color: rgb(123, 180, 35);""><b>코스트코 초코칩 쿠키</b></span><span style=""color: rgb(99, 99, 99);""><br></span><span style=""color: rgb(99, 99, 99);"">이 쿠키 정말 너무 맛있어요!<br></span><span style=""color: rgb(99, 99, 99);""><br></span><span style=""color: rgb(99, 99, 99);""><br></span><!-- } SE3-TEXT --></p>', '<p><!-- SE3-TEXT { --><span style=""color: rgb(168, 104, 169);""><b>가족뮤지컬 &lt;프랭키와 친구들&gt;</b></span><span style=""color: rgb(99, 99, 99);""><br></span><span style=""color: rgb(99, 99, 99);"">어린이뮤지컬 티켓까지 들어 있을 줄이야~<br></span><span style=""color: rgb(99, 99, 99);"">너무 좋은데요!<br></span><span style=""color: rgb(99, 99, 99);""><br></span><span style=""color: rgb(99, 99, 99);""><br></span><!-- } SE3-TEXT --></p>', '<p><!-- SE3-TEXT { --><span style=""color: rgb(99, 99, 99);"">그리고 2개중 선택했던 키친 선물<br></span><span style=""color: rgb(252, 175, 89);""><b>해피 미니 운전대 놀이 장난감</b></span><span style=""color: rgb(99, 99, 99);""><br></span><span style=""color: rgb(99, 99, 99);""><br></span><span style=""color: rgb(99, 99, 99);""></span><!-- } SE3-TEXT --></p>', '<p><!-- SE3-TEXT { --><span style=""color: rgb(99, 99, 99);"">벌써부터 좋다고 갖고 놀고 있어요.<br></span><span style=""color: rgb(99, 99, 99);"">노래도 나오고 불빛도 나오고 좋아요.<br></span><span style=""color: rgb(99, 99, 99);""><br></span><span style=""color: rgb(99, 99, 99);""><br></span><span style=""color: rgb(99, 99, 99);""><br></span><span style=""color: rgb(99, 99, 99);""><br></span><!-- } SE3-TEXT --></p>', '<blockquote><!-- SE3-TEXT { -->서베키 구매품과&nbsp;이벤트 선물<!-- } SE3-TEXT --></blockquote>', '<p><!-- SE3-TEXT { --><span style=""color: rgb(99, 99, 99);"">구매품과 이벤트 선물 떼샷이에요!<br></span><span style=""color: rgb(99, 99, 99);""><br></span><span style=""color: rgb(99, 99, 99);""><br></span><span style=""color: rgb(99, 99, 99);""></span><!-- } SE3-TEXT --></p>', '<p><!-- SE3-TEXT { --><span style=""color: rgb(0, 146, 230);""><b>리에또</b></span><span style=""color: rgb(99, 99, 99);"">에서 </span><span style=""color: rgb(99, 99, 99);""><b><u>스탠레스 빨대컵</u></b></span><span style=""color: rgb(99, 99, 99);"">과 </span><span style=""color: rgb(99, 99, 99);""><u><b>옥수수 치발기</b></u></span><span style=""color: rgb(99, 99, 99);"">를 구매했어요.<br></span><span style=""color: rgb(99, 99, 99);"">사은품으로 빨대세척솔과 항균지퍼백도 주셨어요.<br></span><span style=""color: rgb(99, 99, 99);""></span><!-- } SE3-TEXT --></p>', '<p><!-- SE3-TEXT { --><span style=""color: rgb(243, 112, 76);""><b>조아뜨</b></span><span style=""color: rgb(99, 99, 99);"">에서 구매한 </span><span style=""color: rgb(99, 99, 99);""><b><u>바나나빕</u></b></span><span style=""color: rgb(99, 99, 99);"">과 </span><span style=""color: rgb(99, 99, 99);""><b><u>양말들</u></b></span><span style=""color: rgb(99, 99, 99);""><br></span><span style=""color: rgb(99, 99, 99);"">바나나빕은 3천원, 양말은 각각 천원씩이라 엄청 저렴했어요.<br></span><span style=""color: rgb(99, 99, 99);""><br></span><span style=""color: rgb(99, 99, 99);""><br></span><span style=""color: rgb(99, 99, 99);""></span><!-- } SE3-TEXT --></p>', '<p><!-- SE3-TEXT { --><span style=""color: rgb(99, 99, 99);"">LG+에서 나눠주신 분홍색 다용도 행주와<br></span><span style=""color: rgb(99, 99, 99);"">베이비앙에서 팔로우하고 받은 밤부 손수건<br></span><span style=""color: rgb(99, 99, 99);""><br></span><span style=""color: rgb(99, 99, 99);""><br></span><span style=""color: rgb(99, 99, 99);""></span><!-- } SE3-TEXT --></p>', '<p><!-- SE3-TEXT { --><span style=""color: rgb(99, 99, 99);"">앙블랑에서 인스타그램 팔로우하고 받은 기저귀와 물티슈<br></span><span style=""color: rgb(99, 99, 99);""><br></span><span style=""color: rgb(99, 99, 99);""></span><!-- } SE3-TEXT --></p>', '<p><!-- SE3-TEXT { --><span style=""color: rgb(99, 99, 99);"">초대권으로 입장시 나눠주신 미역과 앙블랑 물티슈<br></span><span style=""color: rgb(99, 99, 99);""><br></span><span style=""color: rgb(99, 99, 99);"">&nbsp;</span><!-- } SE3-TEXT --></p>', '<p><!-- SE3-TEXT { --><span style=""color: rgb(99, 99, 99);"">파머스에서 카톡 플러스친구 추가하고 받은 오일과<br></span><span style=""color: rgb(99, 99, 99);""><span style=""color: rgb(99, 99, 99);""><b>덴마크 친환경 무항생제 우유 / 유기농 치즈</b></span>에서 받은 우유<br></span><span style=""color: rgb(99, 99, 99);"">베이비스토리에서 받은 프리메라 샘플<br></span><span style=""color: rgb(99, 99, 99);"">홍이야부탁해에서 받은 어린이 우산<br></span><!-- } SE3-TEXT --></p>', '<p><!-- SE3-TEXT { --><span style=""color: rgb(99, 99, 99);""><br></span><span style=""color: rgb(99, 99, 99);"">이번 구성도 정말 알차요!</span><span style=""color: rgb(99, 99, 99);""><br></span><span style=""color: rgb(99, 99, 99);"">게다가 다 필요한 것들이라 너무 좋아요,</span><span style=""color: rgb(99, 99, 99);""><br></span><span style=""color: rgb(99, 99, 99);"">서베키는 서포터즈팩에서 느껴지듯이</span><span style=""color: rgb(99, 99, 99);""><br></span><span style=""color: rgb(99, 99, 99);"">서포터즈를 정말 잘 챙겨주는 곳 같아요</span><span style=""color: rgb(99, 99, 99);""><br></span><span style=""color: rgb(99, 99, 99);""><br></span><!-- } SE3-TEXT --></p>', '<p><!-- SE3-TEXT { --><span style=""color: rgb(99, 99, 99);"">그럼 우리 5월의 서베키에서 만나요~~</span></p><div class=""autosourcing-stub-extra"" style=""-ms-zoom: 1; opacity: 1;"">']"
